1 22789 14.95655383 0.130881894918 13.65685412 12.0 GAJAC
1 22787 14.93503688 0.130881894918 13.64002884 12.0 GAJAC
1 22788 14.858175699999999 0.130881894918 13.57992687 12.0 GAJAC
1 22791 14.73692211 0.130881894918 13.48511202 12.0 GAJAC
1 17793 14.67664591 0.130881894918 13.43797876 12.0 GAJAC
1 17794 14.54859066 0.130881894918 13.33784533 12.0 GAJAC
1 17792 14.538943 0.130881894918 13.33030129 12.0 GAJAC
1 17795 14.4193124 0.130881894918 13.23675556 12.0 GAJAC
1 12797 14.39396679 0.130881894918 13.21693643 12.0 GAJAC
1 12798 14.29849846 0.130881894918 13.14228451 12.0 GAJAC
1 12807 14.15732153 0.065440947459 13.03189052 12.0 GAJAC
1 12810 14.08815083 0.065440947459 12.97780215 12.0 GAJAC
1 12809 14.104808199999999 0.065440947459 12.99082746 12.0 GAJAC
1 12810 14.08466785 0.065440947459 12.97507862 12.0 GAJAC
1 17800 14.04216071 0.065440947459 12.94183996 12.0 GAJAC
1 17803 14.00259146 0.065440947459 12.91089858 12.0 GAJAC
1 17805 13.94545377 0.065440947459 12.86621949 12.0 GAJAC
1 17806 13.91860339 0.065440947459 12.8452237 12.0 GAJAC
1 17820 13.84161966 0.065440947459 12.7850259 12.0 GAJAC
1 17821 13.77044259 0.0327204737295 12.72936865 12.0 GAJAC
1 17824 13.73799795 0.0327204737295 12.7039984 12.0 GAJAC
1 17822 13.73254957 0.0327204737295 12.69973801 12.0 GAJAC
1 17824 13.71786272 0.0327204737295 12.68825356 12.0 GAJAC
1 17847 13.71865861 0.0327204737295 12.68887591 12.0 GAJAC
1 17848 13.69104561 0.0327204737295 12.66728378 12.0 GAJAC
1 17859 13.65853187 0.01636023686475 12.64185951 12.0 GAJAC
1 17860 13.64552637 0.01636023686475 12.6316898 12.0 GAJAC
1 17883 13.62308793 0.01636023686475 12.61414394 12.0 GAJAC
1 17863 13.62878711 0.01636023686475 12.61860044 12.0 GAJAC
1 17883 13.61550523 0.01636023686475 12.60821461 12.0 GAJAC
1 17864 13.61275928 0.01636023686475 12.60606741 12.0 GAJAC
1 17884 13.61416936 0.01636023686475 12.60717003 12.0 GAJAC
1 12732 7.86517056 0.046083120501 6.17831887 0.0 BUSSAGUET_AVAL
1 17656 7.88342003 0.046083120501 6.29803538 0.0 BUSSAGUET_AVAL
1 17655 7.87586563 0.046083120501 6.2484785 0.0 BUSSAGUET_AVAL
1 17656 7.8859895 0.046083120501 6.31489111 0.0 BUSSAGUET_AVAL
1 17658 7.89967339 0.046083120501 6.40465745 0.0 BUSSAGUET_AVAL
1 17667 7.94098391 0.046083120501 6.67565448 0.0 BUSSAGUET_AVAL
1 17661 7.93488843 0.046083120501 6.63566809 0.0 BUSSAGUET_AVAL
1 17667 7.94638284 0.046083120501 6.71107146 0.0 BUSSAGUET_AVAL
1 17670 7.98412013 0.046083120501 6.95862802 0.0 BUSSAGUET_AVAL
1 17669 7.9767883 0.046083120501 6.91053127 0.0 BUSSAGUET_AVAL
1 26629 22.88671118 0.016417033071199995 21.75671118 3.0 HAILLAN4
1 26601 22.28878519 0.016417033071199995 21.15878519 3.0 HAILLAN4
1 26602 22.00607306 0.016417033071199995 20.87607306 3.0 HAILLAN4
1 26601 21.91517972 0.016417033071199995 20.78517972 3.0 HAILLAN4
1 26599 21.77960563 0.016417033071199995 20.64960563 3.0 HAILLAN4
1 26600 21.70812273 0.016417033071199995 20.57812273 3.0 HAILLAN4
1 26562 21.32561713 0.016417033071199995 20.19561713 3.0 HAILLAN4
1 26565 21.22233584 0.016417033071199995 20.09233584 3.0 HAILLAN4
1 26563 20.82138069 0.016417033071199995 19.69138069 3.0 HAILLAN4
1 26564 20.4452843 0.016417033071199995 19.3152843 3.0 HAILLAN4
1 26516 20.43911553 0.016417033071199995 19.30911553 3.0 HAILLAN4
1 26519 19.87070685 0.016417033071199995 18.74070685 3.0 HAILLAN4
1 26517 19.7379929 0.016417033071199995 18.607992899999996 3.0 HAILLAN4
1 26519 19.74808806 0.016417033071199995 18.61808806 3.0 HAILLAN4
1 26517 19.89639952 0.016417033071199995 18.76639952 3.0 HAILLAN4
1 26457 19.51318879 0.016417033071199995 18.38318879 3.0 HAILLAN4
1 26458 18.88437126 0.016417033071199995 17.75437126 3.0 HAILLAN4
1 26611 21.38634217 0.014711519948999989 20.36195296 14.0 HAILLAN5
1 26573 21.16836997 0.014711519948999989 20.13501071 14.0 HAILLAN5
1 26571 20.80777912 0.014711519948999989 19.75958073 14.0 HAILLAN5
1 26523 20.19754375 0.014711519948999989 19.12423279 14.0 HAILLAN5
1 26520 20.27885751 0.014711519948999989 19.2088928 14.0 HAILLAN5
1 26518 20.03569561 0.014711519948999989 18.95572423 14.0 HAILLAN5
1 26458 19.52641483 0.014711519948999989 18.4254854 14.0 HAILLAN5
1 26550 22.11678048 0.5883621434600003 21.12158962 1.0 HAILLAN2
1 26553 21.98416276 0.5883621434600003 20.98351057 1.0 HAILLAN2
1 26552 21.38851568 0.5883621434600003 20.36333412 1.0 HAILLAN2
1 26554 21.33897367 0.5883621434600003 20.31175192 1.0 HAILLAN2
1 26552 21.32106572 0.5883621434600003 20.2931065 1.0 HAILLAN2
1 26507 20.78356496 0.5883621434600003 19.733470899999997 1.0 HAILLAN2
1 26555 20.94904995 0.5883621434600003 19.90577073 1.0 HAILLAN2
1 26507 20.54693694 0.5883621434600003 19.48709829 1.0 HAILLAN2
1 26508 20.58152902 0.5883621434600003 19.52311491 1.0 HAILLAN2
1 26506 20.21366032 0.5883621434600003 19.14009699 1.0 HAILLAN2
1 26509 19.72282719 0.5883621434600003 18.62905085 1.0 HAILLAN2
1 26449 19.75861114 0.5883621434600003 18.66630841 1.0 HAILLAN2
1 26447 19.09196954 0.5883621434600003 17.97221382 1.0 HAILLAN2
1 26448 19.01145332 0.5883621434600003 17.88838185 1.0 HAILLAN2
1 26380 18.73175203 0.5883621434600003 17.59716218 1.0 HAILLAN2
1 26378 18.18186178 0.5883621434600003 17.02462687 1.0 HAILLAN2
1 26381 17.77349057 0.5883621434600003 16.59943851 1.0 HAILLAN2
1 26289 17.56273471 0.5883621434600003 16.38000351 1.0 HAILLAN2
1 26381 17.62905767 0.5883621434600003 16.44905771 1.0 HAILLAN2
1 26289 17.55355139 0.5883621434600003 16.370442 1.0 HAILLAN2
1 26284 17.03460432 0.29418107173000013 15.83012416 1.0 HAILLAN2
1 26285 16.73998601 0.29418107173000013 15.52337316 1.0 HAILLAN2
1 26287 16.75682994 0.29418107173000013 15.54091074 1.0 HAILLAN2
1 26285 16.82073722 0.29418107173000013 15.60744979 1.0 HAILLAN2
1 26090 16.62425922 0.29418107173000013 15.40288062 1.0 HAILLAN2
1 26088 16.37277527 0.29418107173000013 15.141040300000002 1.0 HAILLAN2
1 26085 16.3530833 0.29418107173000013 15.12053739 1.0 HAILLAN2
1 26067 16.1488413 0.14709053586500007 14.90788449 1.0 HAILLAN2
1 26065 16.05134956 0.14709053586500007 14.80637794 1.0 HAILLAN2
1 26070 15.91018768 0.14709053586500007 14.65940287 1.0 HAILLAN2
1 26076 15.89579703 0.14709053586500007 14.644419599999999 1.0 HAILLAN2
1 26070 15.88217714 0.14709053586500007 14.63023882 1.0 HAILLAN2
1 26068 15.80264787 0.14709053586500007 14.54743445 1.0 HAILLAN2
1 25161 15.64713294 0.07354526793250003 14.38551526 1.0 HAILLAN2
1 26069 15.76121482 0.14709053586500007 14.50429515 1.0 HAILLAN2
1 25160 15.66658993 0.07354526793250003 14.40577351 1.0 HAILLAN2
1 25161 15.661269800000001 0.07354526793250003 14.40023429 1.0 HAILLAN2
1 25159 15.62881329 0.07354526793250003 14.36644119 1.0 HAILLAN2
1 26458 18.83756329 0.007285693916799997 17.70829172 10.0 HAILLAN3
1 26456 19.02189235 0.007285693916799997 17.90026576 10.0 HAILLAN3
1 26388 18.5183999 0.007285693916799997 17.37589114 10.0 HAILLAN3
1 26386 18.11269914 0.007285693916799997 16.95336408 10.0 HAILLAN3
1 26300 17.60098959 0.007285693916799997 16.42043156 10.0 HAILLAN3
1 26299 17.279476199999998 0.007285693916799997 16.08558351 10.0 HAILLAN3
1 26294 17.08673395 0.0036428469583999986 15.88484734 10.0 HAILLAN3
1 26292 16.89926735 0.0036428469583999986 15.68960563 10.0 HAILLAN3
1 26127 16.67020434 0.0036428469583999986 15.45104231 10.0 HAILLAN3
1 26126 16.49044468 0.0036428469583999986 15.26382718 10.0 HAILLAN3
1 26124 16.46215171 0.0036428469583999986 15.23436076 10.0 HAILLAN3
1 26103 16.22989903 0.0018214234791999993 14.99247549 10.0 HAILLAN3
1 26101 16.11278474 0.0018214234791999993 14.87050393 10.0 HAILLAN3
1 26100 16.00000802 0.0018214234791999993 14.75304983 10.0 HAILLAN3
1 26094 16.02390698 0.0018214234791999993 14.77793998 10.0 HAILLAN3
1 26075 15.88952711 0.0018214234791999993 14.63798676 10.0 HAILLAN3
1 26073 15.84796739 0.0018214234791999993 14.59470336 10.0 HAILLAN3
1 26072 15.76057625 0.0018214234791999993 14.50368771 10.0 HAILLAN3
1 25172 15.67871762 0.0009107117395999997 14.41843402 10.0 HAILLAN3
1 25173 15.68268824 0.0009107117395999997 14.42256932 10.0 HAILLAN3
1 25172 15.655053899999999 0.0009107117395999997 14.39378885 10.0 HAILLAN3
1 25159 15.60177052 0.0009107117395999997 14.33829556 10.0 HAILLAN3
1 25170 15.61627925 0.0009107117395999997 14.35340604 10.0 HAILLAN3
1 25159 15.60479082 0.0009107117395999997 14.34144113 10.0 HAILLAN3
1 25159 15.58979983 4.6599665167499984e-05 14.32479983 9.0 HAILLAN1
1 25153 15.53340609 4.6599665167499984e-05 14.26840609 9.0 HAILLAN1
1 25152 15.51752083 4.6599665167499984e-05 14.25252083 9.0 HAILLAN1
1 25150 15.47022859 4.6599665167499984e-05 14.20522859 9.0 HAILLAN1
1 25128 15.28813542 4.6599665167499984e-05 14.02313542 9.0 HAILLAN1
1 25123 15.15030307 4.6599665167499984e-05 13.88530307 9.0 HAILLAN1
1 25125 15.27180623 4.6599665167499984e-05 14.00680623 9.0 HAILLAN1
1 25123 15.19507479 4.6599665167499984e-05 13.93007479 9.0 HAILLAN1
1 25116 15.02821336 4.6599665167499984e-05 13.76321336 9.0 HAILLAN1
1 25122 15.04525728 4.6599665167499984e-05 13.78025728 9.0 HAILLAN1
1 25116 15.07995104 4.6599665167499984e-05 13.81495104 9.0 HAILLAN1
1 25114 14.91402115 4.6599665167499984e-05 13.64902115 9.0 HAILLAN1
1 25071 14.89924014 4.6599665167499984e-05 13.63424014 9.0 HAILLAN1
1 24817 14.83317485 4.6599665167499984e-05 13.56817485 9.0 HAILLAN1
1 24811 14.65099244 2.3299832583749992e-05 13.38599244 9.0 HAILLAN1
1 24816 14.68283387 4.6599665167499984e-05 13.41783387 9.0 HAILLAN1
1 24811 14.65911871 2.3299832583749992e-05 13.39411871 9.0 HAILLAN1
1 24809 14.6051511 2.3299832583749992e-05 13.3401511 9.0 HAILLAN1
1 24792 14.53438482 2.3299832583749992e-05 13.26938482 9.0 HAILLAN1
1 24808 14.5648042 2.3299832583749992e-05 13.299804199999999 9.0 HAILLAN1
1 24792 14.55317848 2.3299832583749992e-05 13.28817848 9.0 HAILLAN1
1 24790 14.50633139 2.3299832583749992e-05 13.24133139 9.0 HAILLAN1
1 24784 14.45224219 2.3299832583749992e-05 13.18724219 9.0 HAILLAN1
1 24782 14.39948023 2.3299832583749992e-05 13.13448023 9.0 HAILLAN1
1 24697 14.32549066 2.3299832583749992e-05 13.06049066 9.0 HAILLAN1
1 24708 14.32397587 2.3299832583749992e-05 13.05897587 9.0 HAILLAN1
1 24697 14.31277676 2.3299832583749992e-05 13.04777676 9.0 HAILLAN1
1 24695 14.29388624 2.3299832583749992e-05 13.02888624 9.0 HAILLAN1
1 24689 14.24666819 2.3299832583749992e-05 12.98166819 9.0 HAILLAN1
1 24686 14.16368058 2.3299832583749992e-05 12.89868058 9.0 HAILLAN1
1 24688 14.15451561 2.3299832583749992e-05 12.88951561 9.0 HAILLAN1
1 24686 14.150960500000002 2.3299832583749992e-05 12.8859605 9.0 HAILLAN1
1 24659 14.03670234 2.3299832583749992e-05 12.77170234 9.0 HAILLAN1
1 24664 14.11802472 2.3299832583749992e-05 12.85302472 9.0 HAILLAN1
1 24662 14.03624069 2.3299832583749992e-05 12.77124069 9.0 HAILLAN1
1 24659 14.0405975 2.3299832583749992e-05 12.7755975 9.0 HAILLAN1
1 24653 14.00723099 2.3299832583749992e-05 12.74223099 9.0 HAILLAN1
1 24651 13.95385281 2.3299832583749992e-05 12.68885281 9.0 HAILLAN1
1 21494 13.90427499 2.3299832583749992e-05 12.63927499 9.0 HAILLAN1
1 21495 13.81984885 2.3299832583749992e-05 12.55484885 9.0 HAILLAN1
1 21492 13.82516605 2.3299832583749992e-05 12.56016605 9.0 HAILLAN1
1 21495 13.80043279 2.3299832583749992e-05 12.53543279 9.0 HAILLAN1
1 21489 13.78722014 2.3299832583749992e-05 12.52222014 9.0 HAILLAN1
1 21488 13.69187311 2.3299832583749992e-05 12.42687311 9.0 HAILLAN1
1 21487 13.71027725 2.3299832583749992e-05 12.44527725 9.0 HAILLAN1
1 21488 13.69667715 2.3299832583749992e-05 12.43167715 9.0 HAILLAN1
1 21466 13.68012373 2.3299832583749992e-05 12.41512373 9.0 HAILLAN1
1 21477 13.61012618 2.3299832583749992e-05 12.34512618 9.0 HAILLAN1
1 21476 13.539444400000002 2.3299832583749992e-05 12.2744444 9.0 HAILLAN1
1 21475 13.56496288 2.3299832583749992e-05 12.29996288 9.0 HAILLAN1
1 21476 13.4950251 2.3299832583749992e-05 12.230025099999999 9.0 HAILLAN1
1 21470 13.48588692 2.3299832583749992e-05 12.22088692 9.0 HAILLAN1
1 21473 13.47355018 2.3299832583749992e-05 12.20855018 9.0 HAILLAN1
1 21471 13.43431412 2.3299832583749992e-05 12.16931412 9.0 HAILLAN1
1 21386 13.33068626 2.3299832583749992e-05 12.06568626 9.0 HAILLAN1
1 21472 13.36584166 2.3299832583749992e-05 12.10084166 9.0 HAILLAN1
1 21386 13.34466763 2.3299832583749992e-05 12.07966763 9.0 HAILLAN1
1 21557 13.33091502 2.3299832583749992e-05 12.06591502 9.0 HAILLAN1
1 21555 13.26793701 2.3299832583749992e-05 12.00293701 9.0 HAILLAN1
1 21549 13.21088831 2.3299832583749992e-05 11.94588831 9.0 HAILLAN1
1 21550 13.15967617 2.3299832583749992e-05 11.89467617 9.0 HAILLAN1
1 21548 13.12435589 2.3299832583749992e-05 11.85935589 9.0 HAILLAN1
1 21529 13.03002078 2.3299832583749992e-05 11.76502078 9.0 HAILLAN1
1 21526 13.03925582 2.3299832583749992e-05 11.77425582 9.0 HAILLAN1
1 21529 13.052408699999999 2.3299832583749992e-05 11.7874087 9.0 HAILLAN1
1 21527 13.00655705 2.3299832583749992e-05 11.74155705 9.0 HAILLAN1
1 21519 12.88743097 2.3299832583749992e-05 11.62243097 9.0 HAILLAN1
1 21521 12.95430414 2.3299832583749992e-05 11.68930414 9.0 HAILLAN1
1 21519 12.87155148 2.3299832583749992e-05 11.60655148 9.0 HAILLAN1
1 21169 12.72260781 2.3299832583749992e-05 11.45760781 9.0 HAILLAN1
1 21177 12.851255400000001 2.3299832583749992e-05 11.5862554 9.0 HAILLAN1
1 21175 12.79970939 2.3299832583749992e-05 11.53470939 9.0 HAILLAN1
1 21169 12.74758632 2.3299832583749992e-05 11.48258632 9.0 HAILLAN1
1 21145 12.62483712 2.3299832583749992e-05 11.35983712 9.0 HAILLAN1
1 21167 12.69659058 2.3299832583749992e-05 11.43159058 9.0 HAILLAN1
1 21145 12.62788936 2.3299832583749992e-05 11.36288936 9.0 HAILLAN1
1 21137 12.51761499 2.3299832583749992e-05 11.25261499 9.0 HAILLAN1
1 21143 12.59335224 2.3299832583749992e-05 11.32835224 9.0 HAILLAN1
1 21137 12.53682495 2.3299832583749992e-05 11.27182495 9.0 HAILLAN1
1 21049 12.4308909 2.3299832583749992e-05 11.1658909 9.0 HAILLAN1
1 21135 12.4901716 2.3299832583749992e-05 11.2251716 9.0 HAILLAN1
1 21049 12.38492384 2.3299832583749992e-05 11.11992384 9.0 HAILLAN1
1 21047 12.38922913 2.3299832583749992e-05 11.12422913 9.0 HAILLAN1
1 21042 12.32307316 2.3299832583749992e-05 11.05807316 9.0 HAILLAN1
1 21041 12.30330881 2.3299832583749992e-05 11.03830881 9.0 HAILLAN1
1 21042 12.24858278 2.3299832583749992e-05 10.98358278 9.0 HAILLAN1
1 21029 12.18506687 2.3299832583749992e-05 10.92006687 9.0 HAILLAN1
1 21040 12.24925052 2.3299832583749992e-05 10.98425052 9.0 HAILLAN1
1 21051 12.21411573 2.3299832583749992e-05 10.94911573 9.0 HAILLAN1
1 21029 12.18400961 2.3299832583749992e-05 10.91900961 9.0 HAILLAN1
1 21022 12.05999499 2.3299832583749992e-05 10.79499499 9.0 HAILLAN1
1 21027 12.150447300000002 2.3299832583749992e-05 10.885447300000001 9.0 HAILLAN1
1 21021 12.07846095 2.3299832583749992e-05 10.81346095 9.0 HAILLAN1
1 21022 12.03456719 2.3299832583749992e-05 10.76956719 9.0 HAILLAN1
1 16702 11.98099116 2.3299832583749992e-05 10.71599116 9.0 HAILLAN1
1 21020 12.04145483 2.3299832583749992e-05 10.77645483 9.0 HAILLAN1
1 16702 11.92506361 2.3299832583749992e-05 10.66006361 9.0 HAILLAN1
1 16698 11.84276847 2.3299832583749992e-05 10.57776847 9.0 HAILLAN1
1 16705 11.90416162 2.3299832583749992e-05 10.63916162 9.0 HAILLAN1
1 16697 11.83557375 2.3299832583749992e-05 10.57057375 9.0 HAILLAN1
1 16703 11.93696138 2.3299832583749992e-05 10.67196138 9.0 HAILLAN1
1 16698 11.8078748 2.3299832583749992e-05 10.5428748 9.0 HAILLAN1
1 16696 11.79209217 2.3299832583749992e-05 10.52709217 9.0 HAILLAN1
1 16715 11.6671996 2.3299832583749992e-05 10.4021996 9.0 HAILLAN1
1 16739 11.72662043 2.3299832583749992e-05 10.46162043 9.0 HAILLAN1
1 16717 11.73970736 2.3299832583749992e-05 10.47470736 9.0 HAILLAN1
1 16715 11.66241205 2.3299832583749992e-05 10.39741205 9.0 HAILLAN1
1 16710 11.59365518 2.3299832583749992e-05 10.32865518 9.0 HAILLAN1
1 16709 11.61462312 2.3299832583749992e-05 10.34962312 9.0 HAILLAN1
1 16710 11.54977791 2.3299832583749992e-05 10.28477791 9.0 HAILLAN1
1 16625 11.49362777 2.3299832583749992e-05 10.22862777 9.0 HAILLAN1
1 16708 11.57159289 2.3299832583749992e-05 10.30659289 9.0 HAILLAN1
1 16711 11.49737867 2.3299832583749992e-05 10.23237867 9.0 HAILLAN1
1 16625 11.45368482 2.3299832583749992e-05 10.18868482 9.0 HAILLAN1
1 16635 11.35065875 2.3299832583749992e-05 10.08565875 9.0 HAILLAN1
1 16626 11.42136938 2.3299832583749992e-05 10.15636938 9.0 HAILLAN1
1 16624 11.43185953 2.3299832583749992e-05 10.16685953 9.0 HAILLAN1
1 16635 11.34313634 2.3299832583749992e-05 10.07813634 9.0 HAILLAN1
1 16628 11.25645347 2.3299832583749992e-05 9.99145347 9.0 HAILLAN1
1 16629 11.34964889 2.3299832583749992e-05 10.08464889 9.0 HAILLAN1
1 16630 11.29392125 2.3299832583749992e-05 10.02892125 9.0 HAILLAN1
1 16628 11.24433518 2.3299832583749992e-05 9.97933518 9.0 HAILLAN1
1 16609 11.19847941 2.3299832583749992e-05 9.93347941 9.0 HAILLAN1
1 16631 11.19648031 2.3299832583749992e-05 9.93148031 9.0 HAILLAN1
1 16609 11.17341846 2.3299832583749992e-05 9.90841846 9.0 HAILLAN1
1 16607 11.1598163 2.3299832583749992e-05 9.8948163 9.0 HAILLAN1
1 16602 11.07162895 2.3299832583749992e-05 9.80662895 9.0 HAILLAN1
1 16601 11.07443182 2.3299832583749992e-05 9.80943182 9.0 HAILLAN1
1 16602 11.0768225 2.3299832583749992e-05 9.8118225 9.0 HAILLAN1
1 16600 11.04164237 2.3299832583749992e-05 9.77664237 9.0 HAILLAN1
1 16941 10.95728836 2.3299832583749992e-05 9.69228836 9.0 HAILLAN1
1 16258 10.95817456 2.3299832583749992e-05 9.69317456 9.0 HAILLAN1
1 16941 10.95757689 2.3299832583749992e-05 9.69257689 9.0 HAILLAN1
1 16939 10.92728116 2.3299832583749992e-05 9.66228116 9.0 HAILLAN1
1 16932 10.79445399 2.3299832583749992e-05 9.52945399 9.0 HAILLAN1
1 16933 10.86030082 2.3299832583749992e-05 9.59530082 9.0 HAILLAN1
1 16934 10.82324524 2.3299832583749992e-05 9.55824524 9.0 HAILLAN1
1 16932 10.804408300000002 2.3299832583749992e-05 9.539408300000002 9.0 HAILLAN1
1 16913 10.73021469 2.3299832583749992e-05 9.46521469 9.0 HAILLAN1
1 16910 10.73720126 2.3299832583749992e-05 9.47220126 9.0 HAILLAN1
1 16913 10.687615199999998 2.3299832583749992e-05 9.4226152 9.0 HAILLAN1
1 16912 10.65074509 2.3299832583749992e-05 9.38574509 9.0 HAILLAN1
1 16911 10.65299151 2.3299832583749992e-05 9.38799151 9.0 HAILLAN1
1 16912 10.65080692 2.3299832583749992e-05 9.38580692 9.0 HAILLAN1
1 16906 10.58704164 2.3299832583749992e-05 9.32204164 9.0 HAILLAN1
1 16917 10.58642336 2.3299832583749992e-05 9.32142336 9.0 HAILLAN1
1 16915 10.53178801 2.3299832583749992e-05 9.26678801 9.0 HAILLAN1
1 16916 10.51074588 2.3299832583749992e-05 9.24574588 9.0 HAILLAN1
1 16919 10.45920193 2.3299832583749992e-05 9.19420193 9.0 HAILLAN1
1 16920 10.40763737 2.3299832583749992e-05 9.14263737 9.0 HAILLAN1
1 16963 10.34591241 2.3299832583749992e-05 9.08091241 9.0 HAILLAN1
1 16878 10.28732007 2.3299832583749992e-05 9.02232007 9.0 HAILLAN1
1 16877 10.29152437 2.3299832583749992e-05 9.02652437 9.0 HAILLAN1
1 16878 10.25727166 2.3299832583749992e-05 8.99227166 9.0 HAILLAN1
1 16881 10.23136572 2.3299832583749992e-05 8.96636572 9.0 HAILLAN1
1 16879 10.18590153 2.3299832583749992e-05 8.92090153 9.0 HAILLAN1
1 16880 10.1836345 2.3299832583749992e-05 8.9186345 9.0 HAILLAN1
1 16891 10.12378499 2.3299832583749992e-05 8.85878499 9.0 HAILLAN1
1 16892 10.06989157 2.3299832583749992e-05 8.80489157 9.0 HAILLAN1
1 16889 9.98572305 2.3299832583749992e-05 8.72072305 9.0 HAILLAN1
1 16895 10.00054116 2.3299832583749992e-05 8.73554116 9.0 HAILLAN1
1 16889 9.96564955 2.3299832583749992e-05 8.70064955 9.0 HAILLAN1
1 16888 9.90784037 2.3299832583749992e-05 8.64284037 9.0 HAILLAN1
1 16890 9.93096404 2.3299832583749992e-05 8.66596404 9.0 HAILLAN1
1 16888 9.91433231 2.3299832583749992e-05 8.64933231 9.0 HAILLAN1
1 17059 9.86334481 2.3299832583749992e-05 8.59834481 9.0 HAILLAN1
1 17037 9.85332867 2.3299832583749992e-05 8.58832867 9.0 HAILLAN1
1 17035 9.79537522 2.3299832583749992e-05 8.53037522 9.0 HAILLAN1
1 17030 9.72779721 2.3299832583749992e-05 8.46279721 9.0 HAILLAN1
1 17036 9.72835366 2.3299832583749992e-05 8.46335366 9.0 HAILLAN1
1 17030 9.70131421 2.3299832583749992e-05 8.43631421 9.0 HAILLAN1
1 17031 9.64049606 2.3299832583749992e-05 8.37549606 9.0 HAILLAN1
1 17033 9.66005432 2.3299832583749992e-05 8.39505432 9.0 HAILLAN1
1 17031 9.60212148 2.3299832583749992e-05 8.33712148 9.0 HAILLAN1
1 17032 9.61844407 2.3299832583749992e-05 8.35344407 9.0 HAILLAN1
1 17045 9.52463038 2.3299832583749992e-05 8.25963038 9.0 HAILLAN1
1 17043 9.54791893 2.3299832583749992e-05 8.28291893 9.0 HAILLAN1
1 17045 9.52306407 2.3299832583749992e-05 8.25806407 9.0 HAILLAN1
1 17046 9.49013035 2.3299832583749992e-05 8.22513035 9.0 HAILLAN1
1 17055 9.41715269 2.3299832583749992e-05 8.15215269 9.0 HAILLAN1
1 17052 9.4542701 2.3299832583749992e-05 8.1892701 9.0 HAILLAN1
1 17055 9.40884713 2.3299832583749992e-05 8.14384713 9.0 HAILLAN1
1 17056 9.37865445 2.3299832583749992e-05 8.11365445 9.0 HAILLAN1
1 17093 9.35515981 4.6599665167499984e-05 8.09015981 9.0 HAILLAN1
1 17094 9.20207366 4.6599665167499984e-05 7.93707366 9.0 HAILLAN1
1 17092 9.21924124 4.6599665167499984e-05 7.95424124 9.0 HAILLAN1
1 17095 9.03979575 4.6599665167499984e-05 7.77479575 9.0 HAILLAN1
1 12600 9.04014611 4.6599665167499984e-05 7.77514611 9.0 HAILLAN1
1 12259 9.38614209 0.01054287504425 7.83008306 18.0 BUSSAGUET_AMONT
1 12257 9.36985966 0.01054287504425 7.82889888 18.0 BUSSAGUET_AMONT
1 12253 9.38318019 0.01054287504425 7.82986765 18.0 BUSSAGUET_AMONT
1 12256 9.38784755 0.01054287504425 7.83020709 18.0 BUSSAGUET_AMONT
1 12257 9.37482009 0.01054287504425 7.82925964 18.0 BUSSAGUET_AMONT
1 12269 9.34876166 0.01054287504425 7.82736448 18.0 BUSSAGUET_AMONT
1 12268 9.3639208 0.01054287504425 7.82846697 18.0 BUSSAGUET_AMONT
1 12269 9.3462215 0.01054287504425 7.82717975 18.0 BUSSAGUET_AMONT
1 12271 9.32804615 0.01054287504425 7.8258579 18.0 BUSSAGUET_AMONT
1 12267 9.33592875 0.01054287504425 7.82643118 18.0 BUSSAGUET_AMONT
1 12270 9.34103295 0.01054287504425 7.8268024 18.0 BUSSAGUET_AMONT
1 12271 9.31731117 0.01054287504425 7.82507718 18.0 BUSSAGUET_AMONT
1 12446 9.29390683 0.01054287504425 7.82337504 18.0 BUSSAGUET_AMONT
1 12442 9.31824388 0.01054287504425 7.82514501 18.0 BUSSAGUET_AMONT
1 12443 9.30682066 0.01054287504425 7.82431423 18.0 BUSSAGUET_AMONT
1 12446 9.28271495 0.01054287504425 7.82256109 18.0 BUSSAGUET_AMONT
1 12164 9.26358379 0.01054287504425 7.82116973 18.0 BUSSAGUET_AMONT
1 12447 9.28394226 0.01054287504425 7.82265035 18.0 BUSSAGUET_AMONT
1 12458 9.26929864 0.01054287504425 7.82158536 18.0 BUSSAGUET_AMONT
1 12164 9.26238571 0.01054287504425 7.8210826 18.0 BUSSAGUET_AMONT
1 12168 9.2475263 0.01054287504425 7.82000191 18.0 BUSSAGUET_AMONT
1 12165 9.26139847 0.01054287504425 7.821010799999999 18.0 BUSSAGUET_AMONT
1 12168 9.23931908 0.01054287504425 7.81940502 18.0 BUSSAGUET_AMONT
1 12180 9.22157392 0.0210857500885 7.81811447 18.0 BUSSAGUET_AMONT
1 12169 9.23824102 0.01054287504425 7.81932662 18.0 BUSSAGUET_AMONT
1 12180 9.22930146 0.0210857500885 7.81867647 18.0 BUSSAGUET_AMONT
1 12181 9.2093993 0.0210857500885 7.81722904 18.0 BUSSAGUET_AMONT
1 12185 9.15776383 0.0210857500885 7.81347373 18.0 BUSSAGUET_AMONT
1 12184 9.18687035 0.0210857500885 7.81559057 18.0 BUSSAGUET_AMONT
1 12185 9.15016532 0.0210857500885 7.81292111 18.0 BUSSAGUET_AMONT
1 12638 9.14188796 0.0210857500885 7.81231912 18.0 BUSSAGUET_AMONT
1 12642 9.0894235 0.0210857500885 7.80850353 18.0 BUSSAGUET_AMONT
1 12639 9.11953883 0.0210857500885 7.81069373 18.0 BUSSAGUET_AMONT
1 12642 9.08018542 0.0210857500885 7.80783167 18.0 BUSSAGUET_AMONT
1 12675 9.06964677 0.0210857500885 7.80706522 18.0 BUSSAGUET_AMONT
1 12674 9.06468179 0.0210857500885 7.80670413 18.0 BUSSAGUET_AMONT
1 12675 9.04606673 0.0210857500885 7.80535031 18.0 BUSSAGUET_AMONT
1 12689 9.00956086 0.0210857500885 7.80269534 18.0 BUSSAGUET_AMONT
1 12686 9.04539059 0.0210857500885 7.80530113 18.0 BUSSAGUET_AMONT
1 12688 9.0201665 0.0210857500885 7.80346665 18.0 BUSSAGUET_AMONT
1 12689 9.01922377 0.0210857500885 7.80339809 18.0 BUSSAGUET_AMONT
1 12695 8.98646006 0.042171500177 7.80101528 18.0 BUSSAGUET_AMONT
1 12692 8.98114128 0.0210857500885 7.80062846 18.0 BUSSAGUET_AMONT
1 12695 8.98515003 0.042171500177 7.80092 18.0 BUSSAGUET_AMONT
1 12716 8.93087428 0.042171500177 7.79697267 18.0 BUSSAGUET_AMONT
1 12732 8.87060854 0.042171500177 7.79258971 18.0 BUSSAGUET_AMONT
1 12730 8.92277855 0.042171500177 7.79638389 18.0 BUSSAGUET_AMONT
1 12732 8.87915069 0.042171500177 7.79321096 18.0 BUSSAGUET_AMONT
1 12768 5.47310961 0.20285480506000006 4.38709519 13.0 NOIR_AMONT
1 12769 5.40437474 0.20285480506000006 4.35983826 13.0 NOIR_AMONT
1 12772 5.28065344 0.20285480506000006 4.31077636 13.0 NOIR_AMONT
1 17772 5.11102059 0.20285480506000006 4.24350816 13.0 NOIR_AMONT
1 17771 5.11106721 0.20285480506000006 4.24352665 13.0 NOIR_AMONT
1 17772 5.12003372 0.20285480506000006 4.24708234 13.0 NOIR_AMONT
1 17775 5.0288458 0.20285480506000006 4.21092161 13.0 NOIR_AMONT
1 14991 9.68544141 0.0009695742213374999 8.13022445 16.0 THIL_AVAL
1 15028 9.66203861 0.0009695742213374999 8.11832472 16.0 THIL_AVAL
1 14992 9.687788099999999 0.0009695742213374999 8.13141768 16.0 THIL_AVAL
1 15006 9.66300015 0.0009695742213374999 8.11881363 16.0 THIL_AVAL
1 14994 9.67875024 0.0009695742213374999 8.12682216 16.0 THIL_AVAL
1 15005 9.67847137 0.0009695742213374999 8.12668036 16.0 THIL_AVAL
1 15028 9.65246856 0.0009695742213374999 8.11345859 16.0 THIL_AVAL
1 15034 9.63939595 0.0009695742213374999 8.106811500000001 16.0 THIL_AVAL
1 15031 9.65513964 0.0009695742213374999 8.11481677 16.0 THIL_AVAL
1 15033 9.641195300000001 0.0009695742213374999 8.10772642 16.0 THIL_AVAL
1 15034 9.64248409 0.0009695742213374999 8.10838174 16.0 THIL_AVAL
1 15078 9.62301034 0.0009695742213374999 8.09847983 16.0 THIL_AVAL
1 15077 9.63397668 0.0009695742213374999 8.10405594 16.0 THIL_AVAL
1 15078 9.61370071 0.0009695742213374999 8.09374612 16.0 THIL_AVAL
1 15091 9.59125997 0.0009695742213374999 8.08233558 16.0 THIL_AVAL
1 15081 9.61466156 0.0009695742213374999 8.09423469 16.0 THIL_AVAL
1 15093 9.59053794 0.0009695742213374999 8.08196844 16.0 THIL_AVAL
1 15082 9.60487414 0.0009695742213374999 8.08925804 16.0 THIL_AVAL
1 15091 9.58875627 0.0009695742213374999 8.08106251 16.0 THIL_AVAL
1 15779 9.55605979 0.0009695742213374999 8.06443718 16.0 THIL_AVAL
1 15092 9.58530343 0.0009695742213374999 8.07930683 16.0 THIL_AVAL
1 15096 9.56587468 0.0009695742213374999 8.0694278 16.0 THIL_AVAL
1 15095 9.57558982 0.0009695742213374999 8.07436771 16.0 THIL_AVAL
1 15779 9.54190045 0.0009695742213374999 8.05723752 16.0 THIL_AVAL
1 15762 9.52458599 0.0009695742213374999 8.04843355 16.0 THIL_AVAL
1 15780 9.5438375 0.0009695742213374999 8.05822246 16.0 THIL_AVAL
1 15761 9.53635404 0.0009695742213374999 8.05441731 16.0 THIL_AVAL
1 15758 9.54000139 0.0009695742213374999 8.05627189 16.0 THIL_AVAL
1 15762 9.5129691 0.0009695742213374999 8.04252666 16.0 THIL_AVAL
1 15767 9.4800501 0.0009695742213374999 8.02578818 16.0 THIL_AVAL
1 15760 9.51424665 0.0009695742213374999 8.04317626 16.0 THIL_AVAL
1 15769 9.48980015 0.0009695742213374999 8.03074584 16.0 THIL_AVAL
1 15771 9.51579774 0.0009695742213374999 8.04396495 16.0 THIL_AVAL
1 15766 9.50111972 0.0009695742213374999 8.03650155 16.0 THIL_AVAL
1 15772 9.499139699999999 0.0009695742213374999 8.03549476 16.0 THIL_AVAL
1 15767 9.48099464 0.0009695742213374999 8.02626846 16.0 THIL_AVAL
1 11492 9.46665346 0.0009695742213374999 8.01897633 16.0 THIL_AVAL
1 15768 9.47918267 0.0009695742213374999 8.02534712 16.0 THIL_AVAL
1 11449 9.46619576 0.0009695742213374999 8.01874361 16.0 THIL_AVAL
1 11492 9.45299287 0.0009695742213374999 8.01203027 16.0 THIL_AVAL
1 11488 9.43958126 0.0009695742213374999 8.00521081 16.0 THIL_AVAL
1 11490 9.45067179 0.0009695742213374999 8.01085006 16.0 THIL_AVAL
1 11485 9.437274 0.0009695742213374999 8.00403763 16.0 THIL_AVAL
1 11491 9.45512288 0.0009695742213374999 8.01311333 16.0 THIL_AVAL
1 11488 9.42878998 0.0009695742213374999 7.99972372 16.0 THIL_AVAL
1 11498 9.41539066 0.0009695742213374999 7.9929105 16.0 THIL_AVAL
1 11489 9.4233625 0.0009695742213374999 7.99696398 16.0 THIL_AVAL
1 11487 9.42610252 0.0009695742213374999 7.99835721 16.0 THIL_AVAL
1 11498 9.4060864 0.0009695742213374999 7.98817953 16.0 THIL_AVAL
1 11478 9.38537051 0.0009695742213374999 7.97764602 16.0 THIL_AVAL
1 11476 9.402013199999999 0.0009695742213374999 7.98610841 16.0 THIL_AVAL
1 11480 9.3918795 0.0009695742213374999 7.98095568 16.0 THIL_AVAL
1 11477 9.40642862 0.0009695742213374999 7.98835353 16.0 THIL_AVAL
1 11478 9.38330916 0.0009695742213374999 7.97659788 16.0 THIL_AVAL
1 11644 9.36579443 0.0009695742213374999 7.96769208 16.0 THIL_AVAL
1 11479 9.38109781 0.0009695742213374999 7.97547346 16.0 THIL_AVAL
1 11473 9.37235406 0.0009695742213374999 7.97102749 16.0 THIL_AVAL
1 11644 9.3622898 0.0009695742213374999 7.96591007 16.0 THIL_AVAL
1 11558 9.33189406 0.0009695742213374999 7.9504546000000005 16.0 THIL_AVAL
1 11642 9.36084651 0.0009695742213374999 7.96517619 16.0 THIL_AVAL
1 11555 9.33497629 0.0009695742213374999 7.95202184 16.0 THIL_AVAL
1 11643 9.3491456 0.0009695742213374999 7.95922658 16.0 THIL_AVAL
1 11557 9.35072547 0.0009695742213374999 7.9600299 16.0 THIL_AVAL
1 11558 9.33050371 0.0009695742213374999 7.94974765 16.0 THIL_AVAL
1 11553 9.31749456 0.0009695742213374999 7.94313283 16.0 THIL_AVAL
1 11552 9.32434269 0.0009695742213374999 7.94661493 16.0 THIL_AVAL
1 11553 9.31258615 0.0009695742213374999 7.94063703 16.0 THIL_AVAL
1 11562 9.30327614 0.0009695742213374999 7.93590312 16.0 THIL_AVAL
1 11551 9.31130438 0.0009695742213374999 7.93998528 16.0 THIL_AVAL
1 11562 9.30381095 0.0009695742213374999 7.93617506 16.0 THIL_AVAL
1 11563 9.29662942 0.0009695742213374999 7.93252344 16.0 THIL_AVAL
1 11545 9.27399183 0.0009695742213374999 7.92101279 16.0 THIL_AVAL
1 11566 9.28496189 0.0009695742213374999 7.92659079 16.0 THIL_AVAL
1 11544 9.27800365 0.0009695742213374999 7.9230527 16.0 THIL_AVAL
1 11545 9.27229303 0.0009695742213374999 7.920149 16.0 THIL_AVAL
1 11610 9.25783023 0.0009695742213374999 7.91279503 16.0 THIL_AVAL
1 11588 9.26554771 0.0009695742213374999 7.91671918 16.0 THIL_AVAL
1 11610 9.25699464 0.0009695742213374999 7.91237016 16.0 THIL_AVAL
1 11614 9.2467493 0.0009695742213374999 7.90716066 16.0 THIL_AVAL
1 11611 9.25793573 0.0009695742213374999 7.91284868 16.0 THIL_AVAL
1 11614 9.23858103 0.0009695742213374999 7.9030073000000005 16.0 THIL_AVAL
1 11604 9.22735776 0.0009695742213374999 7.89730055 16.0 THIL_AVAL
1 11615 9.23739133 0.0009695742213374999 7.90240237 16.0 THIL_AVAL
1 11593 9.22807211 0.0009695742213374999 7.89766379 16.0 THIL_AVAL
1 11604 9.21931647 0.0009695742213374999 7.89321177 16.0 THIL_AVAL
1 11609 9.1959323 0.0009695742213374999 7.88132151 16.0 THIL_AVAL
1 11605 9.21927773 0.0009695742213374999 7.89319206 16.0 THIL_AVAL
1 11608 9.20954647 0.0009695742213374999 7.88824397 16.0 THIL_AVAL
1 11609 9.1968285 0.0009695742213374999 7.88177721 16.0 THIL_AVAL
1 12200 9.16922074 0.0009695742213374999 7.86773936 16.0 THIL_AVAL
1 12196 9.19011925 0.0009695742213374999 7.87836572 16.0 THIL_AVAL
1 12197 9.180502699999998 0.0009695742213374999 7.87347595 16.0 THIL_AVAL
1 12200 9.16147371 0.0009695742213374999 7.86380019 16.0 THIL_AVAL
1 12214 9.12792246 0.0009695742213374999 7.84674023 16.0 THIL_AVAL
1 12201 9.15978451 0.0009695742213374999 7.86294127 16.0 THIL_AVAL
1 12211 9.14186388 0.0009695742213374999 7.85382909 16.0 THIL_AVAL
1 12199 9.15121801 0.0009695742213374999 7.85858543 16.0 THIL_AVAL
1 12210 9.15157403 0.0009695742213374999 7.85876646 16.0 THIL_AVAL
1 12214 9.13023701 0.0009695742213374999 7.84791712 16.0 THIL_AVAL
1 12259 9.10003463 0.0009695742213374999 7.83255998 16.0 THIL_AVAL
1 12215 9.122482699999999 0.0009695742213374999 7.84397425 16.0 THIL_AVAL
1 12258 9.11287497 0.0009695742213374999 7.83908897 16.0 THIL_AVAL
1 17744 7.52047862 0.09194074448699996 6.15301156 17.0 JPT_SEUIL_AVAL
1 12753 7.60251055 0.09194074448699996 6.16507508 17.0 JPT_SEUIL_AVAL
1 12756 7.17806687 0.18388148897399992 6.10265689 17.0 JPT_SEUIL_AVAL
1 17743 7.80014644 0.09525982328200001 6.35801044 15.0 JPT_ECL_AVAL
1 17744 7.7019378 0.09525982328200001 6.33594108 15.0 JPT_ECL_AVAL
1 12259 9.26794915 0.011794414337124994 7.70914379 2.0 MOULINAT_AMONT
1 12262 9.26027698 0.011794414337124994 7.7113712 2.0 MOULINAT_AMONT
1 12264 9.26098396 0.011794414337124994 7.71116595 2.0 MOULINAT_AMONT
1 12287 9.24550986 0.011794414337124994 7.71565843 2.0 MOULINAT_AMONT
1 12265 9.24977738 0.011794414337124994 7.71441947 2.0 MOULINAT_AMONT
1 12287 9.24756373 0.011794414337124994 7.71506214 2.0 MOULINAT_AMONT
1 12299 9.23360859 0.011794414337124994 7.71911364 2.0 MOULINAT_AMONT
1 12298 9.24366985 0.011794414337124994 7.71619262 2.0 MOULINAT_AMONT
1 12299 9.22725898 0.011794414337124994 7.72095707 2.0 MOULINAT_AMONT
1 12482 9.20729428 0.011794414337124994 7.72675327 2.0 MOULINAT_AMONT
1 12301 9.22608903 0.011794414337124994 7.72129673 2.0 MOULINAT_AMONT
1 12311 9.20825248 0.011794414337124994 7.72647509 2.0 MOULINAT_AMONT
1 12304 9.22711868 0.011794414337124994 7.7209978 2.0 MOULINAT_AMONT
1 12305 9.21771105 0.011794414337124994 7.72372905 2.0 MOULINAT_AMONT
1 12482 9.20540113 0.011794414337124994 7.727302900000001 2.0 MOULINAT_AMONT
1 12488 9.18924149 0.011794414337124994 7.73199441 2.0 MOULINAT_AMONT
1 12483 9.19936982 0.011794414337124994 7.72905392 2.0 MOULINAT_AMONT
1 12485 9.19385496 0.011794414337124994 7.73065501 2.0 MOULINAT_AMONT
1 12488 9.188227699999999 0.011794414337124994 7.73228873 2.0 MOULINAT_AMONT
1 12550 9.14980013 0.011794414337124994 7.74344512 2.0 MOULINAT_AMONT
1 12489 9.17930408 0.011794414337124994 7.73487946 2.0 MOULINAT_AMONT
1 12544 9.15190469 0.011794414337124994 7.74283412 2.0 MOULINAT_AMONT
1 12527 9.1814687 0.011794414337124994 7.73425102 2.0 MOULINAT_AMONT
1 12541 9.16488316 0.011794414337124994 7.73906618 2.0 MOULINAT_AMONT
1 12538 9.172510899999999 0.011794414337124994 7.73685167 2.0 MOULINAT_AMONT
1 12540 9.16501958 0.011794414337124994 7.73902657 2.0 MOULINAT_AMONT
1 12550 9.15210456 0.011794414337124994 7.7427760999999995 2.0 MOULINAT_AMONT
1 12594 9.12547721 0.02358882867424999 7.75050662 2.0 MOULINAT_AMONT
1 12551 9.14431391 0.011794414337124994 7.7450379 2.0 MOULINAT_AMONT
1 12588 9.13656976 0.02358882867424999 7.7472862000000005 2.0 MOULINAT_AMONT
1 12553 9.13835005 0.011794414337124994 7.74676934 2.0 MOULINAT_AMONT
1 12594 9.12145193 0.02358882867424999 7.75167525 2.0 MOULINAT_AMONT
1 12597 9.09974232 0.02358882867424999 7.75797804 2.0 MOULINAT_AMONT
1 12595 9.12043414 0.02358882867424999 7.75197073 2.0 MOULINAT_AMONT
1 12597 9.09472419 0.02358882867424999 7.75943491 2.0 MOULINAT_AMONT
1 17605 9.05629508 0.02358882867424999 7.77059175 2.0 MOULINAT_AMONT
1 12600 9.10281017 0.02358882867424999 7.75708737 2.0 MOULINAT_AMONT
1 17603 9.05248999 0.02358882867424999 7.77169646 2.0 MOULINAT_AMONT
1 17095 9.07537814 0.02358882867424999 7.76505151 2.0 MOULINAT_AMONT
1 17096 9.08305916 0.02358882867424999 7.76282154 2.0 MOULINAT_AMONT
1 17605 9.04703918 0.02358882867424999 7.77327895 2.0 MOULINAT_AMONT
1 17612 9.03419714 0.02358882867424999 7.77700728 2.0 MOULINAT_AMONT
1 17606 9.03085829 0.02358882867424999 7.77797663 2.0 MOULINAT_AMONT
1 17612 9.02606097 0.02358882867424999 7.7793694 2.0 MOULINAT_AMONT
1 17617 9.01107463 0.02358882867424999 7.78372027 2.0 MOULINAT_AMONT
1 17615 9.00885459 0.02358882867424999 7.7843648000000005 2.0 MOULINAT_AMONT
1 17617 9.00837849 0.02358882867424999 7.78450302 2.0 MOULINAT_AMONT
1 17634 8.9872115 0.02358882867424999 7.79064828 2.0 MOULINAT_AMONT
1 17618 8.98770053 0.02358882867424999 7.7905063 2.0 MOULINAT_AMONT
1 17634 8.99081118 0.02358882867424999 7.789603200000001 2.0 MOULINAT_AMONT
1 17647 8.96248762 0.02358882867424999 7.79782617 2.0 MOULINAT_AMONT
1 17645 8.96868984 0.02358882867424999 7.79602553 2.0 MOULINAT_AMONT
1 17647 8.96588529 0.02358882867424999 7.79683975 2.0 MOULINAT_AMONT
1 17775 3.67184876 0.1933171148819999 2.31412802 4.0 NOIR_AVAL
1 17776 3.71786412 0.1933171148819999 2.3418633 4.0 NOIR_AVAL
1 17779 3.58448561 0.1933171148819999 2.26147078 4.0 NOIR_AVAL
1 12780 3.40840263 0.1933171148819999 2.15533857 4.0 NOIR_AVAL
1 12781 3.41754044 0.1933171148819999 2.16084629 4.0 NOIR_AVAL
1 12784 3.25105951 0.1933171148819999 2.06050163 4.0 NOIR_AVAL
1 12785 3.10062741 0.1933171148819999 1.96983022 4.0 NOIR_AVAL
1 12783 2.96299101 0.1933171148819999 1.88687129 4.0 NOIR_AVAL
1 12756 7.51432512 0.18608704011999994 6.1079503 6.0 BLANC_AMONT
1 12757 7.38947533 0.18608704011999994 6.09251942 6.0 BLANC_AMONT
1 12760 7.25091872 0.18608704011999994 6.07539445 6.0 BLANC_AMONT
1 12761 7.12521963 0.18608704011999994 6.05985861 6.0 BLANC_AMONT
1 12764 6.98619905 0.18608704011999994 6.04267629 6.0 BLANC_AMONT
1 12765 6.83634517 0.18608704011999994 6.02415502 6.0 BLANC_AMONT
1 12768 6.61905904 0.18608704011999994 5.99729943 6.0 BLANC_AMONT
1 12756 7.50866701 0.1725796893040001 6.15060377 8.0 MAJOLAN
1 12757 7.34235346 0.1725796893040001 6.00714848 8.0 MAJOLAN
1 12755 7.36029706 0.1725796893040001 6.0226259 8.0 MAJOLAN
1 12758 7.26917621 0.1725796893040001 5.94402877 8.0 MAJOLAN
1 7759 7.11496094 0.1725796893040001 5.81100896 8.0 MAJOLAN
1 7758 7.121981900000001 0.1725796893040001 5.81706496 8.0 MAJOLAN
1 7759 7.16599854 0.1725796893040001 5.85503192 8.0 MAJOLAN
1 7762 7.05791889 0.1725796893040001 5.76180682 8.0 MAJOLAN
1 7761 6.89656338 0.1725796893040001 5.62262813 8.0 MAJOLAN
1 7763 6.91952963 0.1725796893040001 5.64243788 8.0 MAJOLAN
1 7761 6.91469134 0.1725796893040001 5.63826456 8.0 MAJOLAN
1 7764 6.82612675 0.1725796893040001 5.56187236 8.0 MAJOLAN
1 7766 6.8205172 0.1725796893040001 5.55703379 8.0 MAJOLAN
1 7767 6.76372691 0.1725796893040001 5.50804881 8.0 MAJOLAN
1 7768 6.63156675 0.1725796893040001 5.39405283 8.0 MAJOLAN
1 7770 6.62357627 0.1725796893040001 5.38716057 8.0 MAJOLAN
1 7768 6.64173665 0.1725796893040001 5.40282498 8.0 MAJOLAN
1 7769 6.5760062999999995 0.1725796893040001 5.34612866 8.0 MAJOLAN
1 7774 6.43020905 0.1725796893040001 5.22036989 8.0 MAJOLAN
1 7772 6.43488058 0.1725796893040001 5.22439937 8.0 MAJOLAN
1 7774 6.41911503 0.1725796893040001 5.21080064 8.0 MAJOLAN
1 7772 6.38877669 0.1725796893040001 5.18463203 8.0 MAJOLAN
1 7773 6.36229 0.1725796893040001 5.16178569 8.0 MAJOLAN
1 7769 7.45780389 0.1725796893040001 6.10673132 8.0 MAJOLAN
1 7771 7.48482407 0.1725796893040001 6.13003783 8.0 MAJOLAN
1 7774 7.36037418 0.1725796893040001 6.02269242 8.0 MAJOLAN
1 12774 7.30930415 0.1725796893040001 5.97864149 8.0 MAJOLAN
1 12775 7.26261244 0.1725796893040001 5.93836713 8.0 MAJOLAN
1 7775 7.18584851 0.1725796893040001 5.87215369 8.0 MAJOLAN
1 7773 7.05166501 0.1725796893040001 5.75641248 8.0 MAJOLAN
1 7773 7.46803235 0.1725796893040001 6.11555397 8.0 MAJOLAN
1 7776 7.46140632 0.1725796893040001 6.10983863 8.0 MAJOLAN
1 7777 7.36885659 0.1725796893040001 6.03000901 8.0 MAJOLAN
1 7780 7.26693355 0.1725796893040001 5.94209434 8.0 MAJOLAN
1 7781 7.17314319 0.1725796893040001 5.861194599999999 8.0 MAJOLAN
1 7784 7.06464711 0.1725796893040001 5.767610299999999 8.0 MAJOLAN
1 17864 11.74477269 0.0018979280469499996 10.25404955 5.0 THIL_AMONT
1 17993 11.74309677 0.0018979280469499996 10.25262756 5.0 THIL_AMONT
1 17992 11.70238834 0.0018979280469499996 10.21808708 5.0 THIL_AMONT
1 17994 11.70662084 0.0018979280469499996 10.22167829 5.0 THIL_AMONT
1 17992 11.71371119 0.0018979280469499996 10.22769434 5.0 THIL_AMONT
1 17989 11.67118884 0.0018979280469499996 10.19161477 5.0 THIL_AMONT
1 17995 11.68311135 0.0018979280469499996 10.20173084 5.0 THIL_AMONT
1 17989 11.67278092 0.0018979280469499996 10.19296563 5.0 THIL_AMONT
1 17990 11.66581878 0.0018979280469499996 10.18705836 5.0 THIL_AMONT
1 18004 11.64402097 0.0018979280469499996 10.16856324 5.0 THIL_AMONT
1 18027 11.60451493 0.0009489640234749998 10.13504297 5.0 THIL_AMONT
1 18025 11.61761639 0.0018979280469499996 10.14615936 5.0 THIL_AMONT
1 18026 11.61853154 0.0009489640234749998 10.14693585 5.0 THIL_AMONT
1 18027 11.59995674 0.0009489640234749998 10.13117542 5.0 THIL_AMONT
1 18037 11.59012687 0.0009489640234749998 10.12283492 5.0 THIL_AMONT
1 18035 11.59236576 0.0009489640234749998 10.12473458 5.0 THIL_AMONT
1 18037 11.58636995 0.0009489640234749998 10.11964723 5.0 THIL_AMONT
1 18189 11.54577855 0.0009489640234749998 10.08520605 5.0 THIL_AMONT
1 18035 11.583554300000001 0.0009489640234749998 10.11725819 5.0 THIL_AMONT
1 18024 11.56284226 0.0009489640234749998 10.09968434 5.0 THIL_AMONT
1 18036 11.58563032 0.0009489640234749998 10.11901967 5.0 THIL_AMONT
1 18023 11.56053847 0.0009489640234749998 10.09772961 5.0 THIL_AMONT
1 18039 11.57310521 0.0009489640234749998 10.1083923 5.0 THIL_AMONT
1 18189 11.55087064 0.0009489640234749998 10.08952661 5.0 THIL_AMONT
1 18191 11.52742009 0.0009489640234749998 10.06962917 5.0 THIL_AMONT
1 18187 11.53570581 0.0009489640234749998 10.07665948 5.0 THIL_AMONT
1 18188 11.54019175 0.0009489640234749998 10.08046572 5.0 THIL_AMONT
1 18191 11.51722571 0.0009489640234749998 10.06097939 5.0 THIL_AMONT
1 18204 11.49266899 0.0009489640234749998 10.04014338 5.0 THIL_AMONT
1 18192 11.51777268 0.0009489640234749998 10.06144349 5.0 THIL_AMONT
1 18203 11.50756809 0.0009489640234749998 10.05278505 5.0 THIL_AMONT
1 18204 11.49617079 0.0009489640234749998 10.04311461 5.0 THIL_AMONT
1 18207 11.48714096 0.0009489640234749998 10.03545294 5.0 THIL_AMONT
1 18245 11.46425575 0.0009489640234749998 10.01603518 5.0 THIL_AMONT
1 18208 11.47175163 0.0009489640234749998 10.02239532 5.0 THIL_AMONT
1 18202 11.47671636 0.0009489640234749998 10.02660782 5.0 THIL_AMONT
1 18245 11.45801993 0.0009489640234749998 10.01074418 5.0 THIL_AMONT
1 18246 11.45628882 0.0009489640234749998 10.00927536 5.0 THIL_AMONT
1 18248 11.43326687 0.0009489640234749998 9.98974158 5.0 THIL_AMONT
1 18249 11.44515317 0.0009489640234749998 9.99982693 5.0 THIL_AMONT
1 18247 11.43172883 0.0009489640234749998 9.98843658 5.0 THIL_AMONT
1 18248 11.42248103 0.0009489640234749998 9.98058996 5.0 THIL_AMONT
1 18174 11.40665779 0.0009489640234749998 9.96716419 5.0 THIL_AMONT
1 18259 11.42231694 0.0009489640234749998 9.98045073 5.0 THIL_AMONT
1 18173 11.41001388 0.0009489640234749998 9.97001178 5.0 THIL_AMONT
1 18174 11.41005306 0.0009489640234749998 9.97004502 5.0 THIL_AMONT
1 18172 11.39971663 0.0009489640234749998 9.96127472 5.0 THIL_AMONT
1 18166 11.38603596 0.0009489640234749998 9.94966687 5.0 THIL_AMONT
1 18167 11.37606893 0.0009489640234749998 9.94121 5.0 THIL_AMONT
1 18169 11.38179575 0.0009489640234749998 9.94606912 5.0 THIL_AMONT
1 18167 11.37037192 0.0009489640234749998 9.93637617 5.0 THIL_AMONT
1 18146 11.35865542 0.0009489640234749998 9.9264349 5.0 THIL_AMONT
1 18145 11.36264337 0.0009489640234749998 9.92981862 5.0 THIL_AMONT
1 18146 11.36040775 0.0009489640234749998 9.92792173 5.0 THIL_AMONT
1 18707 11.34158804 0.0009489640234749998 9.91195349 5.0 THIL_AMONT
1 18709 11.34785366 0.0009489640234749998 9.91726977 5.0 THIL_AMONT
1 18707 11.34457472 0.0009489640234749998 9.91448764 5.0 THIL_AMONT
1 18708 11.33981653 0.0009489640234749998 9.91045039 5.0 THIL_AMONT
1 18702 11.32953684 0.0009489640234749998 9.90172822 5.0 THIL_AMONT
1 14381 11.30113012 0.0009489640234749998 9.87762556 5.0 THIL_AMONT
1 18700 11.31327113 0.0009489640234749998 9.88792702 5.0 THIL_AMONT
1 18699 11.31657538 0.0009489640234749998 9.89073062 5.0 THIL_AMONT
1 14381 11.30391353 0.0009489640234749998 9.87998723 5.0 THIL_AMONT
1 13696 11.29126474 0.0009489640234749998 9.86925493 5.0 THIL_AMONT
1 13698 11.29302482 0.0009489640234749998 9.87074834 5.0 THIL_AMONT
1 13696 11.28670329 0.0009489640234749998 9.86538461 5.0 THIL_AMONT
1 13690 11.28285616 0.0009489640234749998 9.86212038 5.0 THIL_AMONT
1 13688 11.2725883 0.0009489640234749998 9.85340826 5.0 THIL_AMONT
1 13666 11.26135224 0.0009489640234749998 9.84387463 5.0 THIL_AMONT
1 14349 11.25216199 0.0009489640234749998 9.83607684 5.0 THIL_AMONT
1 14351 11.22589171 0.0009489640234749998 9.8137869 5.0 THIL_AMONT
1 14350 11.2377474 0.0009489640234749998 9.82384628 5.0 THIL_AMONT
1 14348 11.23563627 0.0009489640234749998 9.82205502 5.0 THIL_AMONT
1 14351 11.22880369 0.0009489640234749998 9.81625768 5.0 THIL_AMONT
1 14343 11.20578786 0.0009489640234749998 9.79672909 5.0 THIL_AMONT
1 14345 11.22110739 0.0009489640234749998 9.80972748 5.0 THIL_AMONT
1 14343 11.21013746 0.0009489640234749998 9.80041966 5.0 THIL_AMONT
1 14252 11.18773758 0.0009489640234749998 9.781413699999998 5.0 THIL_AMONT
1 14257 11.19752704 0.0009489640234749998 9.78971991 5.0 THIL_AMONT
1 14254 11.19238393 0.0009489640234749998 9.78535606 5.0 THIL_AMONT
1 14252 11.17919797 0.0009489640234749998 9.77416797 5.0 THIL_AMONT
1 14243 11.16091462 0.0009489640234749998 9.75865483 5.0 THIL_AMONT
1 14246 11.17897224 0.0009489640234749998 9.77397645 5.0 THIL_AMONT
1 14244 11.16493318 0.0009489640234749998 9.76206452 5.0 THIL_AMONT
1 14243 11.15276727 0.0009489640234749998 9.75174193 5.0 THIL_AMONT
1 14219 11.14567427 0.0009489640234749998 9.74572362 5.0 THIL_AMONT
1 14221 11.15722137 0.0009489640234749998 9.75552116 5.0 THIL_AMONT
1 14219 11.131874400000001 0.0009489640234749998 9.73401465 5.0 THIL_AMONT
1 13306 11.11115705 0.0009489640234749998 9.71643629 5.0 THIL_AMONT
1 14213 11.13071271 0.0009489640234749998 9.73302897 5.0 THIL_AMONT
1 13528 11.12466262 0.0009489640234749998 9.72789555 5.0 THIL_AMONT
1 13530 11.13315447 0.0009489640234749998 9.73510076 5.0 THIL_AMONT
1 13306 11.10655029 0.0009489640234749998 9.71252752 5.0 THIL_AMONT
1 13859 11.0807531 0.0009489640234749998 9.69063899 5.0 THIL_AMONT
1 13304 11.10335136 0.0009489640234749998 9.70981327 5.0 THIL_AMONT
1 13861 11.07730803 0.0009489640234749998 9.6877159 5.0 THIL_AMONT
1 13298 11.09260552 0.0009489640234749998 9.70069559 5.0 THIL_AMONT
1 13859 11.07063546 0.0009489640234749998 9.68205433 5.0 THIL_AMONT
1 13272 11.05645149 0.0009489640234749998 9.67001944 5.0 THIL_AMONT
1 13837 11.06660179 0.0009489640234749998 9.67863182 5.0 THIL_AMONT
1 13274 11.06990685 0.0009489640234749998 9.68143611 5.0 THIL_AMONT
1 13272 11.05316479 0.0009489640234749998 9.66723073 5.0 THIL_AMONT
1 13263 11.03366261 0.0009489640234749998 9.65068342 5.0 THIL_AMONT
1 13266 11.04319328 0.0009489640234749998 9.65877006 5.0 THIL_AMONT
1 13265 11.04758452 0.0009489640234749998 9.66249596 5.0 THIL_AMONT
1 13263 11.03176333 0.0009489640234749998 9.64907191 5.0 THIL_AMONT
1 13175 11.01157661 0.0009489640234749998 9.63194379 5.0 THIL_AMONT
1 13177 11.02649939 0.0009489640234749998 9.64460555 5.0 THIL_AMONT
1 13175 11.01512822 0.0009489640234749998 9.63495728 5.0 THIL_AMONT
1 13169 11.00312803 0.0009489640234749998 9.624775300000001 5.0 THIL_AMONT
1 13168 10.99202667 0.0009489640234749998 9.61535596 5.0 THIL_AMONT
1 13170 10.99834698 0.0009489640234749998 9.62071865 5.0 THIL_AMONT
1 13168 10.98935796 0.0009489640234749998 9.61309161 5.0 THIL_AMONT
1 13731 10.98354951 0.0009489640234749998 9.60816322 5.0 THIL_AMONT
1 13732 10.97378332 0.0009489640234749998 9.59987675 5.0 THIL_AMONT
1 13737 10.9547236 0.0009489640234749998 9.58370487 5.0 THIL_AMONT
1 13735 10.95849399 0.0009489640234749998 9.58690399 5.0 THIL_AMONT
1 13737 10.95070136 0.0009489640234749998 9.58029206 5.0 THIL_AMONT
1 13744 10.93649331 0.0009489640234749998 9.56823675 5.0 THIL_AMONT
1 13738 10.94821675 0.0009489640234749998 9.57818391 5.0 THIL_AMONT
1 13744 10.93591859 0.0009489640234749998 9.5677491 5.0 THIL_AMONT
1 13757 10.92119214 0.0009489640234749998 9.55525394 5.0 THIL_AMONT
1 13755 10.93575939 0.0009489640234749998 9.56761403 5.0 THIL_AMONT
1 13757 10.92156359 0.0009489640234749998 9.55556911 5.0 THIL_AMONT
1 13758 10.92328612 0.0009489640234749998 9.55703065 5.0 THIL_AMONT
1 13847 10.90759963 0.0009489640234749998 9.5437209 5.0 THIL_AMONT
1 13844 10.90426886 0.0009489640234749998 9.54089479 5.0 THIL_AMONT
1 13847 10.89904411 0.0009489640234749998 9.53646167 5.0 THIL_AMONT
1 13891 10.88365151 0.0009489640234749998 9.52340128 5.0 THIL_AMONT
1 13848 10.89819509 0.0009489640234749998 9.53574129 5.0 THIL_AMONT
1 13891 10.88170039 0.0009489640234749998 9.52174579 5.0 THIL_AMONT
1 13907 10.84353932 0.0009489640234749998 9.489366699999998 5.0 THIL_AMONT
1 13892 10.87652871 0.0009489640234749998 9.51735769 5.0 THIL_AMONT
1 13896 10.85611137 0.0009489640234749998 9.50003389 5.0 THIL_AMONT
1 13895 10.8663282 0.0009489640234749998 9.50870272 5.0 THIL_AMONT
1 13907 10.83776761 0.0009489640234749998 9.48446949 5.0 THIL_AMONT
1 14002 10.767707000000001 0.0009489640234749998 9.42502412 5.0 THIL_AMONT
1 13908 10.83571036 0.0009489640234749998 9.48272394 5.0 THIL_AMONT
1 14001 10.78328328 0.0009489640234749998 9.43824036 5.0 THIL_AMONT
1 13911 10.82523229 0.0009489640234749998 9.47383346 5.0 THIL_AMONT
1 13998 10.79377768 0.0009489640234749998 9.44714469 5.0 THIL_AMONT
1 13912 10.8147379 0.0009489640234749998 9.46492912 5.0 THIL_AMONT
1 13997 10.79994533 0.0009489640234749998 9.45237785 5.0 THIL_AMONT
1 14083 10.80045148 0.0009489640234749998 9.45280731 5.0 THIL_AMONT
1 14002 10.77229498 0.0009489640234749998 9.42891695 5.0 THIL_AMONT
1 14063 10.69642592 0.0009489640234749998 9.36454321 5.0 THIL_AMONT
1 14013 10.762380199999999 0.0009489640234749998 9.42050442 5.0 THIL_AMONT
1 14060 10.71065111 0.0009489640234749998 9.37661307 5.0 THIL_AMONT
1 14014 10.74746926 0.0009489640234749998 9.40785271 5.0 THIL_AMONT
1 14059 10.720990400000002 0.0009489640234749998 9.3853858 5.0 THIL_AMONT
1 14012 10.75022858 0.0009489640234749998 9.41019395 5.0 THIL_AMONT
1 14016 10.73134602 0.0009489640234749998 9.39417238 5.0 THIL_AMONT
1 14015 10.7416853 0.0009489640234749998 9.40294511 5.0 THIL_AMONT
1 14063 10.69638918 0.0009489640234749998 9.36451204 5.0 THIL_AMONT
1 14070 10.66549378 0.0009489640234749998 9.33829775 5.0 THIL_AMONT
1 14064 10.68521312 0.0009489640234749998 9.35502931 5.0 THIL_AMONT
1 14069 10.67960876 0.0009489640234749998 9.3502741 5.0 THIL_AMONT
1 14058 10.68865411 0.0009489640234749998 9.35794894 5.0 THIL_AMONT
1 14070 10.66518764 0.0009489640234749998 9.338038000000001 5.0 THIL_AMONT
1 14072 10.6395578 0.0009489640234749998 9.31629147 5.0 THIL_AMONT
1 14073 10.65884039 0.0009489640234749998 9.33265245 5.0 THIL_AMONT
1 14074 10.64471316 0.0009489640234749998 9.32066571 5.0 THIL_AMONT
1 14072 10.64129666 0.0009489640234749998 9.31776687 5.0 THIL_AMONT
1 14734 10.61700567 0.0009489640234749998 9.29715632 5.0 THIL_AMONT
1 14755 10.63746382 0.0009489640234749998 9.31451476 5.0 THIL_AMONT
1 14756 10.62284677 0.0009489640234749998 9.30211241 5.0 THIL_AMONT
1 14734 10.61468718 0.0009489640234749998 9.29518913 5.0 THIL_AMONT
1 14736 10.59701692 0.0009489640234749998 9.28019618 5.0 THIL_AMONT
1 14737 10.61414022 0.0009489640234749998 9.29472503 5.0 THIL_AMONT
1 14735 10.59847414 0.0009489640234749998 9.2814326 5.0 THIL_AMONT
1 14736 10.59952725 0.0009489640234749998 9.28232615 5.0 THIL_AMONT
1 14741 10.58682458 0.0009489640234749998 9.27154813 5.0 THIL_AMONT
1 14747 10.582640699999999 0.0009489640234749998 9.26799817 5.0 THIL_AMONT
1 14741 10.57353004 0.0009489640234749998 9.26026792 5.0 THIL_AMONT
1 14743 10.5622601 0.0009489640234749998 9.25070554 5.0 THIL_AMONT
1 14742 10.57475051 0.0009489640234749998 9.26130347 5.0 THIL_AMONT
1 14740 10.55897014 0.0009489640234749998 9.24791406 5.0 THIL_AMONT
1 14743 10.55390458 0.0009489640234749998 9.24361601 5.0 THIL_AMONT
1 14787 10.54212849 0.0009489640234749998 9.23362417 5.0 THIL_AMONT
1 14744 10.55353314 0.0009489640234749998 9.24330084 5.0 THIL_AMONT
1 14787 10.529723800000001 0.0009489640234749998 9.22309898 5.0 THIL_AMONT
1 10472 10.51984576 0.0009489640234749998 9.21471761 5.0 THIL_AMONT
1 14788 10.5323974 0.0009489640234749998 9.22536749 5.0 THIL_AMONT
1 14791 10.5168252 0.0009489640234749998 9.21215471 5.0 THIL_AMONT
1 10472 10.51227395 0.0009489640234749998 9.20829305 5.0 THIL_AMONT
1 14804 10.48691351 0.0009489640234749998 9.186775099999998 5.0 THIL_AMONT
1 10473 10.50796762 0.0009489640234749998 9.20463919 5.0 THIL_AMONT
1 14803 10.50118361 0.0009489640234749998 9.19888306 5.0 THIL_AMONT
1 14792 10.50677164 0.0009489640234749998 9.20362442 5.0 THIL_AMONT
1 14804 10.48710944 0.0009489640234749998 9.18694135 5.0 THIL_AMONT
1 14810 10.46760236 0.0009489640234749998 9.17038988 5.0 THIL_AMONT
1 14807 10.48031319 0.0009489640234749998 9.18117483 5.0 THIL_AMONT
1 14808 10.46402259 0.0009489640234749998 9.1673525 5.0 THIL_AMONT
1 14810 10.45842639 0.0009489640234749998 9.16260421 5.0 THIL_AMONT
1 14985 10.43182507 0.0009489640234749998 9.1400334 5.0 THIL_AMONT
1 14981 10.45853252 0.0009489640234749998 9.16269426 5.0 THIL_AMONT
1 14982 10.44783811 0.0009489640234749998 9.15362022 5.0 THIL_AMONT
1 14985 10.43195161 0.0009489640234749998 9.14014076 5.0 THIL_AMONT
1 14991 10.43660898 0.0009489640234749998 9.14409247 5.0 THIL_AMONT
1 17670 8.29086762 0.04686130119899999 6.99726487 7.0 JPT_ECL_AMONT
1 17741 8.28855738 0.09372260239799998 7.01015354 7.0 JPT_ECL_AMONT
1 17742 8.25139242 0.09372260239799998 7.21749491 7.0 JPT_ECL_AMONT
1 17740 8.23093016 0.09372260239799998 7.33165281 7.0 JPT_ECL_AMONT
1 17743 8.22582516 0.09372260239799998 7.36013332 7.0 JPT_ECL_AMONT
1 17647 8.85985604 0.02458796677500001 7.14325496 11.0 MOULINAT_AVAL
1 17650 8.80441365 0.02458796677500001 7.13599464 11.0 MOULINAT_AVAL
1 17651 8.790839199999999 0.02458796677500001 7.13421704 11.0 MOULINAT_AVAL
1 17654 8.73787011 0.04917593355000002 7.12728061 11.0 MOULINAT_AVAL
1 17665 8.58180489 0.04917593355000002 7.1068435 11.0 MOULINAT_AVAL
1 17666 8.42650309 0.04917593355000002 7.08650636 11.0 MOULINAT_AVAL
1 17669 8.25748004 0.04917593355000002 7.06437239 11.0 MOULINAT_AVAL
1 17670 8.03595603 0.04917593355000002 7.03536329 11.0 MOULINAT_AVAL
