1,18952,13.78655383,0.2,13.28655383,8.0,GAJAC
1,18950,13.76503688,0.2,13.26503688,8.0,GAJAC
1,18951,13.6881757,0.2,13.1881757,8.0,GAJAC
1,18954,13.56692211,0.2,13.06692211,8.0,GAJAC
1,16812,13.50664591,0.2,13.00664591,8.0,GAJAC
1,16813,13.37859066,0.2,12.87859066,8.0,GAJAC
1,16811,13.368943,0.2,12.868943,8.0,GAJAC
1,16814,13.2493124,0.2,12.7493124,8.0,GAJAC
1,11894,13.22396679,0.2,12.72396679,8.0,GAJAC
1,11895,13.12849846,0.2,12.62849846,8.0,GAJAC
1,11904,13.02539882,0.2,12.52539882,8.0,GAJAC
1,16818,12.87216071,0.2,12.37216071,8.0,GAJAC
1,16819,12.83259146,0.1,12.33259146,8.0,GAJAC
1,16821,12.77545377,0.1,12.27545377,8.0,GAJAC
1,16822,12.74860339,0.1,12.24860339,8.0,GAJAC
1,16827,12.67161966,0.1,12.17161966,8.0,GAJAC
1,16828,12.61371168,0.1,12.11371168,8.0,GAJAC
1,16831,12.56166667,0.1,12.06166667,8.0,GAJAC
1,16832,12.49789572,0.1,11.99789572,8.0,GAJAC
1,16838,12.45520177,0.1,11.95520177,8.0,GAJAC
1,16832,12.44275928,0.1,11.94275928,8.0,GAJAC
1,11811,6.69517056,0.025,6.17831887,13.0,BUSSAGUET_AVAL
1,16504,6.71342003,0.025,6.21342003,13.0,BUSSAGUET_AVAL
1,16501,6.70586563,0.025,6.20586563,13.0,BUSSAGUET_AVAL
1,16504,6.72414377,0.025,6.22414377,13.0,BUSSAGUET_AVAL
1,16506,6.71824654,0.025,6.21824654,13.0,BUSSAGUET_AVAL
1,16515,6.75708601,0.025,6.25708601,13.0,BUSSAGUET_AVAL
1,16512,6.74227675,0.025,6.24227675,13.0,BUSSAGUET_AVAL
1,16513,6.73572352,0.025,6.23572352,13.0,BUSSAGUET_AVAL
1,16515,6.76109629,0.025,6.26109629,13.0,BUSSAGUET_AVAL
1,16545,6.77098391,0.025,6.27098391,13.0,BUSSAGUET_AVAL
1,16523,6.76488843,0.025,6.26488843,13.0,BUSSAGUET_AVAL
1,16545,6.78549246,0.025,6.28549246,13.0,BUSSAGUET_AVAL
1,16548,6.78550083,0.025,6.28550083,13.0,BUSSAGUET_AVAL
1,16546,6.79142754,0.025,6.29142754,13.0,BUSSAGUET_AVAL
1,16548,6.81032464,0.025,6.31032464,13.0,BUSSAGUET_AVAL
1,16557,6.81412013,0.025,6.31412013,13.0,BUSSAGUET_AVAL
1,16554,6.8067883,0.025,6.3067883,13.0,BUSSAGUET_AVAL
1,19642,22.88671118,0.02,21.75671118,0.0,HAILLAN4
1,19614,22.28878519,0.02,21.15878519,0.0,HAILLAN4
1,19615,22.00607306,0.02,20.87607306,0.0,HAILLAN4
1,19614,21.91517972,0.02,20.78517972,0.0,HAILLAN4
1,19612,21.77960563,0.02,20.64960563,0.0,HAILLAN4
1,19613,21.70812273,0.02,20.57812273,0.0,HAILLAN4
1,19575,21.32561713,0.02,20.19561713,0.0,HAILLAN4
1,19578,21.22233584,0.02,20.09233584,0.0,HAILLAN4
1,19576,20.82138069,0.02,19.69138069,0.0,HAILLAN4
1,19577,20.4452843,0.02,19.3152843,0.0,HAILLAN4
1,19529,20.43911553,0.02,19.30911553,0.0,HAILLAN4
1,19532,19.87070685,0.02,18.74070685,0.0,HAILLAN4
1,19530,19.7379929,0.02,18.6079929,0.0,HAILLAN4
1,19532,19.74808806,0.02,18.61808806,0.0,HAILLAN4
1,19530,19.89639952,0.02,18.76639952,0.0,HAILLAN4
1,19470,19.51318879,0.02,18.38318879,0.0,HAILLAN4
1,19471,18.88437126,0.02,17.75437126,0.0,HAILLAN4
1,19624,21.38634217,0.02,20.36195296,15.0,HAILLAN5
1,19586,21.16836997,0.02,20.13501071,15.0,HAILLAN5
1,19584,20.80777912,0.02,19.75958073,15.0,HAILLAN5
1,19536,20.19754375,0.02,19.12423279,15.0,HAILLAN5
1,19533,20.27885751,0.02,19.2088928,15.0,HAILLAN5
1,19531,20.03569561,0.02,18.95572423,15.0,HAILLAN5
1,19471,19.52641483,0.02,18.4254854,15.0,HAILLAN5
1,19563,22.11678048,0.02,21.12158962,2.0,HAILLAN2
1,19566,21.98416276,0.02,20.98351057,2.0,HAILLAN2
1,19565,21.38851568,0.02,20.36333412,2.0,HAILLAN2
1,19567,21.33897367,0.02,20.31175192,2.0,HAILLAN2
1,19565,21.32106572,0.02,20.2931065,2.0,HAILLAN2
1,19520,20.78356496,0.02,19.7334709,2.0,HAILLAN2
1,19568,20.94904995,0.02,19.90577073,2.0,HAILLAN2
1,19520,20.54693694,0.02,19.48709829,2.0,HAILLAN2
1,19521,20.58152902,0.02,19.52311491,2.0,HAILLAN2
1,19519,20.21366032,0.02,19.14009699,2.0,HAILLAN2
1,19522,19.72282719,0.02,18.62905085,2.0,HAILLAN2
1,19462,19.75861114,0.02,18.66630841,2.0,HAILLAN2
1,19460,19.09196954,0.02,17.97221382,2.0,HAILLAN2
1,19461,19.01145332,0.02,17.88838185,2.0,HAILLAN2
1,19393,18.73175203,0.02,17.59716218,2.0,HAILLAN2
1,19391,18.18186178,0.02,17.02462687,2.0,HAILLAN2
1,19394,17.77349057,0.02,16.59943851,2.0,HAILLAN2
1,19320,17.56273471,0.02,16.38000351,2.0,HAILLAN2
1,19394,17.62905767,0.02,16.44905771,2.0,HAILLAN2
1,19320,17.55355139,0.02,16.370442,2.0,HAILLAN2
1,19318,17.03460432,0.02,15.83012416,2.0,HAILLAN2
1,19319,16.8596512,0.02,15.64796629,2.0,HAILLAN2
1,19233,16.65907501,0.02,15.43913016,2.0,HAILLAN2
1,19232,16.3530833,0.02,15.12053739,2.0,HAILLAN2
1,19227,16.20142217,0.01,14.96263069,2.0,HAILLAN2
1,19228,15.91018768,0.01,14.65940287,2.0,HAILLAN2
1,19230,15.89579703,0.01,14.6444196,2.0,HAILLAN2
1,19228,15.94109328,0.01,14.69158119,2.0,HAILLAN2
1,19083,15.70534412,0.01,14.44612363,2.0,HAILLAN2
1,19471,18.83756329,0.02,17.70829172,10.0,HAILLAN3
1,19469,19.02189235,0.02,17.90026576,10.0,HAILLAN3
1,19401,18.5183999,0.02,17.37589114,10.0,HAILLAN3
1,19399,18.11269914,0.02,16.95336408,10.0,HAILLAN3
1,19325,17.60098959,0.02,16.42043156,10.0,HAILLAN3
1,19324,17.2794762,0.02,16.08558351,10.0,HAILLAN3
1,19322,17.18762706,0.02,15.98992496,10.0,HAILLAN3
1,19242,16.80626843,0.02,15.59274961,10.0,HAILLAN3
1,19236,16.28072665,0.01,15.04541116,10.0,HAILLAN3
1,19234,16.02390698,0.01,14.77793998,10.0,HAILLAN3
1,19229,15.95576673,0.01,14.70697364,10.0,HAILLAN3
1,19084,15.71634436,0.01,14.45762132,10.0,HAILLAN3
1,19083,15.61444449,0.01,14.35149518,10.0,HAILLAN3
1,19083,15.73932492,0.01,14.44804139,16.0,HAILLAN1
1,19081,15.45761351,0.01,14.20880451,16.0,HAILLAN1
1,19078,14.78103998,0.01,13.63424014,16.0,HAILLAN1
1,19060,14.78451035,0.005,13.63718727,16.0,HAILLAN1
1,19058,14.47341919,0.005,13.37300032,16.0,HAILLAN1
1,19051,14.10542602,0.005,13.06049066,16.0,HAILLAN1
1,19052,14.1036423,0.005,13.05897587,16.0,HAILLAN1
1,19051,14.19503206,0.005,13.13658651,16.0,HAILLAN1
1,19049,13.95446231,0.005,12.93228822,16.0,HAILLAN1
1,18293,13.61585568,0.0025,12.6447344,16.0,HAILLAN1
1,18294,13.52622295,0.0025,12.56861588,16.0,HAILLAN1
1,18292,13.50265353,0.0025,12.54860009,16.0,HAILLAN1
1,18286,13.34547954,0.0025,12.41512373,16.0,HAILLAN1
1,18289,13.30798736,0.0025,12.38328437,16.0,HAILLAN1
1,18287,13.11675759,0.0025,12.22088692,16.0,HAILLAN1
1,18288,13.14761238,0.0025,12.24708963,16.0,HAILLAN1
1,18272,12.95118675,0.0025,12.08027973,16.0,HAILLAN1
1,18315,12.96618945,0.0025,12.09302042,16.0,HAILLAN1
1,18313,12.85303825,0.0025,11.99692939,16.0,HAILLAN1
1,18308,12.57995619,0.0025,11.76502078,16.0,HAILLAN1
1,18307,12.59083083,0.0025,11.77425582,16.0,HAILLAN1
1,18308,12.63694071,0.0025,11.81341356,16.0,HAILLAN1
1,18303,12.41205073,0.00125,11.62243097,16.0,HAILLAN1
1,18305,12.49079668,0.00125,11.68930414,16.0,HAILLAN1
1,18303,12.39335197,0.00125,11.60655148,16.0,HAILLAN1
1,18118,12.21796458,0.00125,11.45760781,16.0,HAILLAN1
1,18126,12.36945249,0.00125,11.5862554,16.0,HAILLAN1
1,18124,12.30875491,0.00125,11.53470939,16.0,HAILLAN1
1,18118,12.24737782,0.00125,11.48258632,16.0,HAILLAN1
1,18094,12.10283551,0.00125,11.35983712,16.0,HAILLAN1
1,18116,12.18732821,0.00125,11.43159058,16.0,HAILLAN1
1,18094,12.10642966,0.00125,11.36288936,16.0,HAILLAN1
1,18086,11.97657698,0.00125,11.25261499,16.0,HAILLAN1
1,18092,12.06576075,0.00125,11.32835224,16.0,HAILLAN1
1,18086,11.99919751,0.00125,11.27182495,16.0,HAILLAN1
1,17998,11.87445575,0.00125,11.1658909,16.0,HAILLAN1
1,18084,11.94426124,0.00125,11.2251716,16.0,HAILLAN1
1,17998,11.82032762,0.00125,11.11992384,16.0,HAILLAN1
1,17996,11.82539728,0.00125,11.12422913,16.0,HAILLAN1
1,17991,11.74749586,0.00125,11.05807316,16.0,HAILLAN1
1,17990,11.72422251,0.00125,11.03830881,16.0,HAILLAN1
1,17991,11.65978033,0.00125,10.98358278,16.0,HAILLAN1
1,17978,11.58498769,0.00125,10.92006687,16.0,HAILLAN1
1,17989,11.66056662,0.00125,10.98425052,16.0,HAILLAN1
1,18000,11.61919393,0.00125,10.94911573,16.0,HAILLAN1
1,17978,11.58374272,0.00125,10.91900961,16.0,HAILLAN1
1,17971,11.43771034,0.00125,10.79499499,16.0,HAILLAN1
1,17976,11.54422171,0.00125,10.8854473,16.0,HAILLAN1
1,17970,11.45945478,0.00125,10.81346095,16.0,HAILLAN1
1,17971,11.40776804,0.00125,10.76956719,16.0,HAILLAN1
1,15394,11.34468003,0.00125,10.71599116,16.0,HAILLAN1
1,17969,11.41587853,0.00125,10.77645483,16.0,HAILLAN1
1,15394,11.278823,0.00125,10.66006361,16.0,HAILLAN1
1,15390,11.18191704,0.00125,10.57776847,16.0,HAILLAN1
1,15397,11.25421004,0.00125,10.63916162,16.0,HAILLAN1
1,15389,11.17344496,0.00125,10.57057375,16.0,HAILLAN1
1,15395,11.29283312,0.00125,10.67196138,16.0,HAILLAN1
1,15390,11.1408283,0.00125,10.5428748,16.0,HAILLAN1
1,15388,11.12224359,0.00125,10.52709217,16.0,HAILLAN1
1,15407,10.97517737,0.00125,10.4021996,16.0,HAILLAN1
1,15431,11.04514789,0.00125,10.46162043,16.0,HAILLAN1
1,15409,11.06055829,0.00125,10.47470736,16.0,HAILLAN1
1,15407,10.96953983,0.00125,10.39741205,16.0,HAILLAN1
1,15402,10.88857575,0.00125,10.32865518,16.0,HAILLAN1
1,15401,10.91326638,0.00125,10.34962312,16.0,HAILLAN1
1,15402,10.83690843,0.00125,10.28477791,16.0,HAILLAN1
1,15317,10.7707893,0.00125,10.22862777,16.0,HAILLAN1
1,15400,10.86259648,0.00125,10.30659289,16.0,HAILLAN1
1,15403,10.77520614,0.00125,10.23237867,16.0,HAILLAN1
1,15317,10.72375481,0.00125,10.18868482,16.0,HAILLAN1
1,15327,10.60243731,0.00125,10.08565875,16.0,HAILLAN1
1,15318,10.68570203,0.00125,10.15636938,16.0,HAILLAN1
1,15316,10.69805462,0.00125,10.16685953,16.0,HAILLAN1
1,15327,10.59357936,0.00125,10.07813634,16.0,HAILLAN1
1,15320,10.49150667,0.00125,9.99145347,16.0,HAILLAN1
1,15321,10.60124816,0.00125,10.08464889,16.0,HAILLAN1
1,15322,10.53562654,0.00125,10.02892125,16.0,HAILLAN1
1,15320,10.47723688,0.00125,9.97723688,16.0,HAILLAN1
1,15301,10.42323979,0.00125,9.92323979,16.0,HAILLAN1
1,15323,10.42088576,0.00125,9.92088576,16.0,HAILLAN1
1,15301,10.39372948,0.00125,9.89372948,16.0,HAILLAN1
1,15299,10.37771236,0.00125,9.87771236,16.0,HAILLAN1
1,15294,10.27386808,0.00125,9.77386808,16.0,HAILLAN1
1,15293,10.27716858,0.00125,9.77716858,16.0,HAILLAN1
1,15294,10.27998371,0.00125,9.77998371,16.0,HAILLAN1
1,15292,10.23855763,0.00125,9.73855763,16.0,HAILLAN1
1,15633,10.13922726,0.00125,9.63922726,16.0,HAILLAN1
1,14950,10.1402708,0.00125,9.6402708,16.0,HAILLAN1
1,15633,10.13956702,0.00125,9.63956702,16.0,HAILLAN1
1,15631,10.10389254,0.00125,9.60389254,16.0,HAILLAN1
1,15624,9.947483,0.00125,9.447483,16.0,HAILLAN1
1,15625,10.02502039,0.00125,9.52502039,16.0,HAILLAN1
1,15626,9.98138589,0.00125,9.48138589,16.0,HAILLAN1
1,15624,9.95920462,0.00125,9.45920462,16.0,HAILLAN1
1,15605,9.87183855,0.00125,9.37183855,16.0,HAILLAN1
1,15602,9.88006552,0.00125,9.38006552,16.0,HAILLAN1
1,15605,9.82167586,0.00125,9.32167586,16.0,HAILLAN1
1,15604,9.77825978,0.00125,9.27825978,16.0,HAILLAN1
1,15603,9.78090503,0.00125,9.28090503,16.0,HAILLAN1
1,15604,9.77833258,0.00125,9.27833258,16.0,HAILLAN1
1,15598,9.7032463,0.00125,9.2032463,16.0,HAILLAN1
1,15609,9.70251825,0.00125,9.20251825,16.0,HAILLAN1
1,15607,9.63818284,0.00125,9.13818284,16.0,HAILLAN1
1,15608,9.61340486,0.00125,9.11340486,16.0,HAILLAN1
1,15611,9.55270971,0.00125,9.05270971,16.0,HAILLAN1
1,15612,9.49199029,0.00125,8.99199029,16.0,HAILLAN1
1,15655,9.41930657,0.00125,8.91930657,16.0,HAILLAN1
1,15570,9.35031164,0.00125,8.85031164,16.0,HAILLAN1
1,15569,9.35526239,0.00125,8.85526239,16.0,HAILLAN1
1,15570,9.31492838,0.00125,8.81492838,16.0,HAILLAN1
1,15573,9.28442306,0.00125,8.78442306,16.0,HAILLAN1
1,15571,9.23088708,0.00125,8.73088708,16.0,HAILLAN1
1,15572,9.22821756,0.00125,8.72821756,16.0,HAILLAN1
1,15583,9.15774226,0.00125,8.65774226,16.0,HAILLAN1
1,15584,9.09428052,0.00125,8.59428052,16.0,HAILLAN1
1,15581,8.99516856,0.00125,8.49516856,16.0,HAILLAN1
1,15587,9.01261751,0.00125,8.51261751,16.0,HAILLAN1
1,15581,8.97153119,0.00125,8.47153119,16.0,HAILLAN1
1,15580,8.90345846,0.00125,8.40345846,16.0,HAILLAN1
1,15582,8.93068755,0.00125,8.43068755,16.0,HAILLAN1
1,15580,8.91110299,0.00125,8.41110299,16.0,HAILLAN1
1,15751,8.85106309,0.00125,8.35106309,16.0,HAILLAN1
1,15729,8.83926867,0.00125,8.33926867,16.0,HAILLAN1
1,15727,8.77102606,0.00125,8.27102606,16.0,HAILLAN1
1,15722,8.69145013,0.00125,8.19145013,16.0,HAILLAN1
1,15728,8.69210537,0.00125,8.19210537,16.0,HAILLAN1
1,15722,8.66026529,0.00125,8.16026529,16.0,HAILLAN1
1,15723,8.58864938,0.00125,8.08864938,16.0,HAILLAN1
1,15725,8.61168005,0.00125,8.11168005,16.0,HAILLAN1
1,15723,8.54346171,0.00125,8.04346171,16.0,HAILLAN1
1,15724,8.56268225,0.00125,8.06268225,16.0,HAILLAN1
1,15737,8.4522127,0.00125,7.9522127,16.0,HAILLAN1
1,15735,8.47963594,0.00125,7.97963594,16.0,HAILLAN1
1,15737,8.45036831,0.00125,7.95036831,16.0,HAILLAN1
1,15738,8.41158748,0.00125,7.91158748,16.0,HAILLAN1
1,15747,8.32565324,0.00125,7.82565324,16.0,HAILLAN1
1,15744,8.36936055,0.00125,7.86936055,16.0,HAILLAN1
1,15747,8.3158731,0.00125,7.8158731,16.0,HAILLAN1
1,15748,8.28031996,0.00125,7.78031996,16.0,HAILLAN1
1,15791,8.21729505,0.00125,7.71729505,16.0,HAILLAN1
1,15792,8.16084686,0.00125,7.66084686,16.0,HAILLAN1
1,15795,8.07238871,0.00125,7.57238871,16.0,HAILLAN1
1,15789,8.04647011,0.00125,7.54647011,16.0,HAILLAN1
1,15788,7.94388778,0.00125,7.44388778,16.0,HAILLAN1
1,15790,7.9782275,0.00125,7.4782275,16.0,HAILLAN1
1,15788,7.96395771,0.00125,7.46395771,16.0,HAILLAN1
1,15799,7.8812997,0.00125,7.3812997,16.0,HAILLAN1
1,11651,7.88171226,0.00125,7.38171226,16.0,HAILLAN1
1,11236,8.21614209,0.0125,7.71614209,6.0,BUSSAGUET_AMONT
1,11234,8.19985966,0.0125,7.69985966,6.0,BUSSAGUET_AMONT
1,11230,8.21318019,0.0125,7.71318019,6.0,BUSSAGUET_AMONT
1,11233,8.21784755,0.0125,7.71784755,6.0,BUSSAGUET_AMONT
1,11234,8.20482009,0.0125,7.70482009,6.0,BUSSAGUET_AMONT
1,11246,8.17876166,0.0125,7.67876166,6.0,BUSSAGUET_AMONT
1,11245,8.1939208,0.0125,7.6939208,6.0,BUSSAGUET_AMONT
1,11246,8.1762215,0.0125,7.6762215,6.0,BUSSAGUET_AMONT
1,11248,8.15804615,0.0125,7.65804615,6.0,BUSSAGUET_AMONT
1,11244,8.16592875,0.0125,7.66592875,6.0,BUSSAGUET_AMONT
1,11247,8.17103295,0.0125,7.67103295,6.0,BUSSAGUET_AMONT
1,11248,8.14731117,0.0125,7.64731117,6.0,BUSSAGUET_AMONT
1,11423,8.12390683,0.0125,7.62390683,6.0,BUSSAGUET_AMONT
1,11419,8.14824388,0.0125,7.64824388,6.0,BUSSAGUET_AMONT
1,11420,8.13682066,0.0125,7.63682066,6.0,BUSSAGUET_AMONT
1,11423,8.11271495,0.0125,7.61271495,6.0,BUSSAGUET_AMONT
1,11120,8.09358379,0.0125,7.59358379,6.0,BUSSAGUET_AMONT
1,11424,8.11394226,0.0125,7.61394226,6.0,BUSSAGUET_AMONT
1,11435,8.09929864,0.0125,7.59929864,6.0,BUSSAGUET_AMONT
1,11120,8.09238571,0.0125,7.59238571,6.0,BUSSAGUET_AMONT
1,11124,8.0775263,0.0125,7.5775263,6.0,BUSSAGUET_AMONT
1,11121,8.09139847,0.0125,7.59139847,6.0,BUSSAGUET_AMONT
1,11124,8.06931908,0.0125,7.56931908,6.0,BUSSAGUET_AMONT
1,11153,8.05157392,0.0125,7.55157392,6.0,BUSSAGUET_AMONT
1,11125,8.06824102,0.0125,7.56824102,6.0,BUSSAGUET_AMONT
1,11153,8.05368012,0.0125,7.55368012,6.0,BUSSAGUET_AMONT
1,11157,8.03007986,0.0125,7.53007986,6.0,BUSSAGUET_AMONT
1,11154,8.04499591,0.0125,7.54499591,6.0,BUSSAGUET_AMONT
1,11157,8.02791881,0.0125,7.52791881,6.0,BUSSAGUET_AMONT
1,11162,7.98776383,0.025,7.48776383,6.0,BUSSAGUET_AMONT
1,11158,8.01920358,0.0125,7.51920358,6.0,BUSSAGUET_AMONT
1,11161,8.01687035,0.025,7.51687035,6.0,BUSSAGUET_AMONT
1,11156,8.01550727,0.0125,7.51550727,6.0,BUSSAGUET_AMONT
1,11162,7.98016532,0.025,7.48016532,6.0,BUSSAGUET_AMONT
1,11690,7.97188796,0.025,7.47188796,6.0,BUSSAGUET_AMONT
1,11694,7.9194235,0.025,7.4194235,6.0,BUSSAGUET_AMONT
1,11691,7.94953883,0.025,7.44953883,6.0,BUSSAGUET_AMONT
1,11694,7.91018542,0.025,7.41018542,6.0,BUSSAGUET_AMONT
1,11730,7.89964677,0.025,7.39964677,6.0,BUSSAGUET_AMONT
1,11729,7.89468179,0.025,7.39468179,6.0,BUSSAGUET_AMONT
1,11730,7.87606673,0.025,7.37606673,6.0,BUSSAGUET_AMONT
1,11744,7.83956086,0.025,7.33956086,6.0,BUSSAGUET_AMONT
1,11741,7.87539059,0.025,7.37539059,6.0,BUSSAGUET_AMONT
1,11743,7.8501665,0.025,7.3501665,6.0,BUSSAGUET_AMONT
1,11744,7.84922377,0.025,7.34922377,6.0,BUSSAGUET_AMONT
1,11753,7.81646006,0.025,7.31646006,6.0,BUSSAGUET_AMONT
1,11750,7.81114128,0.025,7.31114128,6.0,BUSSAGUET_AMONT
1,11753,7.80140554,0.025,7.30140554,6.0,BUSSAGUET_AMONT
1,11778,7.75258254,0.025,7.25258254,6.0,BUSSAGUET_AMONT
1,11755,7.78211703,0.025,7.28211703,6.0,BUSSAGUET_AMONT
1,11756,7.78596574,0.025,7.28596574,6.0,BUSSAGUET_AMONT
1,11778,7.75958898,0.025,7.25958898,6.0,BUSSAGUET_AMONT
1,11808,7.70060854,0.025,7.20060854,6.0,BUSSAGUET_AMONT
1,11800,7.73939146,0.025,7.23939146,6.0,BUSSAGUET_AMONT
1,11802,7.73874543,0.025,7.23874543,6.0,BUSSAGUET_AMONT
1,11808,7.69544396,0.025,7.19544396,6.0,BUSSAGUET_AMONT
1,11811,7.67679384,0.025,7.17679384,6.0,BUSSAGUET_AMONT
1,11809,7.70202737,0.025,7.20202737,6.0,BUSSAGUET_AMONT
1,11811,7.67041634,0.025,7.17041634,6.0,BUSSAGUET_AMONT
1,11865,4.30310961,0.2,3.80310961,17.0,NOIR_AMONT
1,11866,4.23437474,0.2,3.73437474,17.0,NOIR_AMONT
1,11869,4.11065344,0.2,3.61065344,17.0,NOIR_AMONT
1,16791,3.94102059,0.2,3.44102059,17.0,NOIR_AMONT
1,16790,3.94106721,0.2,3.44106721,17.0,NOIR_AMONT
1,16791,3.95003372,0.2,3.45003372,17.0,NOIR_AMONT
1,16794,3.8588458,0.2,3.3588458,17.0,NOIR_AMONT
1,13683,8.51544141,0.0125,8.01544141,3.0,THIL_AVAL
1,13720,8.49203861,0.0125,7.99203861,3.0,THIL_AVAL
1,13684,8.5177881,0.0125,8.0177881,3.0,THIL_AVAL
1,13698,8.49300015,0.0125,7.99300015,3.0,THIL_AVAL
1,13686,8.50875024,0.0125,8.00875024,3.0,THIL_AVAL
1,13697,8.50847137,0.0125,8.00847137,3.0,THIL_AVAL
1,13720,8.48246856,0.0125,7.98246856,3.0,THIL_AVAL
1,13726,8.46939595,0.0125,7.96939595,3.0,THIL_AVAL
1,13723,8.48513964,0.0125,7.98513964,3.0,THIL_AVAL
1,13725,8.4711953,0.0125,7.9711953,3.0,THIL_AVAL
1,13726,8.47248409,0.0125,7.97248409,3.0,THIL_AVAL
1,13770,8.45301034,0.0125,7.95301034,3.0,THIL_AVAL
1,13769,8.46397668,0.0125,7.96397668,3.0,THIL_AVAL
1,13770,8.44370071,0.0125,7.94370071,3.0,THIL_AVAL
1,13783,8.42125997,0.0125,7.92125997,3.0,THIL_AVAL
1,13773,8.44466156,0.0125,7.94466156,3.0,THIL_AVAL
1,13785,8.42053794,0.0125,7.92053794,3.0,THIL_AVAL
1,13774,8.43487414,0.0125,7.93487414,3.0,THIL_AVAL
1,13783,8.41875627,0.0125,7.91875627,3.0,THIL_AVAL
1,14471,8.38605979,0.0125,7.88605979,3.0,THIL_AVAL
1,13784,8.41530343,0.0125,7.91530343,3.0,THIL_AVAL
1,13788,8.39587468,0.0125,7.89587468,3.0,THIL_AVAL
1,13787,8.40558982,0.0125,7.90558982,3.0,THIL_AVAL
1,14471,8.37190045,0.0125,7.87190045,3.0,THIL_AVAL
1,14454,8.35458599,0.0125,7.85458599,3.0,THIL_AVAL
1,14472,8.3738375,0.0125,7.8738375,3.0,THIL_AVAL
1,14453,8.36635404,0.0125,7.86635404,3.0,THIL_AVAL
1,14450,8.37000139,0.0125,7.87000139,3.0,THIL_AVAL
1,14454,8.3429691,0.0125,7.8429691,3.0,THIL_AVAL
1,14459,8.3100501,0.0125,7.8100501,3.0,THIL_AVAL
1,14452,8.34424665,0.0125,7.84424665,3.0,THIL_AVAL
1,14461,8.31980015,0.0125,7.81980015,3.0,THIL_AVAL
1,14463,8.34579774,0.0125,7.84579774,3.0,THIL_AVAL
1,14458,8.33111972,0.0125,7.83111972,3.0,THIL_AVAL
1,14464,8.3291397,0.0125,7.8291397,3.0,THIL_AVAL
1,14459,8.31099464,0.0125,7.81099464,3.0,THIL_AVAL
1,10445,8.29665346,0.0125,7.79665346,3.0,THIL_AVAL
1,14460,8.30918267,0.0125,7.80918267,3.0,THIL_AVAL
1,10402,8.29619576,0.0125,7.79619576,3.0,THIL_AVAL
1,10445,8.28299287,0.0125,7.78299287,3.0,THIL_AVAL
1,10441,8.26958126,0.0125,7.76958126,3.0,THIL_AVAL
1,10443,8.28067179,0.0125,7.78067179,3.0,THIL_AVAL
1,10438,8.267274,0.0125,7.767274,3.0,THIL_AVAL
1,10444,8.28512288,0.0125,7.78512288,3.0,THIL_AVAL
1,10441,8.25878998,0.0125,7.75878998,3.0,THIL_AVAL
1,10451,8.24539066,0.0125,7.74539066,3.0,THIL_AVAL
1,10442,8.2533625,0.0125,7.7533625,3.0,THIL_AVAL
1,10440,8.25610252,0.0125,7.75610252,3.0,THIL_AVAL
1,10451,8.2360864,0.0125,7.7360864,3.0,THIL_AVAL
1,10431,8.21537051,0.0125,7.71537051,3.0,THIL_AVAL
1,10429,8.2320132,0.0125,7.7320132,3.0,THIL_AVAL
1,10433,8.2218795,0.0125,7.7218795,3.0,THIL_AVAL
1,10430,8.23642862,0.0125,7.73642862,3.0,THIL_AVAL
1,10431,8.21330916,0.0125,7.71330916,3.0,THIL_AVAL
1,10597,8.19579443,0.0125,7.69579443,3.0,THIL_AVAL
1,10432,8.21109781,0.0125,7.71109781,3.0,THIL_AVAL
1,10426,8.20235406,0.0125,7.70235406,3.0,THIL_AVAL
1,10597,8.1922898,0.0125,7.6922898,3.0,THIL_AVAL
1,10511,8.16189406,0.0125,7.66189406,3.0,THIL_AVAL
1,10595,8.19084651,0.0125,7.69084651,3.0,THIL_AVAL
1,10508,8.16497629,0.0125,7.66497629,3.0,THIL_AVAL
1,10596,8.1791456,0.0125,7.6791456,3.0,THIL_AVAL
1,10510,8.18072547,0.0125,7.68072547,3.0,THIL_AVAL
1,10511,8.16050371,0.0125,7.66050371,3.0,THIL_AVAL
1,10506,8.14749456,0.0125,7.64749456,3.0,THIL_AVAL
1,10505,8.15434269,0.0125,7.65434269,3.0,THIL_AVAL
1,10506,8.14258615,0.0125,7.64258615,3.0,THIL_AVAL
1,10515,8.13327614,0.0125,7.63327614,3.0,THIL_AVAL
1,10504,8.14130438,0.0125,7.64130438,3.0,THIL_AVAL
1,10515,8.13381095,0.0125,7.63381095,3.0,THIL_AVAL
1,10516,8.12662942,0.0125,7.62662942,3.0,THIL_AVAL
1,10498,8.10399183,0.0125,7.60399183,3.0,THIL_AVAL
1,10519,8.11496189,0.0125,7.61496189,3.0,THIL_AVAL
1,10497,8.10800365,0.0125,7.60800365,3.0,THIL_AVAL
1,10498,8.10229303,0.0125,7.60229303,3.0,THIL_AVAL
1,10563,8.08783023,0.0125,7.58783023,3.0,THIL_AVAL
1,10541,8.09554771,0.0125,7.59554771,3.0,THIL_AVAL
1,10563,8.08699464,0.0125,7.58699464,3.0,THIL_AVAL
1,10567,8.0767493,0.0125,7.5767493,3.0,THIL_AVAL
1,10564,8.08793573,0.0125,7.58793573,3.0,THIL_AVAL
1,10567,8.06858103,0.0125,7.56858103,3.0,THIL_AVAL
1,10557,8.05735776,0.0125,7.55735776,3.0,THIL_AVAL
1,10568,8.06739133,0.0125,7.56739133,3.0,THIL_AVAL
1,10546,8.05807211,0.0125,7.55807211,3.0,THIL_AVAL
1,10557,8.04931647,0.0125,7.54931647,3.0,THIL_AVAL
1,10562,8.0259323,0.0125,7.5259323,3.0,THIL_AVAL
1,10558,8.04927773,0.0125,7.54927773,3.0,THIL_AVAL
1,10561,8.03954647,0.0125,7.53954647,3.0,THIL_AVAL
1,10562,8.0268285,0.0125,7.5268285,3.0,THIL_AVAL
1,11177,7.99922074,0.0125,7.49922074,3.0,THIL_AVAL
1,11173,8.02011925,0.0125,7.52011925,3.0,THIL_AVAL
1,11174,8.0105027,0.0125,7.5105027,3.0,THIL_AVAL
1,11177,7.99147371,0.0125,7.49147371,3.0,THIL_AVAL
1,11191,7.95792246,0.0125,7.45792246,3.0,THIL_AVAL
1,11178,7.98978451,0.0125,7.48978451,3.0,THIL_AVAL
1,11188,7.97186388,0.0125,7.47186388,3.0,THIL_AVAL
1,11176,7.98121801,0.0125,7.48121801,3.0,THIL_AVAL
1,11187,7.98157403,0.0125,7.48157403,3.0,THIL_AVAL
1,11191,7.96023701,0.0125,7.46023701,3.0,THIL_AVAL
1,11236,7.93003463,0.0125,7.43003463,3.0,THIL_AVAL
1,11192,7.9524827,0.0125,7.4524827,3.0,THIL_AVAL
1,11235,7.94287497,0.0125,7.44287497,3.0,THIL_AVAL
1,16709,6.35047862,0.1,5.85047862,7.0,JPT_SEUIL_AVAL
1,11844,6.43251055,0.1,5.93251055,7.0,JPT_SEUIL_AVAL
1,11852,6.00806687,0.1,5.50806687,7.0,JPT_SEUIL_AVAL
1,16708,6.63014644,0.1,6.13014644,14.0,JPT_ECL_AVAL
1,16709,6.5319378,0.1,6.0319378,14.0,JPT_ECL_AVAL
1,11236,8.09794915,0.0125,7.59794915,9.0,MOULINAT_AMONT
1,11239,8.09027698,0.0125,7.59027698,9.0,MOULINAT_AMONT
1,11241,8.09098396,0.0125,7.59098396,9.0,MOULINAT_AMONT
1,11264,8.07550986,0.0125,7.57550986,9.0,MOULINAT_AMONT
1,11242,8.07977738,0.0125,7.57977738,9.0,MOULINAT_AMONT
1,11264,8.07756373,0.0125,7.57756373,9.0,MOULINAT_AMONT
1,11276,8.06360859,0.0125,7.56360859,9.0,MOULINAT_AMONT
1,11275,8.07366985,0.0125,7.57366985,9.0,MOULINAT_AMONT
1,11276,8.05725898,0.0125,7.55725898,9.0,MOULINAT_AMONT
1,11459,8.03729428,0.0125,7.53729428,9.0,MOULINAT_AMONT
1,11278,8.05608903,0.0125,7.55608903,9.0,MOULINAT_AMONT
1,11288,8.03825248,0.0125,7.53825248,9.0,MOULINAT_AMONT
1,11281,8.05711868,0.0125,7.55711868,9.0,MOULINAT_AMONT
1,11282,8.04771105,0.0125,7.54771105,9.0,MOULINAT_AMONT
1,11459,8.03540113,0.0125,7.53540113,9.0,MOULINAT_AMONT
1,11465,8.01924149,0.0125,7.51924149,9.0,MOULINAT_AMONT
1,11460,8.02936982,0.0125,7.52936982,9.0,MOULINAT_AMONT
1,11462,8.02385496,0.0125,7.52385496,9.0,MOULINAT_AMONT
1,11465,8.0182277,0.0125,7.5182277,9.0,MOULINAT_AMONT
1,11560,7.97980013,0.0125,7.47980013,9.0,MOULINAT_AMONT
1,11466,8.00930408,0.0125,7.50930408,9.0,MOULINAT_AMONT
1,11554,7.98190469,0.0125,7.48190469,9.0,MOULINAT_AMONT
1,11537,8.0114687,0.0125,7.5114687,9.0,MOULINAT_AMONT
1,11551,7.99488316,0.0125,7.49488316,9.0,MOULINAT_AMONT
1,11548,8.0025109,0.0125,7.5025109,9.0,MOULINAT_AMONT
1,11550,7.99501958,0.0125,7.49501958,9.0,MOULINAT_AMONT
1,11560,7.98210456,0.0125,7.48210456,9.0,MOULINAT_AMONT
1,11626,7.95457459,0.0125,7.45457459,9.0,MOULINAT_AMONT
1,11561,7.97431391,0.0125,7.47431391,9.0,MOULINAT_AMONT
1,11625,7.95348936,0.0125,7.45348936,9.0,MOULINAT_AMONT
1,11563,7.96835005,0.0125,7.46835005,9.0,MOULINAT_AMONT
1,11606,7.96656976,0.0125,7.46656976,9.0,MOULINAT_AMONT
1,11626,7.95145193,0.0125,7.45145193,9.0,MOULINAT_AMONT
1,11638,7.92974232,0.0125,7.42974232,9.0,MOULINAT_AMONT
1,11629,7.94416417,0.0125,7.44416417,9.0,MOULINAT_AMONT
1,11632,7.9358038,0.0125,7.4358038,9.0,MOULINAT_AMONT
1,11631,7.94410135,0.0125,7.44410135,9.0,MOULINAT_AMONT
1,11638,7.92472419,0.0125,7.42472419,9.0,MOULINAT_AMONT
1,16438,7.88629508,0.025,7.38629508,9.0,MOULINAT_AMONT
1,11649,7.92702616,0.0125,7.42702616,9.0,MOULINAT_AMONT
1,16436,7.88248999,0.025,7.38248999,9.0,MOULINAT_AMONT
1,11651,7.91757286,0.0125,7.41757286,9.0,MOULINAT_AMONT
1,15806,7.89758626,0.0125,7.39758626,9.0,MOULINAT_AMONT
1,11652,7.91733819,0.0125,7.41733819,9.0,MOULINAT_AMONT
1,15805,7.89318281,0.0125,7.39318281,9.0,MOULINAT_AMONT
1,15800,7.90537814,0.0125,7.40537814,9.0,MOULINAT_AMONT
1,15803,7.90765054,0.0125,7.40765054,9.0,MOULINAT_AMONT
1,16438,7.87703918,0.025,7.37703918,9.0,MOULINAT_AMONT
1,16445,7.86419714,0.025,7.36419714,9.0,MOULINAT_AMONT
1,16439,7.86085829,0.025,7.36085829,9.0,MOULINAT_AMONT
1,16445,7.85606097,0.025,7.35606097,9.0,MOULINAT_AMONT
1,16450,7.84107463,0.025,7.34107463,9.0,MOULINAT_AMONT
1,16448,7.83885459,0.025,7.33885459,9.0,MOULINAT_AMONT
1,16450,7.83837849,0.025,7.33837849,9.0,MOULINAT_AMONT
1,16473,7.8172115,0.025,7.3172115,9.0,MOULINAT_AMONT
1,16451,7.81770053,0.025,7.31770053,9.0,MOULINAT_AMONT
1,16473,7.82081118,0.025,7.32081118,9.0,MOULINAT_AMONT
1,16486,7.79248762,0.025,7.29248762,9.0,MOULINAT_AMONT
1,16484,7.79868984,0.025,7.29868984,9.0,MOULINAT_AMONT
1,16486,7.79588529,0.025,7.29588529,9.0,MOULINAT_AMONT
1,16794,2.50184876,0.2,2.00184876,12.0,NOIR_AVAL
1,16795,2.54786412,0.2,2.04786412,12.0,NOIR_AVAL
1,16798,2.41448561,0.2,1.91448561,12.0,NOIR_AVAL
1,11877,2.23840263,0.2,1.73840263,12.0,NOIR_AVAL
1,11878,2.24754044,0.2,1.74754044,12.0,NOIR_AVAL
1,11881,2.08105951,0.2,1.58105951,12.0,NOIR_AVAL
1,11882,1.93062741,0.2,1.43062741,12.0,NOIR_AVAL
1,11880,1.79299101,0.2,1.29299101,12.0,NOIR_AVAL
1,11852,6.3114596,0.1,5.8114596,18.0,BLANC_AMONT
1,11853,6.24994632,0.1,5.74994632,18.0,BLANC_AMONT
1,11854,6.21947533,0.2,5.71947533,18.0,BLANC_AMONT
1,11857,6.08091872,0.2,5.58091872,18.0,BLANC_AMONT
1,11858,5.95521963,0.2,5.45521963,18.0,BLANC_AMONT
1,11861,5.81619905,0.2,5.31619905,18.0,BLANC_AMONT
1,11862,5.66634517,0.2,5.16634517,18.0,BLANC_AMONT
1,11865,5.44905904,0.2,4.94905904,18.0,BLANC_AMONT
1,11852,6.30596187,0.1,5.80596187,11.0,MAJOLAN
1,11853,6.24091244,0.1,5.74091244,11.0,MAJOLAN
1,11851,6.22227286,0.1,5.72227286,11.0,MAJOLAN
1,11854,6.17235346,0.2,5.67235346,11.0,MAJOLAN
1,11849,6.19029706,0.2,5.69029706,11.0,MAJOLAN
1,11855,6.09917621,0.2,5.59917621,11.0,MAJOLAN
1,6691,5.94496094,0.2,5.44496094,11.0,MAJOLAN
1,6690,5.9519819,0.2,5.4519819,11.0,MAJOLAN
1,6691,5.99599854,0.2,5.49599854,11.0,MAJOLAN
1,6694,5.88791889,0.2,5.38791889,11.0,MAJOLAN
1,6693,5.72656338,0.2,5.22656338,11.0,MAJOLAN
1,6695,5.74952963,0.2,5.24952963,11.0,MAJOLAN
1,6693,5.74469134,0.2,5.24469134,11.0,MAJOLAN
1,6696,5.65612675,0.2,5.15612675,11.0,MAJOLAN
1,6698,5.6505172,0.2,5.1505172,11.0,MAJOLAN
1,6699,5.59372691,0.2,5.09372691,11.0,MAJOLAN
1,6700,5.46156675,0.2,4.96156675,11.0,MAJOLAN
1,6702,5.45357627,0.2,4.95357627,11.0,MAJOLAN
1,6700,5.47173665,0.2,4.97173665,11.0,MAJOLAN
1,6701,5.4060063,0.2,4.9060063,11.0,MAJOLAN
1,6706,5.26020905,0.2,4.76020905,11.0,MAJOLAN
1,6704,5.26488058,0.2,4.76488058,11.0,MAJOLAN
1,6706,5.24911503,0.2,4.74911503,11.0,MAJOLAN
1,6704,5.21877669,0.2,4.71877669,11.0,MAJOLAN
1,6705,5.19229,0.2,4.69229,11.0,MAJOLAN
1,6701,6.28780389,0.2,5.78780389,11.0,MAJOLAN
1,6703,6.31482407,0.2,5.81482407,11.0,MAJOLAN
1,6706,6.19037418,0.2,5.69037418,11.0,MAJOLAN
1,11871,6.13930415,0.2,5.63930415,11.0,MAJOLAN
1,11872,6.09261244,0.2,5.59261244,11.0,MAJOLAN
1,6707,6.01584851,0.2,5.51584851,11.0,MAJOLAN
1,6705,5.88166501,0.2,5.38166501,11.0,MAJOLAN
1,6705,6.29803235,0.2,5.79803235,11.0,MAJOLAN
1,6708,6.29140632,0.2,5.79140632,11.0,MAJOLAN
1,6709,6.19885659,0.2,5.69885659,11.0,MAJOLAN
1,6712,6.09693355,0.2,5.59693355,11.0,MAJOLAN
1,6713,6.00314319,0.2,5.50314319,11.0,MAJOLAN
1,6716,5.89464711,0.2,5.39464711,11.0,MAJOLAN
1,16832,10.57477269,0.1,10.07477269,5.0,THIL_AMONT
1,16849,10.60832741,0.1,10.10832741,5.0,THIL_AMONT
1,16850,10.47402097,0.05,9.97402097,5.0,THIL_AMONT
1,16852,10.45860143,0.05,9.95860143,5.0,THIL_AMONT
1,16853,10.43687586,0.05,9.93687586,5.0,THIL_AMONT
1,16874,10.37577855,0.05,9.87577855,5.0,THIL_AMONT
1,16851,10.39623548,0.05,9.89623548,5.0,THIL_AMONT
1,16874,10.39731186,0.05,9.89731186,5.0,THIL_AMONT
1,16875,10.35300069,0.05,9.85300069,5.0,THIL_AMONT
1,16878,10.31320648,0.05,9.81320648,5.0,THIL_AMONT
1,16872,10.24062534,0.025,9.74062534,5.0,THIL_AMONT
1,16879,10.25231694,0.05,9.75231694,5.0,THIL_AMONT
1,16872,10.24540557,0.025,9.74540557,5.0,THIL_AMONT
1,16870,10.21603596,0.025,9.71603596,5.0,THIL_AMONT
1,16871,10.21787564,0.025,9.71787564,5.0,THIL_AMONT
1,16868,10.1985853,0.025,9.6985853,5.0,THIL_AMONT
1,16898,10.1866394,0.025,9.6866394,5.0,THIL_AMONT
1,16896,10.16549591,0.025,9.66549591,5.0,THIL_AMONT
1,13089,10.13523604,0.025,9.63523604,5.0,THIL_AMONT
1,12420,10.12857163,0.025,9.62857163,5.0,THIL_AMONT
1,12418,10.11822459,0.025,9.61822459,5.0,THIL_AMONT
1,12412,10.09135224,0.025,9.59135224,5.0,THIL_AMONT
1,13069,10.08740143,0.025,9.58740143,5.0,THIL_AMONT
1,13070,10.06018621,0.025,9.56018621,5.0,THIL_AMONT
1,13065,10.03578786,0.0125,9.53578786,5.0,THIL_AMONT
1,13067,10.05110739,0.0125,9.55110739,5.0,THIL_AMONT
1,13065,10.04013746,0.0125,9.54013746,5.0,THIL_AMONT
1,12974,10.01773758,0.0125,9.51773758,5.0,THIL_AMONT
1,12979,10.02752704,0.0125,9.52752704,5.0,THIL_AMONT
1,12976,10.02238393,0.0125,9.52238393,5.0,THIL_AMONT
1,12974,10.00919797,0.0125,9.50919797,5.0,THIL_AMONT
1,12965,9.99091462,0.0125,9.49091462,5.0,THIL_AMONT
1,12968,10.00897224,0.0125,9.50897224,5.0,THIL_AMONT
1,12966,9.99493318,0.0125,9.49493318,5.0,THIL_AMONT
1,12965,9.98276727,0.0125,9.48276727,5.0,THIL_AMONT
1,12941,9.97567427,0.0125,9.47567427,5.0,THIL_AMONT
1,12943,9.98722137,0.0125,9.48722137,5.0,THIL_AMONT
1,12941,9.9618744,0.0125,9.4618744,5.0,THIL_AMONT
1,12280,9.94115705,0.0125,9.44115705,5.0,THIL_AMONT
1,12935,9.96071271,0.0125,9.46071271,5.0,THIL_AMONT
1,12355,9.95466262,0.0125,9.45466262,5.0,THIL_AMONT
1,12357,9.96315447,0.0125,9.46315447,5.0,THIL_AMONT
1,12280,9.93655029,0.0125,9.43655029,5.0,THIL_AMONT
1,12581,9.9107531,0.0125,9.4107531,5.0,THIL_AMONT
1,12278,9.93335136,0.0125,9.43335136,5.0,THIL_AMONT
1,12583,9.90730803,0.0125,9.40730803,5.0,THIL_AMONT
1,12272,9.92260552,0.0125,9.42260552,5.0,THIL_AMONT
1,12581,9.90063546,0.0125,9.40063546,5.0,THIL_AMONT
1,12246,9.88645149,0.0125,9.38645149,5.0,THIL_AMONT
1,12559,9.89660179,0.0125,9.39660179,5.0,THIL_AMONT
1,12248,9.89990685,0.0125,9.39990685,5.0,THIL_AMONT
1,12246,9.88316479,0.0125,9.38316479,5.0,THIL_AMONT
1,12237,9.86366261,0.0125,9.36366261,5.0,THIL_AMONT
1,12240,9.87319328,0.0125,9.37319328,5.0,THIL_AMONT
1,12239,9.87758452,0.0125,9.37758452,5.0,THIL_AMONT
1,12237,9.86176333,0.0125,9.36176333,5.0,THIL_AMONT
1,12161,9.84157661,0.0125,9.34157661,5.0,THIL_AMONT
1,12163,9.85649939,0.0125,9.35649939,5.0,THIL_AMONT
1,12161,9.84512822,0.0125,9.34512822,5.0,THIL_AMONT
1,12155,9.83312803,0.0125,9.33312803,5.0,THIL_AMONT
1,12154,9.82202667,0.0125,9.32202667,5.0,THIL_AMONT
1,12156,9.82834698,0.0125,9.32834698,5.0,THIL_AMONT
1,12154,9.81935796,0.0125,9.31935796,5.0,THIL_AMONT
1,12453,9.81354951,0.0125,9.31354951,5.0,THIL_AMONT
1,12454,9.80378332,0.0125,9.30378332,5.0,THIL_AMONT
1,12459,9.7847236,0.0125,9.2847236,5.0,THIL_AMONT
1,12457,9.78849399,0.0125,9.28849399,5.0,THIL_AMONT
1,12459,9.78070136,0.0125,9.28070136,5.0,THIL_AMONT
1,12466,9.76649331,0.0125,9.26649331,5.0,THIL_AMONT
1,12460,9.77821675,0.0125,9.27821675,5.0,THIL_AMONT
1,12466,9.76591859,0.0125,9.26591859,5.0,THIL_AMONT
1,12479,9.75119214,0.0125,9.25119214,5.0,THIL_AMONT
1,12477,9.76575939,0.0125,9.26575939,5.0,THIL_AMONT
1,12479,9.75156359,0.0125,9.25156359,5.0,THIL_AMONT
1,12480,9.75328612,0.0125,9.25328612,5.0,THIL_AMONT
1,12569,9.73759963,0.0125,9.23759963,5.0,THIL_AMONT
1,12566,9.73426886,0.0125,9.23426886,5.0,THIL_AMONT
1,12569,9.72904411,0.0125,9.22904411,5.0,THIL_AMONT
1,12613,9.71365151,0.0125,9.21365151,5.0,THIL_AMONT
1,12570,9.72819509,0.0125,9.22819509,5.0,THIL_AMONT
1,12613,9.71170039,0.0125,9.21170039,5.0,THIL_AMONT
1,12629,9.67353932,0.0125,9.17353932,5.0,THIL_AMONT
1,12614,9.70652871,0.0125,9.20652871,5.0,THIL_AMONT
1,12618,9.68611137,0.0125,9.18611137,5.0,THIL_AMONT
1,12617,9.6963282,0.0125,9.1963282,5.0,THIL_AMONT
1,12629,9.66776761,0.0125,9.16776761,5.0,THIL_AMONT
1,12724,9.597707,0.0125,9.097707,5.0,THIL_AMONT
1,12630,9.66571036,0.0125,9.16571036,5.0,THIL_AMONT
1,12723,9.61328328,0.0125,9.11328328,5.0,THIL_AMONT
1,12633,9.65523229,0.0125,9.15523229,5.0,THIL_AMONT
1,12720,9.62377768,0.0125,9.12377768,5.0,THIL_AMONT
1,12634,9.6447379,0.0125,9.1447379,5.0,THIL_AMONT
1,12719,9.62994533,0.0125,9.12994533,5.0,THIL_AMONT
1,12805,9.63045148,0.0125,9.13045148,5.0,THIL_AMONT
1,12724,9.60229498,0.0125,9.10229498,5.0,THIL_AMONT
1,12785,9.52642592,0.0125,9.02642592,5.0,THIL_AMONT
1,12735,9.5923802,0.0125,9.0923802,5.0,THIL_AMONT
1,12782,9.54065111,0.0125,9.04065111,5.0,THIL_AMONT
1,12736,9.57746926,0.0125,9.07746926,5.0,THIL_AMONT
1,12781,9.5509904,0.0125,9.0509904,5.0,THIL_AMONT
1,12734,9.58022858,0.0125,9.08022858,5.0,THIL_AMONT
1,12738,9.56134602,0.0125,9.06134602,5.0,THIL_AMONT
1,12737,9.5716853,0.0125,9.0716853,5.0,THIL_AMONT
1,12785,9.52638918,0.0125,9.02638918,5.0,THIL_AMONT
1,12792,9.49549378,0.0125,8.99549378,5.0,THIL_AMONT
1,12786,9.51521312,0.0125,9.01521312,5.0,THIL_AMONT
1,12791,9.50960876,0.0125,9.00960876,5.0,THIL_AMONT
1,12780,9.51865411,0.0125,9.01865411,5.0,THIL_AMONT
1,12792,9.49518764,0.0125,8.99518764,5.0,THIL_AMONT
1,12794,9.4695578,0.0125,8.9695578,5.0,THIL_AMONT
1,12795,9.48884039,0.0125,8.98884039,5.0,THIL_AMONT
1,12796,9.47471316,0.0125,8.97471316,5.0,THIL_AMONT
1,12794,9.47129666,0.0125,8.97129666,5.0,THIL_AMONT
1,13426,9.44700567,0.0125,8.94700567,5.0,THIL_AMONT
1,13447,9.46746382,0.0125,8.96746382,5.0,THIL_AMONT
1,13448,9.45284677,0.0125,8.95284677,5.0,THIL_AMONT
1,13426,9.44468718,0.0125,8.94468718,5.0,THIL_AMONT
1,13428,9.42701692,0.0125,8.92701692,5.0,THIL_AMONT
1,13429,9.44414022,0.0125,8.94414022,5.0,THIL_AMONT
1,13427,9.42847414,0.0125,8.92847414,5.0,THIL_AMONT
1,13428,9.42952725,0.0125,8.92952725,5.0,THIL_AMONT
1,13433,9.41682458,0.0125,8.91682458,5.0,THIL_AMONT
1,13439,9.4126407,0.0125,8.9126407,5.0,THIL_AMONT
1,13433,9.40353004,0.0125,8.90353004,5.0,THIL_AMONT
1,13435,9.3922601,0.0125,8.8922601,5.0,THIL_AMONT
1,13434,9.40475051,0.0125,8.90475051,5.0,THIL_AMONT
1,13432,9.38897014,0.0125,8.88897014,5.0,THIL_AMONT
1,13435,9.38390458,0.0125,8.88390458,5.0,THIL_AMONT
1,13479,9.37212849,0.0125,8.87212849,5.0,THIL_AMONT
1,13436,9.38353314,0.0125,8.88353314,5.0,THIL_AMONT
1,13479,9.3597238,0.0125,8.8597238,5.0,THIL_AMONT
1,9425,9.34984576,0.0125,8.84984576,5.0,THIL_AMONT
1,13480,9.3623974,0.0125,8.8623974,5.0,THIL_AMONT
1,13483,9.3468252,0.0125,8.8468252,5.0,THIL_AMONT
1,9425,9.34227395,0.0125,8.84227395,5.0,THIL_AMONT
1,13496,9.31691351,0.0125,8.81691351,5.0,THIL_AMONT
1,9426,9.33796762,0.0125,8.83796762,5.0,THIL_AMONT
1,13495,9.33118361,0.0125,8.83118361,5.0,THIL_AMONT
1,13484,9.33677164,0.0125,8.83677164,5.0,THIL_AMONT
1,13496,9.31710944,0.0125,8.81710944,5.0,THIL_AMONT
1,13502,9.29760236,0.0125,8.79760236,5.0,THIL_AMONT
1,13499,9.31031319,0.0125,8.81031319,5.0,THIL_AMONT
1,13500,9.29402259,0.0125,8.79402259,5.0,THIL_AMONT
1,13502,9.28842639,0.0125,8.78842639,5.0,THIL_AMONT
1,13677,9.26182507,0.0125,8.76182507,5.0,THIL_AMONT
1,13673,9.28853252,0.0125,8.78853252,5.0,THIL_AMONT
1,13674,9.27783811,0.0125,8.77783811,5.0,THIL_AMONT
1,13677,9.26195161,0.0125,8.76195161,5.0,THIL_AMONT
1,13683,9.26660898,0.0125,8.76660898,5.0,THIL_AMONT
1,16559,7.11599923,0.025,6.61599923,4.0,JPT_ECL_AMONT
1,16558,7.1104971,0.025,6.6104971,4.0,JPT_ECL_AMONT
1,16557,7.11428818,0.025,6.61428818,4.0,JPT_ECL_AMONT
1,16558,7.11380362,0.025,6.61380362,4.0,JPT_ECL_AMONT
1,16699,7.10695326,0.025,6.60695326,4.0,JPT_ECL_AMONT
1,16700,7.09790983,0.025,6.59790983,4.0,JPT_ECL_AMONT
1,16698,7.08930557,0.05,6.58930557,4.0,JPT_ECL_AMONT
1,16697,7.09363544,0.05,6.59363544,4.0,JPT_ECL_AMONT
1,16698,7.09291408,0.05,6.59291408,4.0,JPT_ECL_AMONT
1,16704,7.07981914,0.05,6.57981914,4.0,JPT_ECL_AMONT
1,16705,7.05997359,0.05,6.55997359,4.0,JPT_ECL_AMONT
1,16696,7.06093016,0.05,6.56093016,4.0,JPT_ECL_AMONT
1,16708,7.05582516,0.1,6.55582516,4.0,JPT_ECL_AMONT
1,16486,7.68985604,0.025,7.14325496,1.0,MOULINAT_AVAL
1,16492,7.63441365,0.025,7.13441365,1.0,MOULINAT_AVAL
1,16493,7.6208392,0.025,7.1208392,1.0,MOULINAT_AVAL
1,16496,7.52898622,0.025,7.02898622,1.0,MOULINAT_AVAL
1,16537,7.35510788,0.025,6.85510788,1.0,MOULINAT_AVAL
1,16497,7.44920443,0.025,6.94920443,1.0,MOULINAT_AVAL
1,16537,7.30433369,0.025,6.80433369,1.0,MOULINAT_AVAL
1,16538,7.29346613,0.025,6.79346613,1.0,MOULINAT_AVAL
1,16541,7.21440931,0.025,6.71440931,1.0,MOULINAT_AVAL
1,16542,7.1354207,0.025,6.6354207,1.0,MOULINAT_AVAL
1,16555,7.0152668,0.025,6.5152668,1.0,MOULINAT_AVAL
1,16553,7.00952223,0.025,6.50952223,1.0,MOULINAT_AVAL
1,16555,7.02645522,0.025,6.52645522,1.0,MOULINAT_AVAL
1,16556,6.97004807,0.025,6.47004807,1.0,MOULINAT_AVAL
1,16559,6.86595603,0.025,6.36595603,1.0,MOULINAT_AVAL
