1 1 22.0 0.39379965468000006 ghb_n
1 2 22.0 0.39379965468000006 ghb_n
1 5 22.0 0.39379965468000006 ghb_n
1 3 22.0 0.39379965468000006 ghb_n
1 4 22.0 0.39379965468000006 ghb_n
1 6 22.0 0.39379965468000006 ghb_n
1 5 22.0 0.39379965468000006 ghb_n
1 9 22.0 0.39379965468000006 ghb_n
1 8 22.0 0.39379965468000006 ghb_n
1 9 22.0 0.39379965468000006 ghb_n
1 13 22.0 0.39379965468000006 ghb_n
1 12 22.0 0.39379965468000006 ghb_n
1 13 22.0 0.39379965468000006 ghb_n
1 16 22.0 0.39379965468000006 ghb_n
1 20 22.0 0.39379965468000006 ghb_n
1 17 22.0 0.39379965468000006 ghb_n
1 20 22.0 0.39379965468000006 ghb_n
1 24 22.0 0.39379965468000006 ghb_n
1 21 22.0 0.39379965468000006 ghb_n
1 24 22.0 0.39379965468000006 ghb_n
1 26 22.0 0.39379965468000006 ghb_n
1 25 22.0 0.39379965468000006 ghb_n
1 26 22.0 0.39379965468000006 ghb_n
1 61 22.0 0.39379965468000006 ghb_n
1 57 22.0 0.39379965468000006 ghb_n
1 60 22.0 0.39379965468000006 ghb_n
1 61 22.0 0.39379965468000006 ghb_n
1 99 22.0 0.39379965468000006 ghb_n
1 98 22.0 0.39379965468000006 ghb_n
1 99 22.0 0.39379965468000006 ghb_n
1 102 22.0 0.39379965468000006 ghb_n
1 101 22.0 0.39379965468000006 ghb_n
1 102 22.0 0.39379965468000006 ghb_n
1 164 22.0 0.39379965468000006 ghb_n
1 103 22.0 0.39379965468000006 ghb_n
1 161 22.0 0.39379965468000006 ghb_n
1 164 22.0 0.39379965468000006 ghb_n
1 290 22.0 0.39379965468000006 ghb_n
1 165 22.0 0.39379965468000006 ghb_n
1 290 22.0 0.39379965468000006 ghb_n
1 293 22.0 0.39379965468000006 ghb_n
1 291 22.0 0.39379965468000006 ghb_n
1 293 22.0 0.39379965468000006 ghb_n
1 837 22.0 0.39379965468000006 ghb_n
1 294 22.0 0.39379965468000006 ghb_n
1 834 22.0 0.39379965468000006 ghb_n
1 295 22.0 0.39379965468000006 ghb_n
1 837 22.0 0.39379965468000006 ghb_n
1 841 22.0 0.39379965468000006 ghb_n
1 838 22.0 0.39379965468000006 ghb_n
1 840 22.0 0.39379965468000006 ghb_n
1 841 22.0 0.39379965468000006 ghb_n
1 1838 22.0 0.39379965468000006 ghb_n
1 842 22.0 0.39379965468000006 ghb_n
1 1837 22.0 0.39379965468000006 ghb_n
1 843 22.0 0.39379965468000006 ghb_n
1 1838 22.0 0.39379965468000006 ghb_n
1 1842 22.0 0.39379965468000006 ghb_n
1 1841 22.0 0.39379965468000006 ghb_n
1 1842 22.0 0.39379965468000006 ghb_n
1 3002 22.0 0.39379965468000006 ghb_n
1 1844 22.0 0.39379965468000006 ghb_n
1 1846 22.0 0.39379965468000006 ghb_n
1 1845 22.0 0.39379965468000006 ghb_n
1 19683 22.0 0.25572540052 ghb_s
1 19664 22.0 0.25572540052 ghb_s
1 19682 22.0 0.25572540052 ghb_s
1 19667 22.0 0.25572540052 ghb_s
1 19680 22.0 0.25572540052 ghb_s
1 19664 22.0 0.25572540052 ghb_s
1 19663 22.0 0.25572540052 ghb_s
1 19638 22.0 0.25572540052 ghb_s
1 19641 22.0 0.25572540052 ghb_s
1 19640 22.0 0.25572540052 ghb_s
1 19638 22.0 0.25572540052 ghb_s
1 19604 22.0 0.25572540052 ghb_s
1 19637 22.0 0.25572540052 ghb_s
1 19606 22.0 0.25572540052 ghb_s
1 19607 22.0 0.25572540052 ghb_s
1 19604 22.0 0.25572540052 ghb_s
1 19559 22.0 0.25572540052 ghb_s
1 19603 22.0 0.25572540052 ghb_s
1 19560 22.0 0.25572540052 ghb_s
1 19563 22.0 0.25572540052 ghb_s
1 19562 22.0 0.25572540052 ghb_s
1 19559 22.0 0.25572540052 ghb_s
1 19505 22.0 0.25572540052 ghb_s
1 19558 22.0 0.25572540052 ghb_s
1 19508 22.0 0.25572540052 ghb_s
1 19505 22.0 0.25572540052 ghb_s
1 19504 22.0 0.25572540052 ghb_s
1 19439 22.0 0.25572540052 ghb_s
1 19502 22.0 0.25572540052 ghb_s
1 19501 22.0 0.25572540052 ghb_s
1 19439 22.0 0.25572540052 ghb_s
1 19365 22.0 0.25572540052 ghb_s
1 19438 22.0 0.25572540052 ghb_s
1 19368 22.0 0.25572540052 ghb_s
1 19436 22.0 0.25572540052 ghb_s
1 19365 22.0 0.25572540052 ghb_s
1 19286 22.0 0.25572540052 ghb_s
1 19364 22.0 0.25572540052 ghb_s
1 19288 22.0 0.25572540052 ghb_s
1 19289 22.0 0.25572540052 ghb_s
1 19286 22.0 0.25572540052 ghb_s
1 19185 22.0 0.25572540052 ghb_s
1 19183 22.0 0.25572540052 ghb_s
1 18950 22.0 0.25572540052 ghb_s
1 18952 22.0 0.25572540052 ghb_s
1 18950 22.0 1.0 ghb_w
1 16808 22.0 1.0 ghb_w
1 11886 22.0 1.0 ghb_w
1 16806 22.0 1.0 ghb_w
1 11886 22.0 1.0 ghb_w
1 6720 22.0 1.0 ghb_w
1 11884 22.0 1.0 ghb_w
1 6720 22.0 1.0 ghb_w
1 3006 22.0 1.0 ghb_w
1 6721 22.0 1.0 ghb_w
1 6719 22.0 1.0 ghb_w
1 3006 22.0 1.0 ghb_w
1 3005 22.0 1.0 ghb_w
1 1848 22.0 1.0 ghb_w
1 1847 22.0 1.0 ghb_w
1 1850 22.0 1.0 ghb_w
1 1848 22.0 1.0 ghb_w
1 845 22.0 1.0 ghb_w
1 1849 22.0 1.0 ghb_w
1 845 22.0 1.0 ghb_w
1 846 22.0 1.0 ghb_w
1 844 22.0 1.0 ghb_w
1 846 22.0 1.0 ghb_w
1 297 22.0 1.0 ghb_w
1 296 22.0 1.0 ghb_w
1 298 22.0 1.0 ghb_w
1 296 22.0 1.0 ghb_w
1 166 22.0 1.0 ghb_w
1 167 22.0 1.0 ghb_w
1 166 22.0 1.0 ghb_w
1 104 22.0 1.0 ghb_w
1 105 22.0 1.0 ghb_w
1 107 22.0 1.0 ghb_w
1 105 22.0 1.0 ghb_w
1 64 22.0 1.0 ghb_w
1 62 22.0 1.0 ghb_w
1 27 22.0 1.0 ghb_w
1 63 22.0 1.0 ghb_w
1 27 22.0 1.0 ghb_w
1 30 22.0 1.0 ghb_w
1 29 22.0 1.0 ghb_w
1 28 22.0 1.0 ghb_w
1 29 22.0 1.0 ghb_w
1 1 22.0 1.0 ghb_w
