1 22789 15.69655383 0.12278821035999998 13.65685412 18.0 GAJAC
1 22787 15.67503688 0.12278821035999998 13.64002884 18.0 GAJAC
1 22788 15.598175699999999 0.12278821035999998 13.57992687 18.0 GAJAC
1 22791 15.47692211 0.12278821035999998 13.48511202 18.0 GAJAC
1 17793 15.41664591 0.12278821035999998 13.43797876 18.0 GAJAC
1 17794 15.28859066 0.12278821035999998 13.33784533 18.0 GAJAC
1 17792 15.278943 0.12278821035999998 13.33030129 18.0 GAJAC
1 17795 15.159312400000001 0.12278821035999998 13.23675556 18.0 GAJAC
1 12797 15.13396679 0.12278821035999998 13.21693643 18.0 GAJAC
1 12798 15.03849846 0.12278821035999998 13.14228451 18.0 GAJAC
1 12807 14.89732153 0.06139410517999999 13.03189052 18.0 GAJAC
1 12810 14.82815083 0.06139410517999999 12.97780215 18.0 GAJAC
1 12809 14.8448082 0.06139410517999999 12.99082746 18.0 GAJAC
1 12810 14.82466785 0.06139410517999999 12.97507862 18.0 GAJAC
1 17800 14.78216071 0.06139410517999999 12.94183996 18.0 GAJAC
1 17803 14.74259146 0.06139410517999999 12.91089858 18.0 GAJAC
1 17805 14.68545377 0.06139410517999999 12.86621949 18.0 GAJAC
1 17806 14.65860339 0.06139410517999999 12.8452237 18.0 GAJAC
1 17820 14.58161966 0.06139410517999999 12.7850259 18.0 GAJAC
1 17821 14.51044259 0.030697052589999996 12.72936865 18.0 GAJAC
1 17824 14.47799795 0.030697052589999996 12.7039984 18.0 GAJAC
1 17822 14.47254957 0.030697052589999996 12.69973801 18.0 GAJAC
1 17824 14.45786272 0.030697052589999996 12.68825356 18.0 GAJAC
1 17847 14.45865861 0.030697052589999996 12.68887591 18.0 GAJAC
1 17848 14.43104561 0.030697052589999996 12.66728378 18.0 GAJAC
1 17859 14.39853187 0.015348526294999998 12.64185951 18.0 GAJAC
1 17860 14.38552637 0.015348526294999998 12.6316898 18.0 GAJAC
1 17883 14.36308793 0.015348526294999998 12.61414394 18.0 GAJAC
1 17863 14.36878711 0.015348526294999998 12.61860044 18.0 GAJAC
1 17883 14.35550523 0.015348526294999998 12.60821461 18.0 GAJAC
1 17864 14.35275928 0.015348526294999998 12.60606741 18.0 GAJAC
1 17884 14.35416936 0.015348526294999998 12.60717003 18.0 GAJAC
1 12732 8.60517056 0.04568046112149999 6.17831887 15.0 BUSSAGUET_AVAL
1 17656 8.62342003 0.04568046112149999 6.29803538 15.0 BUSSAGUET_AVAL
1 17655 8.61586563 0.04568046112149999 6.2484785 15.0 BUSSAGUET_AVAL
1 17656 8.625989500000001 0.04568046112149999 6.31489111 15.0 BUSSAGUET_AVAL
1 17658 8.63967339 0.04568046112149999 6.40465745 15.0 BUSSAGUET_AVAL
1 17667 8.68098391 0.04568046112149999 6.67565448 15.0 BUSSAGUET_AVAL
1 17661 8.67488843 0.04568046112149999 6.63566809 15.0 BUSSAGUET_AVAL
1 17667 8.68638284 0.04568046112149999 6.71107146 15.0 BUSSAGUET_AVAL
1 17670 8.72412013 0.04568046112149999 6.95862802 15.0 BUSSAGUET_AVAL
1 17669 8.716788300000001 0.04568046112149999 6.91053127 15.0 BUSSAGUET_AVAL
1 26629 22.88671118 0.020113477882000002 21.75671118 5.0 HAILLAN4
1 26601 22.28878519 0.020113477882000002 21.15878519 5.0 HAILLAN4
1 26602 22.00607306 0.020113477882000002 20.87607306 5.0 HAILLAN4
1 26601 21.91517972 0.020113477882000002 20.78517972 5.0 HAILLAN4
1 26599 21.77960563 0.020113477882000002 20.64960563 5.0 HAILLAN4
1 26600 21.70812273 0.020113477882000002 20.57812273 5.0 HAILLAN4
1 26562 21.32561713 0.020113477882000002 20.19561713 5.0 HAILLAN4
1 26565 21.22233584 0.020113477882000002 20.09233584 5.0 HAILLAN4
1 26563 20.82138069 0.020113477882000002 19.69138069 5.0 HAILLAN4
1 26564 20.4452843 0.020113477882000002 19.3152843 5.0 HAILLAN4
1 26516 20.43911553 0.020113477882000002 19.30911553 5.0 HAILLAN4
1 26519 19.87070685 0.020113477882000002 18.74070685 5.0 HAILLAN4
1 26517 19.7379929 0.020113477882000002 18.607992899999996 5.0 HAILLAN4
1 26519 19.74808806 0.020113477882000002 18.61808806 5.0 HAILLAN4
1 26517 19.89639952 0.020113477882000002 18.76639952 5.0 HAILLAN4
1 26457 19.51318879 0.020113477882000002 18.38318879 5.0 HAILLAN4
1 26458 18.88437126 0.020113477882000002 17.75437126 5.0 HAILLAN4
1 26611 21.38634217 0.020158777786 20.36195296 17.0 HAILLAN5
1 26573 21.16836997 0.020158777786 20.13501071 17.0 HAILLAN5
1 26571 20.80777912 0.020158777786 19.75958073 17.0 HAILLAN5
1 26523 20.19754375 0.020158777786 19.12423279 17.0 HAILLAN5
1 26520 20.27885751 0.020158777786 19.2088928 17.0 HAILLAN5
1 26518 20.03569561 0.020158777786 18.95572423 17.0 HAILLAN5
1 26458 19.52641483 0.020158777786 18.4254854 17.0 HAILLAN5
1 26550 22.11678048 0.01789990728560001 21.12158962 6.0 HAILLAN2
1 26553 21.98416276 0.01789990728560001 20.98351057 6.0 HAILLAN2
1 26552 21.38851568 0.01789990728560001 20.36333412 6.0 HAILLAN2
1 26554 21.33897367 0.01789990728560001 20.31175192 6.0 HAILLAN2
1 26552 21.32106572 0.01789990728560001 20.2931065 6.0 HAILLAN2
1 26507 20.78356496 0.01789990728560001 19.733470899999997 6.0 HAILLAN2
1 26555 20.94904995 0.01789990728560001 19.90577073 6.0 HAILLAN2
1 26507 20.54693694 0.01789990728560001 19.48709829 6.0 HAILLAN2
1 26508 20.58152902 0.01789990728560001 19.52311491 6.0 HAILLAN2
1 26506 20.21366032 0.01789990728560001 19.14009699 6.0 HAILLAN2
1 26509 19.72282719 0.01789990728560001 18.62905085 6.0 HAILLAN2
1 26449 19.75861114 0.01789990728560001 18.66630841 6.0 HAILLAN2
1 26447 19.09196954 0.01789990728560001 17.97221382 6.0 HAILLAN2
1 26448 19.01145332 0.01789990728560001 17.88838185 6.0 HAILLAN2
1 26380 18.73175203 0.01789990728560001 17.59716218 6.0 HAILLAN2
1 26378 18.18186178 0.01789990728560001 17.02462687 6.0 HAILLAN2
1 26381 17.77349057 0.01789990728560001 16.59943851 6.0 HAILLAN2
1 26289 17.56273471 0.01789990728560001 16.38000351 6.0 HAILLAN2
1 26381 17.62905767 0.01789990728560001 16.44905771 6.0 HAILLAN2
1 26289 17.55355139 0.01789990728560001 16.370442 6.0 HAILLAN2
1 26284 17.03460432 0.008949953642800004 15.83012416 6.0 HAILLAN2
1 26285 16.73998601 0.008949953642800004 15.52337316 6.0 HAILLAN2
1 26287 16.75682994 0.008949953642800004 15.54091074 6.0 HAILLAN2
1 26285 16.82073722 0.008949953642800004 15.60744979 6.0 HAILLAN2
1 26090 16.62425922 0.008949953642800004 15.40288062 6.0 HAILLAN2
1 26088 16.37277527 0.008949953642800004 15.141040300000002 6.0 HAILLAN2
1 26085 16.3530833 0.008949953642800004 15.12053739 6.0 HAILLAN2
1 26067 16.1488413 0.004474976821400002 14.90788449 6.0 HAILLAN2
1 26065 16.05134956 0.004474976821400002 14.80637794 6.0 HAILLAN2
1 26070 15.91018768 0.004474976821400002 14.65940287 6.0 HAILLAN2
1 26076 15.89579703 0.004474976821400002 14.644419599999999 6.0 HAILLAN2
1 26070 15.88217714 0.004474976821400002 14.63023882 6.0 HAILLAN2
1 26068 15.80264787 0.004474976821400002 14.54743445 6.0 HAILLAN2
1 25161 15.64713294 0.002237488410700001 14.38551526 6.0 HAILLAN2
1 26069 15.76121482 0.004474976821400002 14.50429515 6.0 HAILLAN2
1 25160 15.66658993 0.002237488410700001 14.40577351 6.0 HAILLAN2
1 25161 15.661269800000001 0.002237488410700001 14.40023429 6.0 HAILLAN2
1 25159 15.62881329 0.002237488410700001 14.36644119 6.0 HAILLAN2
1 26458 18.83756329 0.010108710268599998 17.70829172 4.0 HAILLAN3
1 26456 19.02189235 0.010108710268599998 17.90026576 4.0 HAILLAN3
1 26388 18.5183999 0.010108710268599998 17.37589114 4.0 HAILLAN3
1 26386 18.11269914 0.010108710268599998 16.95336408 4.0 HAILLAN3
1 26300 17.60098959 0.010108710268599998 16.42043156 4.0 HAILLAN3
1 26299 17.279476199999998 0.010108710268599998 16.08558351 4.0 HAILLAN3
1 26294 17.08673395 0.005054355134299999 15.88484734 4.0 HAILLAN3
1 26292 16.89926735 0.005054355134299999 15.68960563 4.0 HAILLAN3
1 26127 16.67020434 0.005054355134299999 15.45104231 4.0 HAILLAN3
1 26126 16.49044468 0.005054355134299999 15.26382718 4.0 HAILLAN3
1 26124 16.46215171 0.005054355134299999 15.23436076 4.0 HAILLAN3
1 26103 16.22989903 0.0025271775671499995 14.99247549 4.0 HAILLAN3
1 26101 16.11278474 0.0025271775671499995 14.87050393 4.0 HAILLAN3
1 26100 16.00000802 0.0025271775671499995 14.75304983 4.0 HAILLAN3
1 26094 16.02390698 0.0025271775671499995 14.77793998 4.0 HAILLAN3
1 26075 15.88952711 0.0025271775671499995 14.63798676 4.0 HAILLAN3
1 26073 15.84796739 0.0025271775671499995 14.59470336 4.0 HAILLAN3
1 26072 15.76057625 0.0025271775671499995 14.50368771 4.0 HAILLAN3
1 25172 15.67871762 0.0012635887835749998 14.41843402 4.0 HAILLAN3
1 25173 15.68268824 0.0012635887835749998 14.42256932 4.0 HAILLAN3
1 25172 15.655053899999999 0.0012635887835749998 14.39378885 4.0 HAILLAN3
1 25159 15.60177052 0.0012635887835749998 14.33829556 4.0 HAILLAN3
1 25170 15.61627925 0.0012635887835749998 14.35340604 4.0 HAILLAN3
1 25159 15.60479082 0.0012635887835749998 14.34144113 4.0 HAILLAN3
1 25159 15.58701503 8.746423966e-06 14.32479983 9.0 HAILLAN1
1 25153 15.53695382 8.746423966e-06 14.26840609 9.0 HAILLAN1
1 25152 15.52285233 8.746423966e-06 14.25252083 9.0 HAILLAN1
1 25150 15.480870600000001 8.746423966e-06 14.20522859 9.0 HAILLAN1
1 25128 15.31922492 8.746423966e-06 14.02313542 9.0 HAILLAN1
1 25123 15.19686995 8.746423966e-06 13.88530307 9.0 HAILLAN1
1 25125 15.30472935 8.746423966e-06 14.00680623 9.0 HAILLAN1
1 25123 15.23661419 8.746423966e-06 13.93007479 9.0 HAILLAN1
1 25116 15.08848986 8.746423966e-06 13.76321336 9.0 HAILLAN1
1 25122 15.10361989 8.746423966e-06 13.78025728 9.0 HAILLAN1
1 25116 15.13441784 8.746423966e-06 13.81495104 9.0 HAILLAN1
1 25114 14.98712045 8.746423966e-06 13.64902115 9.0 HAILLAN1
1 25071 14.97399921 8.746423966e-06 13.63424014 9.0 HAILLAN1
1 24817 14.91535249 8.746423966e-06 13.56817485 9.0 HAILLAN1
1 24811 14.75362759 4.373211983e-06 13.38599244 9.0 HAILLAN1
1 24816 14.78189349 8.746423966e-06 13.41783387 9.0 HAILLAN1
1 24811 14.76084134 4.373211983e-06 13.39411871 9.0 HAILLAN1
1 24809 14.71293383 4.373211983e-06 13.3401511 9.0 HAILLAN1
1 24792 14.65011399 4.373211983e-06 13.26938482 9.0 HAILLAN1
1 24808 14.67711754 4.373211983e-06 13.299804199999999 9.0 HAILLAN1
1 24792 14.66679728 4.373211983e-06 13.28817848 9.0 HAILLAN1
1 24790 14.62521072 4.373211983e-06 13.24133139 9.0 HAILLAN1
1 24784 14.57719527 4.373211983e-06 13.18724219 9.0 HAILLAN1
1 24782 14.53035802 4.373211983e-06 13.13448023 9.0 HAILLAN1
1 24697 14.46467683 4.373211983e-06 13.06049066 9.0 HAILLAN1
1 24708 14.46333214 4.373211983e-06 13.05897587 9.0 HAILLAN1
1 24697 14.453390599999999 4.373211983e-06 13.04777676 9.0 HAILLAN1
1 24695 14.43662132 4.373211983e-06 13.02888624 9.0 HAILLAN1
1 24689 14.39470545 4.373211983e-06 12.98166819 9.0 HAILLAN1
1 24686 14.32103663 4.373211983e-06 12.89868058 9.0 HAILLAN1
1 24688 14.3129008 4.373211983e-06 12.88951561 9.0 HAILLAN1
1 24686 14.3097449 4.373211983e-06 12.8859605 9.0 HAILLAN1
1 24659 14.20831695 4.373211983e-06 12.77170234 9.0 HAILLAN1
1 24664 14.28050752 4.373211983e-06 12.85302472 9.0 HAILLAN1
1 24662 14.20790714 4.373211983e-06 12.77124069 9.0 HAILLAN1
1 24659 14.21177472 4.373211983e-06 12.7755975 9.0 HAILLAN1
1 24653 14.18215497 4.373211983e-06 12.74223099 9.0 HAILLAN1
1 24651 14.134770699999999 4.373211983e-06 12.68885281 9.0 HAILLAN1
1 21494 14.09076004 4.373211983e-06 12.63927499 9.0 HAILLAN1
1 21495 14.01581423 4.373211983e-06 12.55484885 9.0 HAILLAN1
1 21492 14.02053436 4.373211983e-06 12.56016605 9.0 HAILLAN1
1 21495 13.99857842 4.373211983e-06 12.53543279 9.0 HAILLAN1
1 21489 13.98684945 4.373211983e-06 12.52222014 9.0 HAILLAN1
1 21488 13.90220906 4.373211983e-06 12.42687311 9.0 HAILLAN1
1 21487 13.91854657 4.373211983e-06 12.44527725 9.0 HAILLAN1
1 21488 13.90647365 4.373211983e-06 12.43167715 9.0 HAILLAN1
1 21466 13.89177903 4.373211983e-06 12.41512373 9.0 HAILLAN1
1 21477 13.8296416 4.373211983e-06 12.34512618 9.0 HAILLAN1
1 21476 13.76689678 4.373211983e-06 12.2744444 9.0 HAILLAN1
1 21475 13.78954975 4.373211983e-06 12.29996288 9.0 HAILLAN1
1 21476 13.72746538 4.373211983e-06 12.230025099999999 9.0 HAILLAN1
1 21470 13.71935334 4.373211983e-06 12.22088692 9.0 HAILLAN1
1 21473 13.7084019 4.373211983e-06 12.20855018 9.0 HAILLAN1
1 21471 13.67357172 4.373211983e-06 12.16931412 9.0 HAILLAN1
1 21386 13.58158037 4.373211983e-06 12.06568626 9.0 HAILLAN1
1 21472 13.61278812 4.373211983e-06 12.10084166 9.0 HAILLAN1
1 21386 13.59399175 4.373211983e-06 12.07966763 9.0 HAILLAN1
1 21557 13.58178344 4.373211983e-06 12.06591502 9.0 HAILLAN1
1 21555 13.52587732 4.373211983e-06 12.00293701 9.0 HAILLAN1
1 21549 13.47523469 4.373211983e-06 11.94588831 9.0 HAILLAN1
1 21550 13.42977323 4.373211983e-06 11.89467617 9.0 HAILLAN1
1 21548 13.39841912 4.373211983e-06 11.85935589 9.0 HAILLAN1
1 21529 13.31467702 4.373211983e-06 11.76502078 9.0 HAILLAN1
1 21526 13.32287505 4.373211983e-06 11.77425582 9.0 HAILLAN1
1 21529 13.33455097 4.373211983e-06 11.7874087 9.0 HAILLAN1
1 21527 13.29384807 4.373211983e-06 11.74155705 9.0 HAILLAN1
1 21519 13.18809881 4.373211983e-06 11.62243097 9.0 HAILLAN1
1 21521 13.24746271 4.373211983e-06 11.68930414 9.0 HAILLAN1
1 21519 13.17400245 4.373211983e-06 11.60655148 9.0 HAILLAN1
1 21169 13.04178386 4.373211983e-06 11.45760781 9.0 HAILLAN1
1 21177 13.15598545 4.373211983e-06 11.5862554 9.0 HAILLAN1
1 21175 13.11022761 4.373211983e-06 11.53470939 9.0 HAILLAN1
1 21169 13.06395751 4.373211983e-06 11.48258632 9.0 HAILLAN1
1 21145 12.95499198 4.373211983e-06 11.35983712 9.0 HAILLAN1
1 21167 13.01868815 4.373211983e-06 11.43159058 9.0 HAILLAN1
1 21145 12.95770148 4.373211983e-06 11.36288936 9.0 HAILLAN1
1 21137 12.85980997 4.373211983e-06 11.25261499 9.0 HAILLAN1
1 21143 12.92704258 4.373211983e-06 11.32835224 9.0 HAILLAN1
1 21137 12.87686282 4.373211983e-06 11.27182495 9.0 HAILLAN1
1 21049 12.78282425 4.373211983e-06 11.1658909 9.0 HAILLAN1
1 21135 12.83544823 4.373211983e-06 11.2251716 9.0 HAILLAN1
1 21049 12.74201889 4.373211983e-06 11.11992384 9.0 HAILLAN1
1 21047 12.74584073 4.373211983e-06 11.12422913 9.0 HAILLAN1
1 21042 12.687113499999999 4.373211983e-06 11.05807316 9.0 HAILLAN1
1 21041 12.66956852 4.373211983e-06 11.03830881 9.0 HAILLAN1
1 21042 12.62098775 4.373211983e-06 10.98358278 9.0 HAILLAN1
1 21029 12.56460412 4.373211983e-06 10.92006687 9.0 HAILLAN1
1 21040 12.62158051 4.373211983e-06 10.98425052 9.0 HAILLAN1
1 21051 12.59039105 4.373211983e-06 10.94911573 9.0 HAILLAN1
1 21029 12.56366558 4.373211983e-06 10.91900961 9.0 HAILLAN1
1 21022 12.45357674 4.373211983e-06 10.79499499 9.0 HAILLAN1
1 21027 12.53387204 4.373211983e-06 10.885447300000001 9.0 HAILLAN1
1 21021 12.46996913 4.373211983e-06 10.81346095 9.0 HAILLAN1
1 21022 12.43100426 4.373211983e-06 10.76956719 9.0 HAILLAN1
1 16702 12.38344435 4.373211983e-06 10.71599116 9.0 HAILLAN1
1 21020 12.43711848 4.373211983e-06 10.77645483 9.0 HAILLAN1
1 16702 12.33379698 4.373211983e-06 10.66006361 9.0 HAILLAN1
1 16698 12.26074287 4.373211983e-06 10.57776847 9.0 HAILLAN1
1 16705 12.3152421 4.373211983e-06 10.63916162 9.0 HAILLAN1
1 16697 12.25435606 4.373211983e-06 10.57057375 9.0 HAILLAN1
1 16703 12.34435873 4.373211983e-06 10.67196138 9.0 HAILLAN1
1 16698 12.22976746 4.373211983e-06 10.5428748 9.0 HAILLAN1
1 16696 12.21575709 4.373211983e-06 10.52709217 9.0 HAILLAN1
1 16715 12.10488887 4.373211983e-06 10.4021996 9.0 HAILLAN1
1 16739 12.15763726 4.373211983e-06 10.46162043 9.0 HAILLAN1
1 16717 12.16925464 4.373211983e-06 10.47470736 9.0 HAILLAN1
1 16715 12.10063892 4.373211983e-06 10.39741205 9.0 HAILLAN1
1 16710 12.03960286 4.373211983e-06 10.32865518 9.0 HAILLAN1
1 16709 12.05821628 4.373211983e-06 10.34962312 9.0 HAILLAN1
1 16710 12.00065262 4.373211983e-06 10.28477791 9.0 HAILLAN1
1 16625 11.95080766 4.373211983e-06 10.22862777 9.0 HAILLAN1
1 16708 12.02001797 4.373211983e-06 10.30659289 9.0 HAILLAN1
1 16711 11.95413736 4.373211983e-06 10.23237867 9.0 HAILLAN1
1 16625 11.91534995 4.373211983e-06 10.18868482 9.0 HAILLAN1
1 16635 11.82389282 4.373211983e-06 10.08565875 9.0 HAILLAN1
1 16626 11.88666326 4.373211983e-06 10.15636938 9.0 HAILLAN1
1 16624 11.89597546 4.373211983e-06 10.16685953 9.0 HAILLAN1
1 16635 11.81721511 4.373211983e-06 10.07813634 9.0 HAILLAN1
1 16628 11.74026598 4.373211983e-06 9.99145347 9.0 HAILLAN1
1 16629 11.82299636 4.373211983e-06 10.08464889 9.0 HAILLAN1
1 16630 11.77352645 4.373211983e-06 10.02892125 9.0 HAILLAN1
1 16628 11.72950847 4.373211983e-06 9.97933518 9.0 HAILLAN1
1 16609 11.68880191 4.373211983e-06 9.93347941 9.0 HAILLAN1
1 16631 11.68702728 4.373211983e-06 9.93148031 9.0 HAILLAN1
1 16609 11.66655508 4.373211983e-06 9.90841846 9.0 HAILLAN1
1 16607 11.65448033 4.373211983e-06 9.8948163 9.0 HAILLAN1
1 16602 11.57619565 4.373211983e-06 9.80662895 9.0 HAILLAN1
1 16601 11.57868379 4.373211983e-06 9.80943182 9.0 HAILLAN1
1 16602 11.58080602 4.373211983e-06 9.8118225 9.0 HAILLAN1
1 16600 11.5495763 4.373211983e-06 9.77664237 9.0 HAILLAN1
1 16941 11.47469452 4.373211983e-06 9.69228836 9.0 HAILLAN1
1 16258 11.47548121 4.373211983e-06 9.69317456 9.0 HAILLAN1
1 16941 11.47495065 4.373211983e-06 9.69257689 9.0 HAILLAN1
1 16939 11.44805687 4.373211983e-06 9.66228116 9.0 HAILLAN1
1 16932 11.33014505 4.373211983e-06 9.52945399 9.0 HAILLAN1
1 16933 11.38859785 4.373211983e-06 9.59530082 9.0 HAILLAN1
1 16934 11.35570328 4.373211983e-06 9.55824524 9.0 HAILLAN1
1 16932 11.33898157 4.373211983e-06 9.539408300000002 9.0 HAILLAN1
1 16913 11.27311927 4.373211983e-06 9.46521469 9.0 HAILLAN1
1 16910 11.279321300000001 4.373211983e-06 9.47220126 9.0 HAILLAN1
1 16913 11.23530332 4.373211983e-06 9.4226152 9.0 HAILLAN1
1 16912 11.20257341 4.373211983e-06 9.38574509 9.0 HAILLAN1
1 16911 11.20456758 4.373211983e-06 9.38799151 9.0 HAILLAN1
1 16912 11.2026283 4.373211983e-06 9.38580692 9.0 HAILLAN1
1 16906 11.14602331 4.373211983e-06 9.32204164 9.0 HAILLAN1
1 16917 11.14547445 4.373211983e-06 9.32142336 9.0 HAILLAN1
1 16915 11.09697418 4.373211983e-06 9.26678801 9.0 HAILLAN1
1 16916 11.078294900000001 4.373211983e-06 9.24574588 9.0 HAILLAN1
1 16919 11.03253889 4.373211983e-06 9.19420193 9.0 HAILLAN1
1 16920 10.98676458 4.373211983e-06 9.14263737 9.0 HAILLAN1
1 16963 10.931970800000002 4.373211983e-06 9.08091241 9.0 HAILLAN1
1 16878 10.87995787 4.373211983e-06 9.02232007 9.0 HAILLAN1
1 16877 10.88369007 4.373211983e-06 9.02652437 9.0 HAILLAN1
1 16878 10.85328364 4.373211983e-06 8.99227166 9.0 HAILLAN1
1 16881 10.83028672 4.373211983e-06 8.96636572 9.0 HAILLAN1
1 16879 10.78992776 4.373211983e-06 8.92090153 9.0 HAILLAN1
1 16880 10.7879153 4.373211983e-06 8.9186345 9.0 HAILLAN1
1 16891 10.73478637 4.373211983e-06 8.85878499 9.0 HAILLAN1
1 16892 10.68694472 4.373211983e-06 8.80489157 9.0 HAILLAN1
1 16889 10.61222759 4.373211983e-06 8.72072305 9.0 HAILLAN1
1 16895 10.62538176 4.373211983e-06 8.73554116 9.0 HAILLAN1
1 16889 10.59440818 4.373211983e-06 8.70064955 9.0 HAILLAN1
1 16888 10.54309046 4.373211983e-06 8.64284037 9.0 HAILLAN1
1 16890 10.56361755 4.373211983e-06 8.66596404 9.0 HAILLAN1
1 16888 10.54885341 4.373211983e-06 8.64933231 9.0 HAILLAN1
1 17059 10.50359137 4.373211983e-06 8.59834481 9.0 HAILLAN1
1 17037 10.49469996 4.373211983e-06 8.58832867 9.0 HAILLAN1
1 17035 10.44325418 4.373211983e-06 8.53037522 9.0 HAILLAN1
1 17030 10.38326459 4.373211983e-06 8.46279721 9.0 HAILLAN1
1 17036 10.38375856 4.373211983e-06 8.46335366 9.0 HAILLAN1
1 17030 10.35975541 4.373211983e-06 8.43631421 9.0 HAILLAN1
1 17031 10.30576661 4.373211983e-06 8.37549606 9.0 HAILLAN1
1 17033 10.32312865 4.373211983e-06 8.39505432 9.0 HAILLAN1
1 17031 10.27170116 4.373211983e-06 8.33712148 9.0 HAILLAN1
1 17032 10.28619087 4.373211983e-06 8.35344407 9.0 HAILLAN1
1 17045 10.20291164 4.373211983e-06 8.25963038 9.0 HAILLAN1
1 17043 10.22358509 4.373211983e-06 8.28291893 9.0 HAILLAN1
1 17045 10.20152121 4.373211983e-06 8.25806407 9.0 HAILLAN1
1 17046 10.17228567 4.373211983e-06 8.22513035 9.0 HAILLAN1
1 17055 10.10750277 4.373211983e-06 8.15215269 9.0 HAILLAN1
1 17052 10.14045222 4.373211983e-06 8.1892701 9.0 HAILLAN1
1 17055 10.10012985 4.373211983e-06 8.14384713 9.0 HAILLAN1
1 17056 10.07332755 4.373211983e-06 8.11365445 9.0 HAILLAN1
1 17093 10.05247115 8.746423966e-06 8.09015981 9.0 HAILLAN1
1 17094 9.91657525 8.746423966e-06 7.93707366 9.0 HAILLAN1
1 17092 9.93181506 8.746423966e-06 7.95424124 9.0 HAILLAN1
1 17095 9.77251975 8.746423966e-06 7.77479575 9.0 HAILLAN1
1 12600 9.77283077 8.746423966e-06 7.77514611 9.0 HAILLAN1
1 12259 10.12614209 0.006280979510749997 7.83008306 0.0 BUSSAGUET_AMONT
1 12257 10.10985966 0.006280979510749997 7.82889888 0.0 BUSSAGUET_AMONT
1 12253 10.12318019 0.006280979510749997 7.82986765 0.0 BUSSAGUET_AMONT
1 12256 10.12784755 0.006280979510749997 7.83020709 0.0 BUSSAGUET_AMONT
1 12257 10.11482009 0.006280979510749997 7.82925964 0.0 BUSSAGUET_AMONT
1 12269 10.08876166 0.006280979510749997 7.82736448 0.0 BUSSAGUET_AMONT
1 12268 10.103920800000001 0.006280979510749997 7.82846697 0.0 BUSSAGUET_AMONT
1 12269 10.086221499999999 0.006280979510749997 7.82717975 0.0 BUSSAGUET_AMONT
1 12271 10.06804615 0.006280979510749997 7.8258579 0.0 BUSSAGUET_AMONT
1 12267 10.07592875 0.006280979510749997 7.82643118 0.0 BUSSAGUET_AMONT
1 12270 10.08103295 0.006280979510749997 7.8268024 0.0 BUSSAGUET_AMONT
1 12271 10.05731117 0.006280979510749997 7.82507718 0.0 BUSSAGUET_AMONT
1 12446 10.03390683 0.006280979510749997 7.82337504 0.0 BUSSAGUET_AMONT
1 12442 10.05824388 0.006280979510749997 7.82514501 0.0 BUSSAGUET_AMONT
1 12443 10.04682066 0.006280979510749997 7.82431423 0.0 BUSSAGUET_AMONT
1 12446 10.02271495 0.006280979510749997 7.82256109 0.0 BUSSAGUET_AMONT
1 12164 10.00358379 0.006280979510749997 7.82116973 0.0 BUSSAGUET_AMONT
1 12447 10.02394226 0.006280979510749997 7.82265035 0.0 BUSSAGUET_AMONT
1 12458 10.00929864 0.006280979510749997 7.82158536 0.0 BUSSAGUET_AMONT
1 12164 10.00238571 0.006280979510749997 7.8210826 0.0 BUSSAGUET_AMONT
1 12168 9.9875263 0.006280979510749997 7.82000191 0.0 BUSSAGUET_AMONT
1 12165 10.00139847 0.006280979510749997 7.821010799999999 0.0 BUSSAGUET_AMONT
1 12168 9.97931908 0.006280979510749997 7.81940502 0.0 BUSSAGUET_AMONT
1 12180 9.96157392 0.012561959021499994 7.81811447 0.0 BUSSAGUET_AMONT
1 12169 9.97824102 0.006280979510749997 7.81932662 0.0 BUSSAGUET_AMONT
1 12180 9.96930146 0.012561959021499994 7.81867647 0.0 BUSSAGUET_AMONT
1 12181 9.9493993 0.012561959021499994 7.81722904 0.0 BUSSAGUET_AMONT
1 12185 9.89776383 0.012561959021499994 7.81347373 0.0 BUSSAGUET_AMONT
1 12184 9.92687035 0.012561959021499994 7.81559057 0.0 BUSSAGUET_AMONT
1 12185 9.89016532 0.012561959021499994 7.81292111 0.0 BUSSAGUET_AMONT
1 12638 9.88188796 0.012561959021499994 7.81231912 0.0 BUSSAGUET_AMONT
1 12642 9.8294235 0.012561959021499994 7.80850353 0.0 BUSSAGUET_AMONT
1 12639 9.85953883 0.012561959021499994 7.81069373 0.0 BUSSAGUET_AMONT
1 12642 9.82018542 0.012561959021499994 7.80783167 0.0 BUSSAGUET_AMONT
1 12675 9.80964677 0.012561959021499994 7.80706522 0.0 BUSSAGUET_AMONT
1 12674 9.80468179 0.012561959021499994 7.80670413 0.0 BUSSAGUET_AMONT
1 12675 9.78606673 0.012561959021499994 7.80535031 0.0 BUSSAGUET_AMONT
1 12689 9.74956086 0.012561959021499994 7.80269534 0.0 BUSSAGUET_AMONT
1 12686 9.78539059 0.012561959021499994 7.80530113 0.0 BUSSAGUET_AMONT
1 12688 9.760166499999999 0.012561959021499994 7.80346665 0.0 BUSSAGUET_AMONT
1 12689 9.75922377 0.012561959021499994 7.80339809 0.0 BUSSAGUET_AMONT
1 12695 9.72646006 0.025123918042999988 7.80101528 0.0 BUSSAGUET_AMONT
1 12692 9.72114128 0.012561959021499994 7.80062846 0.0 BUSSAGUET_AMONT
1 12695 9.72515003 0.025123918042999988 7.80092 0.0 BUSSAGUET_AMONT
1 12716 9.67087428 0.025123918042999988 7.79697267 0.0 BUSSAGUET_AMONT
1 12732 9.61060854 0.025123918042999988 7.79258971 0.0 BUSSAGUET_AMONT
1 12730 9.66277855 0.025123918042999988 7.79638389 0.0 BUSSAGUET_AMONT
1 12732 9.61915069 0.025123918042999988 7.79321096 0.0 BUSSAGUET_AMONT
1 12768 6.21310961 0.21025768377999998 4.38709519 13.0 NOIR_AMONT
1 12769 6.14437474 0.21025768377999998 4.35983826 13.0 NOIR_AMONT
1 12772 6.02065344 0.21025768377999998 4.31077636 13.0 NOIR_AMONT
1 17772 5.85102059 0.21025768377999998 4.24350816 13.0 NOIR_AMONT
1 17771 5.85106721 0.21025768377999998 4.24352665 13.0 NOIR_AMONT
1 17772 5.86003372 0.21025768377999998 4.24708234 13.0 NOIR_AMONT
1 17775 5.7688458 0.21025768377999998 4.21092161 13.0 NOIR_AMONT
1 14991 10.42544141 0.008233232329249997 8.13022445 7.0 THIL_AVAL
1 15028 10.40203861 0.008233232329249997 8.11832472 7.0 THIL_AVAL
1 14992 10.427788099999999 0.008233232329249997 8.13141768 7.0 THIL_AVAL
1 15006 10.40300015 0.008233232329249997 8.11881363 7.0 THIL_AVAL
1 14994 10.41875024 0.008233232329249997 8.12682216 7.0 THIL_AVAL
1 15005 10.41847137 0.008233232329249997 8.12668036 7.0 THIL_AVAL
1 15028 10.39246856 0.008233232329249997 8.11345859 7.0 THIL_AVAL
1 15034 10.37939595 0.008233232329249997 8.106811500000001 7.0 THIL_AVAL
1 15031 10.39513964 0.008233232329249997 8.11481677 7.0 THIL_AVAL
1 15033 10.381195300000002 0.008233232329249997 8.10772642 7.0 THIL_AVAL
1 15034 10.38248409 0.008233232329249997 8.10838174 7.0 THIL_AVAL
1 15078 10.36301034 0.008233232329249997 8.09847983 7.0 THIL_AVAL
1 15077 10.37397668 0.008233232329249997 8.10405594 7.0 THIL_AVAL
1 15078 10.35370071 0.008233232329249997 8.09374612 7.0 THIL_AVAL
1 15091 10.33125997 0.008233232329249997 8.08233558 7.0 THIL_AVAL
1 15081 10.35466156 0.008233232329249997 8.09423469 7.0 THIL_AVAL
1 15093 10.33053794 0.008233232329249997 8.08196844 7.0 THIL_AVAL
1 15082 10.34487414 0.008233232329249997 8.08925804 7.0 THIL_AVAL
1 15091 10.32875627 0.008233232329249997 8.08106251 7.0 THIL_AVAL
1 15779 10.29605979 0.008233232329249997 8.06443718 7.0 THIL_AVAL
1 15092 10.32530343 0.008233232329249997 8.07930683 7.0 THIL_AVAL
1 15096 10.30587468 0.008233232329249997 8.0694278 7.0 THIL_AVAL
1 15095 10.31558982 0.008233232329249997 8.07436771 7.0 THIL_AVAL
1 15779 10.28190045 0.008233232329249997 8.05723752 7.0 THIL_AVAL
1 15762 10.26458599 0.008233232329249997 8.04843355 7.0 THIL_AVAL
1 15780 10.2838375 0.008233232329249997 8.05822246 7.0 THIL_AVAL
1 15761 10.27635404 0.008233232329249997 8.05441731 7.0 THIL_AVAL
1 15758 10.28000139 0.008233232329249997 8.05627189 7.0 THIL_AVAL
1 15762 10.2529691 0.008233232329249997 8.04252666 7.0 THIL_AVAL
1 15767 10.220050099999998 0.008233232329249997 8.02578818 7.0 THIL_AVAL
1 15760 10.25424665 0.008233232329249997 8.04317626 7.0 THIL_AVAL
1 15769 10.22980015 0.008233232329249997 8.03074584 7.0 THIL_AVAL
1 15771 10.25579774 0.008233232329249997 8.04396495 7.0 THIL_AVAL
1 15766 10.24111972 0.008233232329249997 8.03650155 7.0 THIL_AVAL
1 15772 10.239139699999999 0.008233232329249997 8.03549476 7.0 THIL_AVAL
1 15767 10.22099464 0.008233232329249997 8.02626846 7.0 THIL_AVAL
1 11492 10.20665346 0.008233232329249997 8.01897633 7.0 THIL_AVAL
1 15768 10.21918267 0.008233232329249997 8.02534712 7.0 THIL_AVAL
1 11449 10.20619576 0.008233232329249997 8.01874361 7.0 THIL_AVAL
1 11492 10.19299287 0.008233232329249997 8.01203027 7.0 THIL_AVAL
1 11488 10.17958126 0.008233232329249997 8.00521081 7.0 THIL_AVAL
1 11490 10.19067179 0.008233232329249997 8.01085006 7.0 THIL_AVAL
1 11485 10.177274 0.008233232329249997 8.00403763 7.0 THIL_AVAL
1 11491 10.19512288 0.008233232329249997 8.01311333 7.0 THIL_AVAL
1 11488 10.16878998 0.008233232329249997 7.99972372 7.0 THIL_AVAL
1 11498 10.15539066 0.008233232329249997 7.9929105 7.0 THIL_AVAL
1 11489 10.1633625 0.008233232329249997 7.99696398 7.0 THIL_AVAL
1 11487 10.16610252 0.008233232329249997 7.99835721 7.0 THIL_AVAL
1 11498 10.1460864 0.008233232329249997 7.98817953 7.0 THIL_AVAL
1 11478 10.12537051 0.008233232329249997 7.97764602 7.0 THIL_AVAL
1 11476 10.1420132 0.008233232329249997 7.98610841 7.0 THIL_AVAL
1 11480 10.1318795 0.008233232329249997 7.98095568 7.0 THIL_AVAL
1 11477 10.14642862 0.008233232329249997 7.98835353 7.0 THIL_AVAL
1 11478 10.12330916 0.008233232329249997 7.97659788 7.0 THIL_AVAL
1 11644 10.10579443 0.008233232329249997 7.96769208 7.0 THIL_AVAL
1 11479 10.12109781 0.008233232329249997 7.97547346 7.0 THIL_AVAL
1 11473 10.11235406 0.008233232329249997 7.97102749 7.0 THIL_AVAL
1 11644 10.1022898 0.008233232329249997 7.96591007 7.0 THIL_AVAL
1 11558 10.07189406 0.008233232329249997 7.9504546000000005 7.0 THIL_AVAL
1 11642 10.10084651 0.008233232329249997 7.96517619 7.0 THIL_AVAL
1 11555 10.07497629 0.008233232329249997 7.95202184 7.0 THIL_AVAL
1 11643 10.089145599999998 0.008233232329249997 7.95922658 7.0 THIL_AVAL
1 11557 10.09072547 0.008233232329249997 7.9600299 7.0 THIL_AVAL
1 11558 10.07050371 0.008233232329249997 7.94974765 7.0 THIL_AVAL
1 11553 10.05749456 0.008233232329249997 7.94313283 7.0 THIL_AVAL
1 11552 10.06434269 0.008233232329249997 7.94661493 7.0 THIL_AVAL
1 11553 10.05258615 0.008233232329249997 7.94063703 7.0 THIL_AVAL
1 11562 10.04327614 0.008233232329249997 7.93590312 7.0 THIL_AVAL
1 11551 10.05130438 0.008233232329249997 7.93998528 7.0 THIL_AVAL
1 11562 10.04381095 0.008233232329249997 7.93617506 7.0 THIL_AVAL
1 11563 10.03662942 0.008233232329249997 7.93252344 7.0 THIL_AVAL
1 11545 10.01399183 0.008233232329249997 7.92101279 7.0 THIL_AVAL
1 11566 10.02496189 0.008233232329249997 7.92659079 7.0 THIL_AVAL
1 11544 10.01800365 0.008233232329249997 7.9230527 7.0 THIL_AVAL
1 11545 10.01229303 0.008233232329249997 7.920149 7.0 THIL_AVAL
1 11610 9.99783023 0.008233232329249997 7.91279503 7.0 THIL_AVAL
1 11588 10.00554771 0.008233232329249997 7.91671918 7.0 THIL_AVAL
1 11610 9.99699464 0.008233232329249997 7.91237016 7.0 THIL_AVAL
1 11614 9.9867493 0.008233232329249997 7.90716066 7.0 THIL_AVAL
1 11611 9.99793573 0.008233232329249997 7.91284868 7.0 THIL_AVAL
1 11614 9.97858103 0.008233232329249997 7.9030073000000005 7.0 THIL_AVAL
1 11604 9.96735776 0.008233232329249997 7.89730055 7.0 THIL_AVAL
1 11615 9.97739133 0.008233232329249997 7.90240237 7.0 THIL_AVAL
1 11593 9.96807211 0.008233232329249997 7.89766379 7.0 THIL_AVAL
1 11604 9.95931647 0.008233232329249997 7.89321177 7.0 THIL_AVAL
1 11609 9.935932300000001 0.008233232329249997 7.88132151 7.0 THIL_AVAL
1 11605 9.95927773 0.008233232329249997 7.89319206 7.0 THIL_AVAL
1 11608 9.94954647 0.008233232329249997 7.88824397 7.0 THIL_AVAL
1 11609 9.9368285 0.008233232329249997 7.88177721 7.0 THIL_AVAL
1 12200 9.90922074 0.008233232329249997 7.86773936 7.0 THIL_AVAL
1 12196 9.93011925 0.008233232329249997 7.87836572 7.0 THIL_AVAL
1 12197 9.920502699999998 0.008233232329249997 7.87347595 7.0 THIL_AVAL
1 12200 9.90147371 0.008233232329249997 7.86380019 7.0 THIL_AVAL
1 12214 9.86792246 0.008233232329249997 7.84674023 7.0 THIL_AVAL
1 12201 9.89978451 0.008233232329249997 7.86294127 7.0 THIL_AVAL
1 12211 9.88186388 0.008233232329249997 7.85382909 7.0 THIL_AVAL
1 12199 9.89121801 0.008233232329249997 7.85858543 7.0 THIL_AVAL
1 12210 9.89157403 0.008233232329249997 7.85876646 7.0 THIL_AVAL
1 12214 9.87023701 0.008233232329249997 7.84791712 7.0 THIL_AVAL
1 12259 9.84003463 0.008233232329249997 7.83255998 7.0 THIL_AVAL
1 12215 9.8624827 0.008233232329249997 7.84397425 7.0 THIL_AVAL
1 12258 9.85287497 0.008233232329249997 7.83908897 7.0 THIL_AVAL
1 17744 8.26047862 0.09201710442899998 6.15301156 12.0 JPT_SEUIL_AVAL
1 12753 8.34251055 0.09201710442899998 6.16507508 12.0 JPT_SEUIL_AVAL
1 12756 7.91806687 0.18403420885799995 6.10265689 12.0 JPT_SEUIL_AVAL
1 17743 8.54014644 0.09045066266500001 6.35801044 16.0 JPT_ECL_AVAL
1 17744 8.441937800000002 0.09045066266500001 6.33594108 16.0 JPT_ECL_AVAL
1 12259 10.00794915 0.019505386753749993 7.70914379 10.0 MOULINAT_AMONT
1 12262 10.00027698 0.019505386753749993 7.7113712 10.0 MOULINAT_AMONT
1 12264 10.00098396 0.019505386753749993 7.71116595 10.0 MOULINAT_AMONT
1 12287 9.98550986 0.019505386753749993 7.71565843 10.0 MOULINAT_AMONT
1 12265 9.98977738 0.019505386753749993 7.71441947 10.0 MOULINAT_AMONT
1 12287 9.98756373 0.019505386753749993 7.71506214 10.0 MOULINAT_AMONT
1 12299 9.97360859 0.019505386753749993 7.71911364 10.0 MOULINAT_AMONT
1 12298 9.98366985 0.019505386753749993 7.71619262 10.0 MOULINAT_AMONT
1 12299 9.96725898 0.019505386753749993 7.72095707 10.0 MOULINAT_AMONT
1 12482 9.94729428 0.019505386753749993 7.72675327 10.0 MOULINAT_AMONT
1 12301 9.96608903 0.019505386753749993 7.72129673 10.0 MOULINAT_AMONT
1 12311 9.94825248 0.019505386753749993 7.72647509 10.0 MOULINAT_AMONT
1 12304 9.96711868 0.019505386753749993 7.7209978 10.0 MOULINAT_AMONT
1 12305 9.95771105 0.019505386753749993 7.72372905 10.0 MOULINAT_AMONT
1 12482 9.94540113 0.019505386753749993 7.727302900000001 10.0 MOULINAT_AMONT
1 12488 9.92924149 0.019505386753749993 7.73199441 10.0 MOULINAT_AMONT
1 12483 9.93936982 0.019505386753749993 7.72905392 10.0 MOULINAT_AMONT
1 12485 9.93385496 0.019505386753749993 7.73065501 10.0 MOULINAT_AMONT
1 12488 9.928227699999999 0.019505386753749993 7.73228873 10.0 MOULINAT_AMONT
1 12550 9.88980013 0.019505386753749993 7.74344512 10.0 MOULINAT_AMONT
1 12489 9.91930408 0.019505386753749993 7.73487946 10.0 MOULINAT_AMONT
1 12544 9.89190469 0.019505386753749993 7.74283412 10.0 MOULINAT_AMONT
1 12527 9.921468699999998 0.019505386753749993 7.73425102 10.0 MOULINAT_AMONT
1 12541 9.90488316 0.019505386753749993 7.73906618 10.0 MOULINAT_AMONT
1 12538 9.9125109 0.019505386753749993 7.73685167 10.0 MOULINAT_AMONT
1 12540 9.90501958 0.019505386753749993 7.73902657 10.0 MOULINAT_AMONT
1 12550 9.89210456 0.019505386753749993 7.7427760999999995 10.0 MOULINAT_AMONT
1 12594 9.86547721 0.039010773507499985 7.75050662 10.0 MOULINAT_AMONT
1 12551 9.88431391 0.019505386753749993 7.7450379 10.0 MOULINAT_AMONT
1 12588 9.87656976 0.039010773507499985 7.7472862000000005 10.0 MOULINAT_AMONT
1 12553 9.87835005 0.019505386753749993 7.74676934 10.0 MOULINAT_AMONT
1 12594 9.86145193 0.039010773507499985 7.75167525 10.0 MOULINAT_AMONT
1 12597 9.83974232 0.039010773507499985 7.75797804 10.0 MOULINAT_AMONT
1 12595 9.86043414 0.039010773507499985 7.75197073 10.0 MOULINAT_AMONT
1 12597 9.83472419 0.039010773507499985 7.75943491 10.0 MOULINAT_AMONT
1 17605 9.79629508 0.039010773507499985 7.77059175 10.0 MOULINAT_AMONT
1 12600 9.84281017 0.039010773507499985 7.75708737 10.0 MOULINAT_AMONT
1 17603 9.79248999 0.039010773507499985 7.77169646 10.0 MOULINAT_AMONT
1 17095 9.81537814 0.039010773507499985 7.76505151 10.0 MOULINAT_AMONT
1 17096 9.82305916 0.039010773507499985 7.76282154 10.0 MOULINAT_AMONT
1 17605 9.78703918 0.039010773507499985 7.77327895 10.0 MOULINAT_AMONT
1 17612 9.77419714 0.039010773507499985 7.77700728 10.0 MOULINAT_AMONT
1 17606 9.77085829 0.039010773507499985 7.77797663 10.0 MOULINAT_AMONT
1 17612 9.76606097 0.039010773507499985 7.7793694 10.0 MOULINAT_AMONT
1 17617 9.75107463 0.039010773507499985 7.78372027 10.0 MOULINAT_AMONT
1 17615 9.74885459 0.039010773507499985 7.7843648000000005 10.0 MOULINAT_AMONT
1 17617 9.74837849 0.039010773507499985 7.78450302 10.0 MOULINAT_AMONT
1 17634 9.727211500000001 0.039010773507499985 7.79064828 10.0 MOULINAT_AMONT
1 17618 9.72770053 0.039010773507499985 7.7905063 10.0 MOULINAT_AMONT
1 17634 9.73081118 0.039010773507499985 7.789603200000001 10.0 MOULINAT_AMONT
1 17647 9.70248762 0.039010773507499985 7.79782617 10.0 MOULINAT_AMONT
1 17645 9.70868984 0.039010773507499985 7.79602553 10.0 MOULINAT_AMONT
1 17647 9.70588529 0.039010773507499985 7.79683975 10.0 MOULINAT_AMONT
1 17775 4.41184876 0.20991704993999996 2.31412802 11.0 NOIR_AVAL
1 17776 4.45786412 0.20991704993999996 2.3418633 11.0 NOIR_AVAL
1 17779 4.32448561 0.20991704993999996 2.26147078 11.0 NOIR_AVAL
1 12780 4.14840263 0.20991704993999996 2.15533857 11.0 NOIR_AVAL
1 12781 4.15754044 0.20991704993999996 2.16084629 11.0 NOIR_AVAL
1 12784 3.99105951 0.20991704993999996 2.06050163 11.0 NOIR_AVAL
1 12785 3.84062741 0.20991704993999996 1.96983022 11.0 NOIR_AVAL
1 12783 3.70299101 0.20991704993999996 1.88687129 11.0 NOIR_AVAL
1 12756 8.25432512 0.2072679770999999 6.1079503 8.0 BLANC_AMONT
1 12757 8.12947533 0.2072679770999999 6.09251942 8.0 BLANC_AMONT
1 12760 7.99091872 0.2072679770999999 6.07539445 8.0 BLANC_AMONT
1 12761 7.86521963 0.2072679770999999 6.05985861 8.0 BLANC_AMONT
1 12764 7.72619905 0.2072679770999999 6.04267629 8.0 BLANC_AMONT
1 12765 7.57634517 0.2072679770999999 6.02415502 8.0 BLANC_AMONT
1 12768 7.35905904 0.2072679770999999 5.99729943 8.0 BLANC_AMONT
1 12756 8.24866701 0.39334274031999983 6.15060377 2.0 MAJOLAN
1 12757 8.08235346 0.39334274031999983 6.00714848 2.0 MAJOLAN
1 12755 8.10029706 0.39334274031999983 6.0226259 2.0 MAJOLAN
1 12758 8.00917621 0.39334274031999983 5.94402877 2.0 MAJOLAN
1 7759 7.85496094 0.39334274031999983 5.81100896 2.0 MAJOLAN
1 7758 7.8619819 0.39334274031999983 5.81706496 2.0 MAJOLAN
1 7759 7.90599854 0.39334274031999983 5.85503192 2.0 MAJOLAN
1 7762 7.79791889 0.39334274031999983 5.76180682 2.0 MAJOLAN
1 7761 7.63656338 0.39334274031999983 5.62262813 2.0 MAJOLAN
1 7763 7.65952963 0.39334274031999983 5.64243788 2.0 MAJOLAN
1 7761 7.65469134 0.39334274031999983 5.63826456 2.0 MAJOLAN
1 7764 7.56612675 0.39334274031999983 5.56187236 2.0 MAJOLAN
1 7766 7.5605172000000005 0.39334274031999983 5.55703379 2.0 MAJOLAN
1 7767 7.50372691 0.39334274031999983 5.50804881 2.0 MAJOLAN
1 7768 7.37156675 0.39334274031999983 5.39405283 2.0 MAJOLAN
1 7770 7.36357627 0.39334274031999983 5.38716057 2.0 MAJOLAN
1 7768 7.38173665 0.39334274031999983 5.40282498 2.0 MAJOLAN
1 7769 7.3160063 0.39334274031999983 5.34612866 2.0 MAJOLAN
1 7774 7.17020905 0.39334274031999983 5.22036989 2.0 MAJOLAN
1 7772 7.17488058 0.39334274031999983 5.22439937 2.0 MAJOLAN
1 7774 7.15911503 0.39334274031999983 5.21080064 2.0 MAJOLAN
1 7772 7.12877669 0.39334274031999983 5.18463203 2.0 MAJOLAN
1 7773 7.102289999999999 0.39334274031999983 5.16178569 2.0 MAJOLAN
1 7769 8.19780389 0.39334274031999983 6.10673132 2.0 MAJOLAN
1 7771 8.22482407 0.39334274031999983 6.13003783 2.0 MAJOLAN
1 7774 8.10037418 0.39334274031999983 6.02269242 2.0 MAJOLAN
1 12774 8.04930415 0.39334274031999983 5.97864149 2.0 MAJOLAN
1 12775 8.00261244 0.39334274031999983 5.93836713 2.0 MAJOLAN
1 7775 7.92584851 0.39334274031999983 5.87215369 2.0 MAJOLAN
1 7773 7.79166501 0.39334274031999983 5.75641248 2.0 MAJOLAN
1 7773 8.20803235 0.39334274031999983 6.11555397 2.0 MAJOLAN
1 7776 8.20140632 0.39334274031999983 6.10983863 2.0 MAJOLAN
1 7777 8.10885659 0.39334274031999983 6.03000901 2.0 MAJOLAN
1 7780 8.00693355 0.39334274031999983 5.94209434 2.0 MAJOLAN
1 7781 7.91314319 0.39334274031999983 5.861194599999999 2.0 MAJOLAN
1 7784 7.80464711 0.39334274031999983 5.767610299999999 2.0 MAJOLAN
1 17864 12.48477269 0.0017480083387999995 10.25404955 14.0 THIL_AMONT
1 17993 12.48309677 0.0017480083387999995 10.25262756 14.0 THIL_AMONT
1 17992 12.44238834 0.0017480083387999995 10.21808708 14.0 THIL_AMONT
1 17994 12.44662084 0.0017480083387999995 10.22167829 14.0 THIL_AMONT
1 17992 12.45371119 0.0017480083387999995 10.22769434 14.0 THIL_AMONT
1 17989 12.41118884 0.0017480083387999995 10.19161477 14.0 THIL_AMONT
1 17995 12.42311135 0.0017480083387999995 10.20173084 14.0 THIL_AMONT
1 17989 12.41278092 0.0017480083387999995 10.19296563 14.0 THIL_AMONT
1 17990 12.40581878 0.0017480083387999995 10.18705836 14.0 THIL_AMONT
1 18004 12.38402097 0.0017480083387999995 10.16856324 14.0 THIL_AMONT
1 18027 12.34451493 0.0008740041693999997 10.13504297 14.0 THIL_AMONT
1 18025 12.35761639 0.0017480083387999995 10.14615936 14.0 THIL_AMONT
1 18026 12.35853154 0.0008740041693999997 10.14693585 14.0 THIL_AMONT
1 18027 12.33995674 0.0008740041693999997 10.13117542 14.0 THIL_AMONT
1 18037 12.33012687 0.0008740041693999997 10.12283492 14.0 THIL_AMONT
1 18035 12.33236576 0.0008740041693999997 10.12473458 14.0 THIL_AMONT
1 18037 12.32636995 0.0008740041693999997 10.11964723 14.0 THIL_AMONT
1 18189 12.28577855 0.0008740041693999997 10.08520605 14.0 THIL_AMONT
1 18035 12.3235543 0.0008740041693999997 10.11725819 14.0 THIL_AMONT
1 18024 12.30284226 0.0008740041693999997 10.09968434 14.0 THIL_AMONT
1 18036 12.32563032 0.0008740041693999997 10.11901967 14.0 THIL_AMONT
1 18023 12.30053847 0.0008740041693999997 10.09772961 14.0 THIL_AMONT
1 18039 12.31310521 0.0008740041693999997 10.1083923 14.0 THIL_AMONT
1 18189 12.29087064 0.0008740041693999997 10.08952661 14.0 THIL_AMONT
1 18191 12.26742009 0.0008740041693999997 10.06962917 14.0 THIL_AMONT
1 18187 12.27570581 0.0008740041693999997 10.07665948 14.0 THIL_AMONT
1 18188 12.28019175 0.0008740041693999997 10.08046572 14.0 THIL_AMONT
1 18191 12.25722571 0.0008740041693999997 10.06097939 14.0 THIL_AMONT
1 18204 12.23266899 0.0008740041693999997 10.04014338 14.0 THIL_AMONT
1 18192 12.25777268 0.0008740041693999997 10.06144349 14.0 THIL_AMONT
1 18203 12.24756809 0.0008740041693999997 10.05278505 14.0 THIL_AMONT
1 18204 12.23617079 0.0008740041693999997 10.04311461 14.0 THIL_AMONT
1 18207 12.22714096 0.0008740041693999997 10.03545294 14.0 THIL_AMONT
1 18245 12.20425575 0.0008740041693999997 10.01603518 14.0 THIL_AMONT
1 18208 12.21175163 0.0008740041693999997 10.02239532 14.0 THIL_AMONT
1 18202 12.21671636 0.0008740041693999997 10.02660782 14.0 THIL_AMONT
1 18245 12.19801993 0.0008740041693999997 10.01074418 14.0 THIL_AMONT
1 18246 12.19628882 0.0008740041693999997 10.00927536 14.0 THIL_AMONT
1 18248 12.17326687 0.0008740041693999997 9.98974158 14.0 THIL_AMONT
1 18249 12.18515317 0.0008740041693999997 9.99982693 14.0 THIL_AMONT
1 18247 12.17172883 0.0008740041693999997 9.98843658 14.0 THIL_AMONT
1 18248 12.16248103 0.0008740041693999997 9.98058996 14.0 THIL_AMONT
1 18174 12.14665779 0.0008740041693999997 9.96716419 14.0 THIL_AMONT
1 18259 12.16231694 0.0008740041693999997 9.98045073 14.0 THIL_AMONT
1 18173 12.15001388 0.0008740041693999997 9.97001178 14.0 THIL_AMONT
1 18174 12.15005306 0.0008740041693999997 9.97004502 14.0 THIL_AMONT
1 18172 12.13971663 0.0008740041693999997 9.96127472 14.0 THIL_AMONT
1 18166 12.12603596 0.0008740041693999997 9.94966687 14.0 THIL_AMONT
1 18167 12.11606893 0.0008740041693999997 9.94121 14.0 THIL_AMONT
1 18169 12.12179575 0.0008740041693999997 9.94606912 14.0 THIL_AMONT
1 18167 12.11037192 0.0008740041693999997 9.93637617 14.0 THIL_AMONT
1 18146 12.09865542 0.0008740041693999997 9.9264349 14.0 THIL_AMONT
1 18145 12.10264337 0.0008740041693999997 9.92981862 14.0 THIL_AMONT
1 18146 12.10040775 0.0008740041693999997 9.92792173 14.0 THIL_AMONT
1 18707 12.08158804 0.0008740041693999997 9.91195349 14.0 THIL_AMONT
1 18709 12.08785366 0.0008740041693999997 9.91726977 14.0 THIL_AMONT
1 18707 12.08457472 0.0008740041693999997 9.91448764 14.0 THIL_AMONT
1 18708 12.07981653 0.0008740041693999997 9.91045039 14.0 THIL_AMONT
1 18702 12.06953684 0.0008740041693999997 9.90172822 14.0 THIL_AMONT
1 14381 12.04113012 0.0008740041693999997 9.87762556 14.0 THIL_AMONT
1 18700 12.05327113 0.0008740041693999997 9.88792702 14.0 THIL_AMONT
1 18699 12.05657538 0.0008740041693999997 9.89073062 14.0 THIL_AMONT
1 14381 12.04391353 0.0008740041693999997 9.87998723 14.0 THIL_AMONT
1 13696 12.03126474 0.0008740041693999997 9.86925493 14.0 THIL_AMONT
1 13698 12.03302482 0.0008740041693999997 9.87074834 14.0 THIL_AMONT
1 13696 12.02670329 0.0008740041693999997 9.86538461 14.0 THIL_AMONT
1 13690 12.02285616 0.0008740041693999997 9.86212038 14.0 THIL_AMONT
1 13688 12.0125883 0.0008740041693999997 9.85340826 14.0 THIL_AMONT
1 13666 12.00135224 0.0008740041693999997 9.84387463 14.0 THIL_AMONT
1 14349 11.99216199 0.0008740041693999997 9.83607684 14.0 THIL_AMONT
1 14351 11.96589171 0.0008740041693999997 9.8137869 14.0 THIL_AMONT
1 14350 11.9777474 0.0008740041693999997 9.82384628 14.0 THIL_AMONT
1 14348 11.97563627 0.0008740041693999997 9.82205502 14.0 THIL_AMONT
1 14351 11.96880369 0.0008740041693999997 9.81625768 14.0 THIL_AMONT
1 14343 11.94578786 0.0008740041693999997 9.79672909 14.0 THIL_AMONT
1 14345 11.96110739 0.0008740041693999997 9.80972748 14.0 THIL_AMONT
1 14343 11.95013746 0.0008740041693999997 9.80041966 14.0 THIL_AMONT
1 14252 11.92773758 0.0008740041693999997 9.781413699999998 14.0 THIL_AMONT
1 14257 11.93752704 0.0008740041693999997 9.78971991 14.0 THIL_AMONT
1 14254 11.93238393 0.0008740041693999997 9.78535606 14.0 THIL_AMONT
1 14252 11.91919797 0.0008740041693999997 9.77416797 14.0 THIL_AMONT
1 14243 11.90091462 0.0008740041693999997 9.75865483 14.0 THIL_AMONT
1 14246 11.91897224 0.0008740041693999997 9.77397645 14.0 THIL_AMONT
1 14244 11.90493318 0.0008740041693999997 9.76206452 14.0 THIL_AMONT
1 14243 11.89276727 0.0008740041693999997 9.75174193 14.0 THIL_AMONT
1 14219 11.88567427 0.0008740041693999997 9.74572362 14.0 THIL_AMONT
1 14221 11.89722137 0.0008740041693999997 9.75552116 14.0 THIL_AMONT
1 14219 11.871874400000001 0.0008740041693999997 9.73401465 14.0 THIL_AMONT
1 13306 11.85115705 0.0008740041693999997 9.71643629 14.0 THIL_AMONT
1 14213 11.87071271 0.0008740041693999997 9.73302897 14.0 THIL_AMONT
1 13528 11.86466262 0.0008740041693999997 9.72789555 14.0 THIL_AMONT
1 13530 11.87315447 0.0008740041693999997 9.73510076 14.0 THIL_AMONT
1 13306 11.84655029 0.0008740041693999997 9.71252752 14.0 THIL_AMONT
1 13859 11.820753100000001 0.0008740041693999997 9.69063899 14.0 THIL_AMONT
1 13304 11.84335136 0.0008740041693999997 9.70981327 14.0 THIL_AMONT
1 13861 11.81730803 0.0008740041693999997 9.6877159 14.0 THIL_AMONT
1 13298 11.83260552 0.0008740041693999997 9.70069559 14.0 THIL_AMONT
1 13859 11.81063546 0.0008740041693999997 9.68205433 14.0 THIL_AMONT
1 13272 11.79645149 0.0008740041693999997 9.67001944 14.0 THIL_AMONT
1 13837 11.80660179 0.0008740041693999997 9.67863182 14.0 THIL_AMONT
1 13274 11.80990685 0.0008740041693999997 9.68143611 14.0 THIL_AMONT
1 13272 11.79316479 0.0008740041693999997 9.66723073 14.0 THIL_AMONT
1 13263 11.77366261 0.0008740041693999997 9.65068342 14.0 THIL_AMONT
1 13266 11.78319328 0.0008740041693999997 9.65877006 14.0 THIL_AMONT
1 13265 11.78758452 0.0008740041693999997 9.66249596 14.0 THIL_AMONT
1 13263 11.77176333 0.0008740041693999997 9.64907191 14.0 THIL_AMONT
1 13175 11.75157661 0.0008740041693999997 9.63194379 14.0 THIL_AMONT
1 13177 11.76649939 0.0008740041693999997 9.64460555 14.0 THIL_AMONT
1 13175 11.75512822 0.0008740041693999997 9.63495728 14.0 THIL_AMONT
1 13169 11.74312803 0.0008740041693999997 9.624775300000001 14.0 THIL_AMONT
1 13168 11.73202667 0.0008740041693999997 9.61535596 14.0 THIL_AMONT
1 13170 11.73834698 0.0008740041693999997 9.62071865 14.0 THIL_AMONT
1 13168 11.72935796 0.0008740041693999997 9.61309161 14.0 THIL_AMONT
1 13731 11.72354951 0.0008740041693999997 9.60816322 14.0 THIL_AMONT
1 13732 11.71378332 0.0008740041693999997 9.59987675 14.0 THIL_AMONT
1 13737 11.6947236 0.0008740041693999997 9.58370487 14.0 THIL_AMONT
1 13735 11.69849399 0.0008740041693999997 9.58690399 14.0 THIL_AMONT
1 13737 11.69070136 0.0008740041693999997 9.58029206 14.0 THIL_AMONT
1 13744 11.67649331 0.0008740041693999997 9.56823675 14.0 THIL_AMONT
1 13738 11.68821675 0.0008740041693999997 9.57818391 14.0 THIL_AMONT
1 13744 11.67591859 0.0008740041693999997 9.5677491 14.0 THIL_AMONT
1 13757 11.66119214 0.0008740041693999997 9.55525394 14.0 THIL_AMONT
1 13755 11.67575939 0.0008740041693999997 9.56761403 14.0 THIL_AMONT
1 13757 11.66156359 0.0008740041693999997 9.55556911 14.0 THIL_AMONT
1 13758 11.66328612 0.0008740041693999997 9.55703065 14.0 THIL_AMONT
1 13847 11.64759963 0.0008740041693999997 9.5437209 14.0 THIL_AMONT
1 13844 11.64426886 0.0008740041693999997 9.54089479 14.0 THIL_AMONT
1 13847 11.63904411 0.0008740041693999997 9.53646167 14.0 THIL_AMONT
1 13891 11.62365151 0.0008740041693999997 9.52340128 14.0 THIL_AMONT
1 13848 11.63819509 0.0008740041693999997 9.53574129 14.0 THIL_AMONT
1 13891 11.62170039 0.0008740041693999997 9.52174579 14.0 THIL_AMONT
1 13907 11.58353932 0.0008740041693999997 9.489366699999998 14.0 THIL_AMONT
1 13892 11.61652871 0.0008740041693999997 9.51735769 14.0 THIL_AMONT
1 13896 11.59611137 0.0008740041693999997 9.50003389 14.0 THIL_AMONT
1 13895 11.606328199999998 0.0008740041693999997 9.50870272 14.0 THIL_AMONT
1 13907 11.57776761 0.0008740041693999997 9.48446949 14.0 THIL_AMONT
1 14002 11.507707 0.0008740041693999997 9.42502412 14.0 THIL_AMONT
1 13908 11.57571036 0.0008740041693999997 9.48272394 14.0 THIL_AMONT
1 14001 11.52328328 0.0008740041693999997 9.43824036 14.0 THIL_AMONT
1 13911 11.56523229 0.0008740041693999997 9.47383346 14.0 THIL_AMONT
1 13998 11.53377768 0.0008740041693999997 9.44714469 14.0 THIL_AMONT
1 13912 11.5547379 0.0008740041693999997 9.46492912 14.0 THIL_AMONT
1 13997 11.53994533 0.0008740041693999997 9.45237785 14.0 THIL_AMONT
1 14083 11.54045148 0.0008740041693999997 9.45280731 14.0 THIL_AMONT
1 14002 11.51229498 0.0008740041693999997 9.42891695 14.0 THIL_AMONT
1 14063 11.43642592 0.0008740041693999997 9.36454321 14.0 THIL_AMONT
1 14013 11.5023802 0.0008740041693999997 9.42050442 14.0 THIL_AMONT
1 14060 11.45065111 0.0008740041693999997 9.37661307 14.0 THIL_AMONT
1 14014 11.48746926 0.0008740041693999997 9.40785271 14.0 THIL_AMONT
1 14059 11.460990400000002 0.0008740041693999997 9.3853858 14.0 THIL_AMONT
1 14012 11.49022858 0.0008740041693999997 9.41019395 14.0 THIL_AMONT
1 14016 11.47134602 0.0008740041693999997 9.39417238 14.0 THIL_AMONT
1 14015 11.4816853 0.0008740041693999997 9.40294511 14.0 THIL_AMONT
1 14063 11.43638918 0.0008740041693999997 9.36451204 14.0 THIL_AMONT
1 14070 11.40549378 0.0008740041693999997 9.33829775 14.0 THIL_AMONT
1 14064 11.42521312 0.0008740041693999997 9.35502931 14.0 THIL_AMONT
1 14069 11.41960876 0.0008740041693999997 9.3502741 14.0 THIL_AMONT
1 14058 11.42865411 0.0008740041693999997 9.35794894 14.0 THIL_AMONT
1 14070 11.40518764 0.0008740041693999997 9.338038000000001 14.0 THIL_AMONT
1 14072 11.3795578 0.0008740041693999997 9.31629147 14.0 THIL_AMONT
1 14073 11.39884039 0.0008740041693999997 9.33265245 14.0 THIL_AMONT
1 14074 11.38471316 0.0008740041693999997 9.32066571 14.0 THIL_AMONT
1 14072 11.38129666 0.0008740041693999997 9.31776687 14.0 THIL_AMONT
1 14734 11.35700567 0.0008740041693999997 9.29715632 14.0 THIL_AMONT
1 14755 11.37746382 0.0008740041693999997 9.31451476 14.0 THIL_AMONT
1 14756 11.36284677 0.0008740041693999997 9.30211241 14.0 THIL_AMONT
1 14734 11.35468718 0.0008740041693999997 9.29518913 14.0 THIL_AMONT
1 14736 11.33701692 0.0008740041693999997 9.28019618 14.0 THIL_AMONT
1 14737 11.35414022 0.0008740041693999997 9.29472503 14.0 THIL_AMONT
1 14735 11.33847414 0.0008740041693999997 9.2814326 14.0 THIL_AMONT
1 14736 11.33952725 0.0008740041693999997 9.28232615 14.0 THIL_AMONT
1 14741 11.32682458 0.0008740041693999997 9.27154813 14.0 THIL_AMONT
1 14747 11.3226407 0.0008740041693999997 9.26799817 14.0 THIL_AMONT
1 14741 11.31353004 0.0008740041693999997 9.26026792 14.0 THIL_AMONT
1 14743 11.3022601 0.0008740041693999997 9.25070554 14.0 THIL_AMONT
1 14742 11.31475051 0.0008740041693999997 9.26130347 14.0 THIL_AMONT
1 14740 11.29897014 0.0008740041693999997 9.24791406 14.0 THIL_AMONT
1 14743 11.29390458 0.0008740041693999997 9.24361601 14.0 THIL_AMONT
1 14787 11.28212849 0.0008740041693999997 9.23362417 14.0 THIL_AMONT
1 14744 11.29353314 0.0008740041693999997 9.24330084 14.0 THIL_AMONT
1 14787 11.269723800000001 0.0008740041693999997 9.22309898 14.0 THIL_AMONT
1 10472 11.25984576 0.0008740041693999997 9.21471761 14.0 THIL_AMONT
1 14788 11.272397400000001 0.0008740041693999997 9.22536749 14.0 THIL_AMONT
1 14791 11.2568252 0.0008740041693999997 9.21215471 14.0 THIL_AMONT
1 10472 11.25227395 0.0008740041693999997 9.20829305 14.0 THIL_AMONT
1 14804 11.22691351 0.0008740041693999997 9.186775099999998 14.0 THIL_AMONT
1 10473 11.24796762 0.0008740041693999997 9.20463919 14.0 THIL_AMONT
1 14803 11.24118361 0.0008740041693999997 9.19888306 14.0 THIL_AMONT
1 14792 11.24677164 0.0008740041693999997 9.20362442 14.0 THIL_AMONT
1 14804 11.22710944 0.0008740041693999997 9.18694135 14.0 THIL_AMONT
1 14810 11.20760236 0.0008740041693999997 9.17038988 14.0 THIL_AMONT
1 14807 11.22031319 0.0008740041693999997 9.18117483 14.0 THIL_AMONT
1 14808 11.20402259 0.0008740041693999997 9.1673525 14.0 THIL_AMONT
1 14810 11.19842639 0.0008740041693999997 9.16260421 14.0 THIL_AMONT
1 14985 11.17182507 0.0008740041693999997 9.1400334 14.0 THIL_AMONT
1 14981 11.19853252 0.0008740041693999997 9.16269426 14.0 THIL_AMONT
1 14982 11.18783811 0.0008740041693999997 9.15362022 14.0 THIL_AMONT
1 14985 11.17195161 0.0008740041693999997 9.14014076 14.0 THIL_AMONT
1 14991 11.17660898 0.0008740041693999997 9.14409247 14.0 THIL_AMONT
1 17670 9.03086762 0.05251580195500001 6.99726487 3.0 JPT_ECL_AMONT
1 17741 9.02855738 0.10503160391000002 7.01015354 3.0 JPT_ECL_AMONT
1 17742 8.99139242 0.10503160391000002 7.21749491 3.0 JPT_ECL_AMONT
1 17740 8.97093016 0.10503160391000002 7.33165281 3.0 JPT_ECL_AMONT
1 17743 8.96582516 0.10503160391000002 7.36013332 3.0 JPT_ECL_AMONT
1 17647 9.59985604 0.028044371464999995 7.14325496 1.0 MOULINAT_AVAL
1 17650 9.54441365 0.028044371464999995 7.13599464 1.0 MOULINAT_AVAL
1 17651 9.530839199999999 0.028044371464999995 7.13421704 1.0 MOULINAT_AVAL
1 17654 9.47787011 0.05608874292999999 7.12728061 1.0 MOULINAT_AVAL
1 17665 9.32180489 0.05608874292999999 7.1068435 1.0 MOULINAT_AVAL
1 17666 9.16650309 0.05608874292999999 7.08650636 1.0 MOULINAT_AVAL
1 17669 8.99748004 0.05608874292999999 7.06437239 1.0 MOULINAT_AVAL
1 17670 8.77595603 0.05608874292999999 7.03536329 1.0 MOULINAT_AVAL
