1 18952 13.71655383 10.0 13.61655383 6.0 GAJAC
1 18950 13.69503688 10.0 13.59503688 6.0 GAJAC
1 18951 13.618175699999998 10.0 13.518175699999999 6.0 GAJAC
1 18954 13.49692211 10.0 13.39692211 6.0 GAJAC
1 16812 13.43664591 10.0 13.33664591 6.0 GAJAC
1 16813 13.30859066 10.0 13.20859066 6.0 GAJAC
1 16811 13.298943 10.0 13.198943 6.0 GAJAC
1 16814 13.1793124 10.0 13.079312400000001 6.0 GAJAC
1 11894 13.15396679 10.0 13.05396679 6.0 GAJAC
1 11895 13.05849846 10.0 12.95849846 6.0 GAJAC
1 11904 12.95539882 10.0 12.85539882 6.0 GAJAC
1 16818 12.80216071 10.0 12.70216071 6.0 GAJAC
1 16819 12.76259146 10.0 12.66259146 6.0 GAJAC
1 16821 12.70545377 10.0 12.60545377 6.0 GAJAC
1 16822 12.67860339 10.0 12.57860339 6.0 GAJAC
1 16827 12.60161966 10.0 12.50161966 6.0 GAJAC
1 16828 12.54371168 10.0 12.44371168 6.0 GAJAC
1 16831 12.49166667 10.0 12.39166667 6.0 GAJAC
1 16832 12.42789572 10.0 12.32789572 6.0 GAJAC
1 16838 12.38520177 10.0 12.28520177 6.0 GAJAC
1 16832 12.37275928 10.0 12.27275928 6.0 GAJAC
1 11811 6.62517056 10.0 6.17831887 12.0 BUSSAGUET_AVAL
1 16504 6.64342003 10.0 6.29803538 12.0 BUSSAGUET_AVAL
1 16501 6.63586563 10.0 6.2484785 12.0 BUSSAGUET_AVAL
1 16504 6.65414377 10.0 6.36838313 12.0 BUSSAGUET_AVAL
1 16506 6.64824654 10.0 6.32969729 12.0 BUSSAGUET_AVAL
1 16515 6.68708601 10.0 6.5844842 12.0 BUSSAGUET_AVAL
1 16512 6.67227675 10.0 6.48733545 12.0 BUSSAGUET_AVAL
1 16513 6.66572352 10.0 6.44434629 12.0 BUSSAGUET_AVAL
1 16515 6.69109629 10.0 6.59109629 12.0 BUSSAGUET_AVAL
1 16545 6.70098391 10.0 6.60098391 12.0 BUSSAGUET_AVAL
1 16523 6.69488843 10.0 6.59488843 12.0 BUSSAGUET_AVAL
1 16545 6.71549246 10.0 6.61549246 12.0 BUSSAGUET_AVAL
1 16548 6.71550083 10.0 6.61550083 12.0 BUSSAGUET_AVAL
1 16546 6.72142754 10.0 6.62142754 12.0 BUSSAGUET_AVAL
1 16548 6.74032464 10.0 6.64032464 12.0 BUSSAGUET_AVAL
1 16557 6.74412013 10.0 6.64412013 12.0 BUSSAGUET_AVAL
1 16554 6.7367883 10.0 6.6367883 12.0 BUSSAGUET_AVAL
1 19642 22.88671118 10.0 21.75671118 13.0 HAILLAN4
1 19614 22.28878519 10.0 21.15878519 13.0 HAILLAN4
1 19615 22.00607306 10.0 20.87607306 13.0 HAILLAN4
1 19614 21.91517972 10.0 20.78517972 13.0 HAILLAN4
1 19612 21.77960563 10.0 20.64960563 13.0 HAILLAN4
1 19613 21.70812273 10.0 20.57812273 13.0 HAILLAN4
1 19575 21.32561713 10.0 20.19561713 13.0 HAILLAN4
1 19578 21.22233584 10.0 20.09233584 13.0 HAILLAN4
1 19576 20.82138069 10.0 19.69138069 13.0 HAILLAN4
1 19577 20.4452843 10.0 19.3152843 13.0 HAILLAN4
1 19529 20.43911553 10.0 19.30911553 13.0 HAILLAN4
1 19532 19.87070685 10.0 18.74070685 13.0 HAILLAN4
1 19530 19.7379929 10.0 18.607992899999996 13.0 HAILLAN4
1 19532 19.74808806 10.0 18.61808806 13.0 HAILLAN4
1 19530 19.89639952 10.0 18.76639952 13.0 HAILLAN4
1 19470 19.51318879 10.0 18.38318879 13.0 HAILLAN4
1 19471 18.88437126 10.0 17.75437126 13.0 HAILLAN4
1 19624 21.38634217 10.0 20.36195296 1.0 HAILLAN5
1 19586 21.16836997 10.0 20.13501071 1.0 HAILLAN5
1 19584 20.80777912 10.0 19.75958073 1.0 HAILLAN5
1 19536 20.19754375 10.0 19.12423279 1.0 HAILLAN5
1 19533 20.27885751 10.0 19.2088928 1.0 HAILLAN5
1 19531 20.03569561 10.0 18.95572423 1.0 HAILLAN5
1 19471 19.52641483 10.0 18.4254854 1.0 HAILLAN5
1 19563 22.11678048 10.0 21.12158962 15.0 HAILLAN2
1 19566 21.98416276 10.0 20.98351057 15.0 HAILLAN2
1 19565 21.38851568 10.0 20.36333412 15.0 HAILLAN2
1 19567 21.33897367 10.0 20.31175192 15.0 HAILLAN2
1 19565 21.32106572 10.0 20.2931065 15.0 HAILLAN2
1 19520 20.78356496 10.0 19.733470899999997 15.0 HAILLAN2
1 19568 20.94904995 10.0 19.90577073 15.0 HAILLAN2
1 19520 20.54693694 10.0 19.48709829 15.0 HAILLAN2
1 19521 20.58152902 10.0 19.52311491 15.0 HAILLAN2
1 19519 20.21366032 10.0 19.14009699 15.0 HAILLAN2
1 19522 19.72282719 10.0 18.62905085 15.0 HAILLAN2
1 19462 19.75861114 10.0 18.66630841 15.0 HAILLAN2
1 19460 19.09196954 10.0 17.97221382 15.0 HAILLAN2
1 19461 19.01145332 10.0 17.88838185 15.0 HAILLAN2
1 19393 18.73175203 10.0 17.59716218 15.0 HAILLAN2
1 19391 18.18186178 10.0 17.02462687 15.0 HAILLAN2
1 19394 17.77349057 10.0 16.59943851 15.0 HAILLAN2
1 19320 17.56273471 10.0 16.38000351 15.0 HAILLAN2
1 19394 17.62905767 10.0 16.44905771 15.0 HAILLAN2
1 19320 17.55355139 10.0 16.370442 15.0 HAILLAN2
1 19318 17.03460432 10.0 15.83012416 15.0 HAILLAN2
1 19319 16.8596512 10.0 15.64796629 15.0 HAILLAN2
1 19233 16.65907501 10.0 15.43913016 15.0 HAILLAN2
1 19232 16.3530833 10.0 15.12053739 15.0 HAILLAN2
1 19227 16.20142217 10.0 14.96263069 15.0 HAILLAN2
1 19228 15.91018768 10.0 14.65940287 15.0 HAILLAN2
1 19230 15.89579703 10.0 14.644419599999999 15.0 HAILLAN2
1 19228 15.94109328 10.0 14.69158119 15.0 HAILLAN2
1 19083 15.70534412 10.0 14.44612363 15.0 HAILLAN2
1 19471 18.83756329 10.0 17.70829172 18.0 HAILLAN3
1 19469 19.02189235 10.0 17.90026576 18.0 HAILLAN3
1 19401 18.5183999 10.0 17.37589114 18.0 HAILLAN3
1 19399 18.11269914 10.0 16.95336408 18.0 HAILLAN3
1 19325 17.60098959 10.0 16.42043156 18.0 HAILLAN3
1 19324 17.279476199999998 10.0 16.08558351 18.0 HAILLAN3
1 19322 17.18762706 10.0 15.98992496 18.0 HAILLAN3
1 19242 16.80626843 10.0 15.59274961 18.0 HAILLAN3
1 19236 16.28072665 10.0 15.04541116 18.0 HAILLAN3
1 19234 16.02390698 10.0 14.77793998 18.0 HAILLAN3
1 19229 15.95576673 10.0 14.70697364 18.0 HAILLAN3
1 19084 15.71634436 10.0 14.45762132 18.0 HAILLAN3
1 19083 15.61444449 10.0 14.35149518 18.0 HAILLAN3
1 19083 15.74089744 10.0 14.44804139 5.0 HAILLAN1
1 19081 15.45664482 10.0 14.20880451 5.0 HAILLAN1
1 19078 14.77396818 10.0 13.63424014 5.0 HAILLAN1
1 19060 14.77746986 10.0 13.63718727 5.0 HAILLAN1
1 19058 14.46357246 10.0 13.37300032 5.0 HAILLAN1
1 19051 14.09225976 10.0 13.06049066 5.0 HAILLAN1
1 19052 14.09045995 10.0 13.05897587 5.0 HAILLAN1
1 19051 14.182674100000002 10.0 13.13658651 5.0 HAILLAN1
1 19049 13.93993426 10.0 12.93228822 5.0 HAILLAN1
1 18293 13.5982732 10.0 12.644734399999999 5.0 HAILLAN1
1 18294 13.50783192 10.0 12.56861588 5.0 HAILLAN1
1 18292 13.48404988 10.0 12.54860009 5.0 HAILLAN1
1 18286 13.32545809 10.0 12.41512373 5.0 HAILLAN1
1 18289 13.28762771 10.0 12.38328437 5.0 HAILLAN1
1 18287 13.09467293 10.0 12.22088692 5.0 HAILLAN1
1 18288 13.12580604 10.0 12.24708963 5.0 HAILLAN1
1 18272 12.92760854 10.0 12.08027973 5.0 HAILLAN1
1 18315 12.94274657 10.0 12.09302042 5.0 HAILLAN1
1 18313 12.82857468 10.0 11.99692939 5.0 HAILLAN1
1 18308 12.55302924 10.0 11.76502078 5.0 HAILLAN1
1 18307 12.56400199 10.0 11.77425582 5.0 HAILLAN1
1 18308 12.6105278 10.0 11.81341356 5.0 HAILLAN1
1 18303 12.38360918 10.0 11.62243097 5.0 HAILLAN1
1 18305 12.46306547 10.0 11.68930414 5.0 HAILLAN1
1 18303 12.36474174 10.0 11.60655148 5.0 HAILLAN1
1 18118 12.18777225 10.0 11.45760781 5.0 HAILLAN1
1 18126 12.34062668 10.0 11.5862554 5.0 HAILLAN1
1 18124 12.27938157 10.0 11.53470939 5.0 HAILLAN1
1 18118 12.21745082 10.0 11.48258632 5.0 HAILLAN1
1 18094 12.07160465 10.0 11.35983712 5.0 HAILLAN1
1 18116 12.15685952 10.0 11.43159058 5.0 HAILLAN1
1 18094 12.07523121 10.0 11.36288936 5.0 HAILLAN1
1 18086 11.94420718 10.0 11.25261499 5.0 HAILLAN1
1 18092 12.03419545 10.0 11.32835224 5.0 HAILLAN1
1 18086 11.96703177 10.0 11.27182495 5.0 HAILLAN1
1 17998 11.84116476 10.0 11.1658909 5.0 HAILLAN1
1 18084 11.91159994 10.0 11.2251716 5.0 HAILLAN1
1 17998 11.78654836 10.0 11.11992384 5.0 HAILLAN1
1 17996 11.79166375 10.0 11.12422913 5.0 HAILLAN1
1 17991 11.71305961 10.0 11.05807316 5.0 HAILLAN1
1 17990 11.68957632 10.0 11.03830881 5.0 HAILLAN1
1 17991 11.62455283 10.0 10.98358278 5.0 HAILLAN1
1 17978 11.54908552 10.0 10.92006687 5.0 HAILLAN1
1 17989 11.62534622 10.0 10.98425052 5.0 HAILLAN1
1 18000 11.58360032 10.0 10.94911573 5.0 HAILLAN1
1 17978 11.54782932 10.0 10.91900961 5.0 HAILLAN1
1 17971 11.40047963 10.0 10.79499499 5.0 HAILLAN1
1 17976 11.5079518 10.0 10.885447300000001 5.0 HAILLAN1
1 17970 11.42242022 10.0 10.81346095 5.0 HAILLAN1
1 17971 11.37026724 10.0 10.76956719 5.0 HAILLAN1
1 15394 11.30661014 10.0 10.71599116 5.0 HAILLAN1
1 17969 11.37845088 10.0 10.77645483 5.0 HAILLAN1
1 15394 11.24015904 10.0 10.66006361 5.0 HAILLAN1
1 15390 11.14237892 10.0 10.57776847 5.0 HAILLAN1
1 15397 11.21532405 10.0 10.63916162 5.0 HAILLAN1
1 15389 11.13383042 10.0 10.57057375 5.0 HAILLAN1
1 15395 11.25429554 10.0 10.67196138 5.0 HAILLAN1
1 15390 11.10091953 10.0 10.5428748 5.0 HAILLAN1
1 15388 11.08216718 10.0 10.52709217 5.0 HAILLAN1
1 15407 10.93377433 10.0 10.4021996 5.0 HAILLAN1
1 15431 11.00437602 10.0 10.46162043 5.0 HAILLAN1
1 15409 11.01992544 10.0 10.47470736 5.0 HAILLAN1
1 15407 10.92808594 10.0 10.39741205 5.0 HAILLAN1
1 15402 10.84639151 10.0 10.32865518 5.0 HAILLAN1
1 15401 10.87130486 10.0 10.34962312 5.0 HAILLAN1
1 15402 10.79425812 10.0 10.28477791 5.0 HAILLAN1
1 15317 10.72754256 10.0 10.22862777 5.0 HAILLAN1
1 15400 10.82017789 10.0 10.30659289 5.0 HAILLAN1
1 15403 10.73199924 10.0 10.23237867 5.0 HAILLAN1
1 15317 10.68008378 10.0 10.18868482 5.0 HAILLAN1
1 15327 10.55767193 10.0 10.08565875 5.0 HAILLAN1
1 15318 10.64168775 10.0 10.15636938 5.0 HAILLAN1
1 15316 10.65415176 10.0 10.16685953 5.0 HAILLAN1
1 15327 10.54873407 10.0 10.07813634 5.0 HAILLAN1
1 15320 10.44574062 10.0 9.99145347 5.0 HAILLAN1
1 15321 10.55647205 10.0 10.08464889 5.0 HAILLAN1
1 15322 10.49025848 10.0 10.02892125 5.0 HAILLAN1
1 15320 10.43134211 10.0 9.97933518 5.0 HAILLAN1
1 15301 10.37685794 10.0 9.93347941 5.0 HAILLAN1
1 15323 10.37448267 10.0 9.93148031 5.0 HAILLAN1
1 15301 10.34708142 10.0 9.90841846 5.0 HAILLAN1
1 15299 10.33091982 10.0 9.8948163 5.0 HAILLAN1
1 15294 10.226138800000001 10.0 9.80662895 5.0 HAILLAN1
1 15293 10.22946907 10.0 9.80943182 5.0 HAILLAN1
1 15294 10.23230959 10.0 9.8118225 5.0 HAILLAN1
1 15292 10.19050982 10.0 9.77664237 5.0 HAILLAN1
1 15633 10.09028343 10.0 9.69228836 5.0 HAILLAN1
1 14950 10.09133639 10.0 9.69317456 5.0 HAILLAN1
1 15633 10.09062625 10.0 9.69257689 5.0 HAILLAN1
1 15631 10.05462997 10.0 9.66228116 5.0 HAILLAN1
1 15624 9.89680952 10.0 9.52945399 5.0 HAILLAN1
1 15625 9.97504635 10.0 9.59530082 5.0 HAILLAN1
1 15626 9.93101824 10.0 9.55824524 5.0 HAILLAN1
1 15624 9.90863688 10.0 9.539408300000002 5.0 HAILLAN1
1 15605 9.82048271 10.0 9.46521469 5.0 HAILLAN1
1 15602 9.82878389 10.0 9.47220126 5.0 HAILLAN1
1 15605 9.76986752 10.0 9.4226152 5.0 HAILLAN1
1 15604 9.726059800000002 10.0 9.38574509 5.0 HAILLAN1
1 15603 9.72872891 10.0 9.38799151 5.0 HAILLAN1
1 15604 9.72613326 10.0 9.38580692 5.0 HAILLAN1
1 15598 9.65036965 10.0 9.32204164 5.0 HAILLAN1
1 15609 9.64963504 10.0 9.32142336 5.0 HAILLAN1
1 15607 9.58471929 10.0 9.26678801 5.0 HAILLAN1
1 15608 9.55971779 10.0 9.24574588 5.0 HAILLAN1
1 15611 9.49847513 10.0 9.19420193 5.0 HAILLAN1
1 15612 9.43720798 10.0 9.14263737 5.0 HAILLAN1
1 15655 9.36386861 10.0 9.08091241 5.0 HAILLAN1
1 15570 9.29425131 10.0 9.02232007 5.0 HAILLAN1
1 15569 9.29924671 10.0 9.02652437 5.0 HAILLAN1
1 15570 9.25854887 10.0 8.99227166 5.0 HAILLAN1
1 15573 9.22776837 10.0 8.96636572 5.0 HAILLAN1
1 15571 9.17374946 10.0 8.92090153 5.0 HAILLAN1
1 15572 9.17105586 10.0 8.9186345 5.0 HAILLAN1
1 15583 9.09994483 10.0 8.85878499 5.0 HAILLAN1
1 15584 9.03591063 10.0 8.80489157 5.0 HAILLAN1
1 15581 8.93590462 10.0 8.72072305 5.0 HAILLAN1
1 15587 8.95351097 10.0 8.73554116 5.0 HAILLAN1
1 15581 8.91205402 10.0 8.70064955 5.0 HAILLAN1
1 15580 8.84336723 10.0 8.64284037 5.0 HAILLAN1
1 15582 8.87084195 10.0 8.66596404 5.0 HAILLAN1
1 15580 8.85108072 10.0 8.64933231 5.0 HAILLAN1
1 15751 8.79049922 10.0 8.59834481 5.0 HAILLAN1
1 15729 8.77859841 10.0 8.58832867 5.0 HAILLAN1
1 15727 8.70974021 10.0 8.53037522 5.0 HAILLAN1
1 15722 8.62944646 10.0 8.46279721 5.0 HAILLAN1
1 15728 8.63010761 10.0 8.46335366 5.0 HAILLAN1
1 15722 8.59798032 10.0 8.43631421 5.0 HAILLAN1
1 15723 8.52571839 10.0 8.37549606 5.0 HAILLAN1
1 15725 8.548956800000001 10.0 8.39505432 5.0 HAILLAN1
1 15723 8.48012309 10.0 8.33712148 5.0 HAILLAN1
1 15724 8.49951701 10.0 8.35344407 5.0 HAILLAN1
1 15737 8.38805096 10.0 8.25963038 5.0 HAILLAN1
1 15735 8.41572158 10.0 8.28291893 5.0 HAILLAN1
1 15737 8.38618993 10.0 8.25806407 5.0 HAILLAN1
1 15738 8.34705928 10.0 8.22513035 5.0 HAILLAN1
1 15747 8.26034986 10.0 8.15215269 5.0 HAILLAN1
1 15744 8.30445143 10.0 8.1892701 5.0 HAILLAN1
1 15747 8.25048149 10.0 8.14384713 5.0 HAILLAN1
1 15748 8.21460764 10.0 8.11365445 5.0 HAILLAN1
1 15791 8.1510142 10.0 8.051014200000001 5.0 HAILLAN1
1 15792 8.09405682 10.0 7.99405682 5.0 HAILLAN1
1 15795 8.00480072 10.0 7.90480072 5.0 HAILLAN1
1 15789 7.97864832 10.0 7.87864832 5.0 HAILLAN1
1 15788 7.87514064 10.0 7.77514064 5.0 HAILLAN1
1 15790 7.90979012 10.0 7.80979012 5.0 HAILLAN1
1 15788 7.89539161 10.0 7.79539161 5.0 HAILLAN1
1 15799 7.81198797 10.0 7.71198797 5.0 HAILLAN1
1 11651 7.81240426 10.0 7.71240426 5.0 HAILLAN1
1 11236 8.14614209 10.0 7.83008306 0.0 BUSSAGUET_AMONT
1 11234 8.12985966 10.0 7.82889888 0.0 BUSSAGUET_AMONT
1 11230 8.14318019 10.0 7.82986765 0.0 BUSSAGUET_AMONT
1 11233 8.14784755 10.0 7.83020709 0.0 BUSSAGUET_AMONT
1 11234 8.13482009 10.0 7.82925964 0.0 BUSSAGUET_AMONT
1 11246 8.10876166 10.0 7.82736448 0.0 BUSSAGUET_AMONT
1 11245 8.1239208 10.0 7.82846697 0.0 BUSSAGUET_AMONT
1 11246 8.1062215 10.0 7.82717975 0.0 BUSSAGUET_AMONT
1 11248 8.08804615 10.0 7.8258579 0.0 BUSSAGUET_AMONT
1 11244 8.09592875 10.0 7.82643118 0.0 BUSSAGUET_AMONT
1 11247 8.10103295 10.0 7.8268024 0.0 BUSSAGUET_AMONT
1 11248 8.07731117 10.0 7.82507718 0.0 BUSSAGUET_AMONT
1 11423 8.05390683 10.0 7.82337504 0.0 BUSSAGUET_AMONT
1 11419 8.07824388 10.0 7.82514501 0.0 BUSSAGUET_AMONT
1 11420 8.06682066 10.0 7.82431423 0.0 BUSSAGUET_AMONT
1 11423 8.04271495 10.0 7.82256109 0.0 BUSSAGUET_AMONT
1 11120 8.02358379 10.0 7.82116973 0.0 BUSSAGUET_AMONT
1 11424 8.04394226 10.0 7.82265035 0.0 BUSSAGUET_AMONT
1 11435 8.02929864 10.0 7.82158536 0.0 BUSSAGUET_AMONT
1 11120 8.02238571 10.0 7.8210826 0.0 BUSSAGUET_AMONT
1 11124 8.007526299999999 10.0 7.82000191 0.0 BUSSAGUET_AMONT
1 11121 8.02139847 10.0 7.821010799999999 0.0 BUSSAGUET_AMONT
1 11124 7.99931908 10.0 7.81940502 0.0 BUSSAGUET_AMONT
1 11153 7.98157392 10.0 7.81811447 0.0 BUSSAGUET_AMONT
1 11125 7.99824102 10.0 7.81932662 0.0 BUSSAGUET_AMONT
1 11153 7.98368012 10.0 7.81826765 0.0 BUSSAGUET_AMONT
1 11157 7.96007986 10.0 7.81655126 0.0 BUSSAGUET_AMONT
1 11154 7.97499591 10.0 7.81763607 0.0 BUSSAGUET_AMONT
1 11157 7.95791881 10.0 7.816394099999999 0.0 BUSSAGUET_AMONT
1 11162 7.91776383 10.0 7.81347373 0.0 BUSSAGUET_AMONT
1 11158 7.94920358 10.0 7.81576026 0.0 BUSSAGUET_AMONT
1 11161 7.94687035 10.0 7.81559057 0.0 BUSSAGUET_AMONT
1 11156 7.94550727 10.0 7.81549144 0.0 BUSSAGUET_AMONT
1 11162 7.91016532 10.0 7.81016532 0.0 BUSSAGUET_AMONT
1 11690 7.90188796 10.0 7.80188796 0.0 BUSSAGUET_AMONT
1 11694 7.8494235 10.0 7.7494235 0.0 BUSSAGUET_AMONT
1 11691 7.87953883 10.0 7.77953883 0.0 BUSSAGUET_AMONT
1 11694 7.84018542 10.0 7.74018542 0.0 BUSSAGUET_AMONT
1 11730 7.82964677 10.0 7.72964677 0.0 BUSSAGUET_AMONT
1 11729 7.82468179 10.0 7.72468179 0.0 BUSSAGUET_AMONT
1 11730 7.80606673 10.0 7.70606673 0.0 BUSSAGUET_AMONT
1 11744 7.76956086 10.0 7.66956086 0.0 BUSSAGUET_AMONT
1 11741 7.80539059 10.0 7.70539059 0.0 BUSSAGUET_AMONT
1 11743 7.780166499999999 10.0 7.6801664999999995 0.0 BUSSAGUET_AMONT
1 11744 7.77922377 10.0 7.67922377 0.0 BUSSAGUET_AMONT
1 11753 7.74646006 10.0 7.64646006 0.0 BUSSAGUET_AMONT
1 11750 7.74114128 10.0 7.64114128 0.0 BUSSAGUET_AMONT
1 11753 7.73140554 10.0 7.63140554 0.0 BUSSAGUET_AMONT
1 11778 7.68258254 10.0 7.58258254 0.0 BUSSAGUET_AMONT
1 11755 7.71211703 10.0 7.61211703 0.0 BUSSAGUET_AMONT
1 11756 7.71596574 10.0 7.61596574 0.0 BUSSAGUET_AMONT
1 11778 7.68958898 10.0 7.58958898 0.0 BUSSAGUET_AMONT
1 11808 7.63060854 10.0 7.53060854 0.0 BUSSAGUET_AMONT
1 11800 7.66939146 10.0 7.56939146 0.0 BUSSAGUET_AMONT
1 11802 7.66874543 10.0 7.56874543 0.0 BUSSAGUET_AMONT
1 11808 7.62544396 10.0 7.52544396 0.0 BUSSAGUET_AMONT
1 11811 7.60679384 10.0 7.50679384 0.0 BUSSAGUET_AMONT
1 11809 7.63202737 10.0 7.53202737 0.0 BUSSAGUET_AMONT
1 11811 7.60041634 10.0 7.50041634 0.0 BUSSAGUET_AMONT
1 11865 4.23310961 10.0 4.13310961 17.0 NOIR_AMONT
1 11866 4.16437474 10.0 4.06437474 17.0 NOIR_AMONT
1 11869 4.04065344 10.0 3.94065344 17.0 NOIR_AMONT
1 16791 3.87102059 10.0 3.77102059 17.0 NOIR_AMONT
1 16790 3.87106721 10.0 3.77106721 17.0 NOIR_AMONT
1 16791 3.88003372 10.0 3.78003372 17.0 NOIR_AMONT
1 16794 3.7888458 10.0 3.6888457999999997 17.0 NOIR_AMONT
1 13683 8.44544141 10.0 8.13022445 14.0 THIL_AVAL
1 13720 8.42203861 10.0 8.11832472 14.0 THIL_AVAL
1 13684 8.447788099999999 10.0 8.13141768 14.0 THIL_AVAL
1 13698 8.42300015 10.0 8.11881363 14.0 THIL_AVAL
1 13686 8.43875024 10.0 8.12682216 14.0 THIL_AVAL
1 13697 8.43847137 10.0 8.12668036 14.0 THIL_AVAL
1 13720 8.41246856 10.0 8.11345859 14.0 THIL_AVAL
1 13726 8.39939595 10.0 8.106811500000001 14.0 THIL_AVAL
1 13723 8.41513964 10.0 8.11481677 14.0 THIL_AVAL
1 13725 8.401195300000001 10.0 8.10772642 14.0 THIL_AVAL
1 13726 8.40248409 10.0 8.10838174 14.0 THIL_AVAL
1 13770 8.38301034 10.0 8.09847983 14.0 THIL_AVAL
1 13769 8.39397668 10.0 8.10405594 14.0 THIL_AVAL
1 13770 8.37370071 10.0 8.09374612 14.0 THIL_AVAL
1 13783 8.35125997 10.0 8.08233558 14.0 THIL_AVAL
1 13773 8.37466156 10.0 8.09423469 14.0 THIL_AVAL
1 13785 8.35053794 10.0 8.08196844 14.0 THIL_AVAL
1 13774 8.36487414 10.0 8.08925804 14.0 THIL_AVAL
1 13783 8.34875627 10.0 8.08106251 14.0 THIL_AVAL
1 14471 8.31605979 10.0 8.06443718 14.0 THIL_AVAL
1 13784 8.34530343 10.0 8.07930683 14.0 THIL_AVAL
1 13788 8.32587468 10.0 8.0694278 14.0 THIL_AVAL
1 13787 8.33558982 10.0 8.07436771 14.0 THIL_AVAL
1 14471 8.30190045 10.0 8.05723752 14.0 THIL_AVAL
1 14454 8.28458599 10.0 8.04843355 14.0 THIL_AVAL
1 14472 8.3038375 10.0 8.05822246 14.0 THIL_AVAL
1 14453 8.29635404 10.0 8.05441731 14.0 THIL_AVAL
1 14450 8.30000139 10.0 8.05627189 14.0 THIL_AVAL
1 14454 8.2729691 10.0 8.04252666 14.0 THIL_AVAL
1 14459 8.2400501 10.0 8.02578818 14.0 THIL_AVAL
1 14452 8.27424665 10.0 8.04317626 14.0 THIL_AVAL
1 14461 8.24980015 10.0 8.03074584 14.0 THIL_AVAL
1 14463 8.27579774 10.0 8.04396495 14.0 THIL_AVAL
1 14458 8.26111972 10.0 8.03650155 14.0 THIL_AVAL
1 14464 8.2591397 10.0 8.03549476 14.0 THIL_AVAL
1 14459 8.24099464 10.0 8.02626846 14.0 THIL_AVAL
1 10445 8.22665346 10.0 8.01897633 14.0 THIL_AVAL
1 14460 8.23918267 10.0 8.02534712 14.0 THIL_AVAL
1 10402 8.22619576 10.0 8.01874361 14.0 THIL_AVAL
1 10445 8.21299287 10.0 8.01203027 14.0 THIL_AVAL
1 10441 8.19958126 10.0 8.00521081 14.0 THIL_AVAL
1 10443 8.21067179 10.0 8.01085006 14.0 THIL_AVAL
1 10438 8.197274 10.0 8.00403763 14.0 THIL_AVAL
1 10444 8.21512288 10.0 8.01311333 14.0 THIL_AVAL
1 10441 8.18878998 10.0 7.99972372 14.0 THIL_AVAL
1 10451 8.17539066 10.0 7.9929105 14.0 THIL_AVAL
1 10442 8.1833625 10.0 7.99696398 14.0 THIL_AVAL
1 10440 8.18610252 10.0 7.99835721 14.0 THIL_AVAL
1 10451 8.1660864 10.0 7.98817953 14.0 THIL_AVAL
1 10431 8.14537051 10.0 7.97764602 14.0 THIL_AVAL
1 10429 8.1620132 10.0 7.98610841 14.0 THIL_AVAL
1 10433 8.1518795 10.0 7.98095568 14.0 THIL_AVAL
1 10430 8.16642862 10.0 7.98835353 14.0 THIL_AVAL
1 10431 8.14330916 10.0 7.97659788 14.0 THIL_AVAL
1 10597 8.12579443 10.0 7.96769208 14.0 THIL_AVAL
1 10432 8.14109781 10.0 7.97547346 14.0 THIL_AVAL
1 10426 8.13235406 10.0 7.97102749 14.0 THIL_AVAL
1 10597 8.1222898 10.0 7.96591007 14.0 THIL_AVAL
1 10511 8.09189406 10.0 7.9504546000000005 14.0 THIL_AVAL
1 10595 8.12084651 10.0 7.96517619 14.0 THIL_AVAL
1 10508 8.09497629 10.0 7.95202184 14.0 THIL_AVAL
1 10596 8.1091456 10.0 7.95922658 14.0 THIL_AVAL
1 10510 8.11072547 10.0 7.9600299 14.0 THIL_AVAL
1 10511 8.09050371 10.0 7.94974765 14.0 THIL_AVAL
1 10506 8.07749456 10.0 7.94313283 14.0 THIL_AVAL
1 10505 8.08434269 10.0 7.94661493 14.0 THIL_AVAL
1 10506 8.07258615 10.0 7.94063703 14.0 THIL_AVAL
1 10515 8.06327614 10.0 7.93590312 14.0 THIL_AVAL
1 10504 8.07130438 10.0 7.93998528 14.0 THIL_AVAL
1 10515 8.06381095 10.0 7.93617506 14.0 THIL_AVAL
1 10516 8.05662942 10.0 7.93252344 14.0 THIL_AVAL
1 10498 8.03399183 10.0 7.92101279 14.0 THIL_AVAL
1 10519 8.04496189 10.0 7.92659079 14.0 THIL_AVAL
1 10497 8.03800365 10.0 7.9230527 14.0 THIL_AVAL
1 10498 8.03229303 10.0 7.920149 14.0 THIL_AVAL
1 10563 8.01783023 10.0 7.91279503 14.0 THIL_AVAL
1 10541 8.02554771 10.0 7.91671918 14.0 THIL_AVAL
1 10563 8.01699464 10.0 7.91237016 14.0 THIL_AVAL
1 10567 8.006749300000001 10.0 7.9067493 14.0 THIL_AVAL
1 10564 8.01793573 10.0 7.91284868 14.0 THIL_AVAL
1 10567 7.99858103 10.0 7.89858103 14.0 THIL_AVAL
1 10557 7.98735776 10.0 7.88735776 14.0 THIL_AVAL
1 10568 7.99739133 10.0 7.89739133 14.0 THIL_AVAL
1 10546 7.98807211 10.0 7.88807211 14.0 THIL_AVAL
1 10557 7.97931647 10.0 7.87931647 14.0 THIL_AVAL
1 10562 7.955932300000001 10.0 7.8559323 14.0 THIL_AVAL
1 10558 7.97927773 10.0 7.87927773 14.0 THIL_AVAL
1 10561 7.96954647 10.0 7.86954647 14.0 THIL_AVAL
1 10562 7.9568285 10.0 7.856828500000001 14.0 THIL_AVAL
1 11177 7.92922074 10.0 7.82922074 14.0 THIL_AVAL
1 11173 7.95011925 10.0 7.85011925 14.0 THIL_AVAL
1 11174 7.940502700000001 10.0 7.8405027 14.0 THIL_AVAL
1 11177 7.92147371 10.0 7.82147371 14.0 THIL_AVAL
1 11191 7.88792246 10.0 7.78792246 14.0 THIL_AVAL
1 11178 7.91978451 10.0 7.81978451 14.0 THIL_AVAL
1 11188 7.90186388 10.0 7.80186388 14.0 THIL_AVAL
1 11176 7.91121801 10.0 7.81121801 14.0 THIL_AVAL
1 11187 7.91157403 10.0 7.81157403 14.0 THIL_AVAL
1 11191 7.89023701 10.0 7.79023701 14.0 THIL_AVAL
1 11236 7.86003463 10.0 7.76003463 14.0 THIL_AVAL
1 11192 7.882482700000001 10.0 7.7824827 14.0 THIL_AVAL
1 11235 7.87287497 10.0 7.77287497 14.0 THIL_AVAL
1 16709 6.28047862 10.0 6.15301156 4.0 JPT_SEUIL_AVAL
1 11844 6.36251055 10.0 6.16507508 4.0 JPT_SEUIL_AVAL
1 11852 5.93806687 10.0 5.83806687 4.0 JPT_SEUIL_AVAL
1 16708 6.56014644 10.0 6.35801044 16.0 JPT_ECL_AVAL
1 16709 6.461937799999999 10.0 6.33594108 16.0 JPT_ECL_AVAL
1 11236 8.02794915 10.0 7.70914379 11.0 MOULINAT_AMONT
1 11239 8.02027698 10.0 7.7113712 11.0 MOULINAT_AMONT
1 11241 8.02098396 10.0 7.71116595 11.0 MOULINAT_AMONT
1 11264 8.00550986 10.0 7.71565843 11.0 MOULINAT_AMONT
1 11242 8.00977738 10.0 7.71441947 11.0 MOULINAT_AMONT
1 11264 8.00756373 10.0 7.71506214 11.0 MOULINAT_AMONT
1 11276 7.99360859 10.0 7.71911364 11.0 MOULINAT_AMONT
1 11275 8.00366985 10.0 7.71619262 11.0 MOULINAT_AMONT
1 11276 7.98725898 10.0 7.72095707 11.0 MOULINAT_AMONT
1 11459 7.96729428 10.0 7.72675327 11.0 MOULINAT_AMONT
1 11278 7.98608903 10.0 7.72129673 11.0 MOULINAT_AMONT
1 11288 7.96825248 10.0 7.72647509 11.0 MOULINAT_AMONT
1 11281 7.98711868 10.0 7.7209978 11.0 MOULINAT_AMONT
1 11282 7.97771105 10.0 7.72372905 11.0 MOULINAT_AMONT
1 11459 7.96540113 10.0 7.727302900000001 11.0 MOULINAT_AMONT
1 11465 7.94924149 10.0 7.73199441 11.0 MOULINAT_AMONT
1 11460 7.95936982 10.0 7.72905392 11.0 MOULINAT_AMONT
1 11462 7.95385496 10.0 7.73065501 11.0 MOULINAT_AMONT
1 11465 7.9482277 10.0 7.73228873 11.0 MOULINAT_AMONT
1 11560 7.90980013 10.0 7.74344512 11.0 MOULINAT_AMONT
1 11466 7.93930408 10.0 7.73487946 11.0 MOULINAT_AMONT
1 11554 7.91190469 10.0 7.74283412 11.0 MOULINAT_AMONT
1 11537 7.941468700000001 10.0 7.73425102 11.0 MOULINAT_AMONT
1 11551 7.92488316 10.0 7.73906618 11.0 MOULINAT_AMONT
1 11548 7.9325109 10.0 7.73685167 11.0 MOULINAT_AMONT
1 11550 7.92501958 10.0 7.73902657 11.0 MOULINAT_AMONT
1 11560 7.91210456 10.0 7.7427760999999995 11.0 MOULINAT_AMONT
1 11626 7.88457459 10.0 7.75076867 11.0 MOULINAT_AMONT
1 11561 7.90431391 10.0 7.7450379 11.0 MOULINAT_AMONT
1 11625 7.88348936 10.0 7.75108373 11.0 MOULINAT_AMONT
1 11563 7.89835005 10.0 7.74676934 11.0 MOULINAT_AMONT
1 11606 7.89656976 10.0 7.7472862000000005 11.0 MOULINAT_AMONT
1 11626 7.88145193 10.0 7.75167525 11.0 MOULINAT_AMONT
1 11638 7.85974232 10.0 7.75797804 11.0 MOULINAT_AMONT
1 11629 7.87416417 10.0 7.75379105 11.0 MOULINAT_AMONT
1 11632 7.8658038 10.0 7.75621825 11.0 MOULINAT_AMONT
1 11631 7.87410135 10.0 7.75380929 11.0 MOULINAT_AMONT
1 11638 7.85472419 10.0 7.75472419 11.0 MOULINAT_AMONT
1 16438 7.81629508 10.0 7.71629508 11.0 MOULINAT_AMONT
1 11649 7.85702616 10.0 7.75702616 11.0 MOULINAT_AMONT
1 16436 7.81248999 10.0 7.71248999 11.0 MOULINAT_AMONT
1 11651 7.84757286 10.0 7.74757286 11.0 MOULINAT_AMONT
1 15806 7.82758626 10.0 7.72758626 11.0 MOULINAT_AMONT
1 11652 7.84733819 10.0 7.74733819 11.0 MOULINAT_AMONT
1 15805 7.82318281 10.0 7.72318281 11.0 MOULINAT_AMONT
1 15800 7.83537814 10.0 7.73537814 11.0 MOULINAT_AMONT
1 15803 7.83765054 10.0 7.73765054 11.0 MOULINAT_AMONT
1 16438 7.80703918 10.0 7.70703918 11.0 MOULINAT_AMONT
1 16445 7.79419714 10.0 7.69419714 11.0 MOULINAT_AMONT
1 16439 7.79085829 10.0 7.69085829 11.0 MOULINAT_AMONT
1 16445 7.78606097 10.0 7.68606097 11.0 MOULINAT_AMONT
1 16450 7.77107463 10.0 7.67107463 11.0 MOULINAT_AMONT
1 16448 7.76885459 10.0 7.66885459 11.0 MOULINAT_AMONT
1 16450 7.76837849 10.0 7.66837849 11.0 MOULINAT_AMONT
1 16473 7.747211500000001 10.0 7.647211500000001 11.0 MOULINAT_AMONT
1 16451 7.74770053 10.0 7.64770053 11.0 MOULINAT_AMONT
1 16473 7.75081118 10.0 7.65081118 11.0 MOULINAT_AMONT
1 16486 7.72248762 10.0 7.62248762 11.0 MOULINAT_AMONT
1 16484 7.72868984 10.0 7.62868984 11.0 MOULINAT_AMONT
1 16486 7.72588529 10.0 7.62588529 11.0 MOULINAT_AMONT
1 16794 2.43184876 10.0 2.31412802 7.0 NOIR_AVAL
1 16795 2.47786412 10.0 2.3418633 7.0 NOIR_AVAL
1 16798 2.34448561 10.0 2.24448561 7.0 NOIR_AVAL
1 11877 2.16840263 10.0 2.06840263 7.0 NOIR_AVAL
1 11878 2.17754044 10.0 2.07754044 7.0 NOIR_AVAL
1 11881 2.01105951 10.0 1.91105951 7.0 NOIR_AVAL
1 11882 1.86062741 10.0 1.76062741 7.0 NOIR_AVAL
1 11880 1.72299101 10.0 1.62299101 7.0 NOIR_AVAL
1 11852 6.2414596 10.0 6.10388827 2.0 BLANC_AMONT
1 11853 6.17994632 10.0 6.07994632 2.0 BLANC_AMONT
1 11854 6.14947533 10.0 6.04947533 2.0 BLANC_AMONT
1 11857 6.01091872 10.0 5.91091872 2.0 BLANC_AMONT
1 11858 5.88521963 10.0 5.78521963 2.0 BLANC_AMONT
1 11861 5.74619905 10.0 5.64619905 2.0 BLANC_AMONT
1 11862 5.59634517 10.0 5.49634517 2.0 BLANC_AMONT
1 11865 5.37905904 10.0 5.27905904 2.0 BLANC_AMONT
1 11852 6.23596187 10.0 6.12239365 8.0 MAJOLAN
1 11853 6.17091244 10.0 6.06628466 8.0 MAJOLAN
1 11851 6.15227286 10.0 6.05020692 8.0 MAJOLAN
1 11854 6.10235346 10.0 6.00235346 8.0 MAJOLAN
1 11849 6.12029706 10.0 6.02029706 8.0 MAJOLAN
1 11855 6.02917621 10.0 5.92917621 8.0 MAJOLAN
1 6691 5.87496094 10.0 5.77496094 8.0 MAJOLAN
1 6690 5.8819819 10.0 5.7819819 8.0 MAJOLAN
1 6691 5.92599854 10.0 5.82599854 8.0 MAJOLAN
1 6694 5.81791889 10.0 5.71791889 8.0 MAJOLAN
1 6693 5.65656338 10.0 5.55656338 8.0 MAJOLAN
1 6695 5.67952963 10.0 5.57952963 8.0 MAJOLAN
1 6693 5.67469134 10.0 5.57469134 8.0 MAJOLAN
1 6696 5.58612675 10.0 5.48612675 8.0 MAJOLAN
1 6698 5.5805172 10.0 5.4805171999999995 8.0 MAJOLAN
1 6699 5.52372691 10.0 5.42372691 8.0 MAJOLAN
1 6700 5.39156675 10.0 5.29156675 8.0 MAJOLAN
1 6702 5.38357627 10.0 5.28357627 8.0 MAJOLAN
1 6700 5.40173665 10.0 5.30173665 8.0 MAJOLAN
1 6701 5.336006299999999 10.0 5.2360063 8.0 MAJOLAN
1 6706 5.19020905 10.0 5.09020905 8.0 MAJOLAN
1 6704 5.19488058 10.0 5.09488058 8.0 MAJOLAN
1 6706 5.17911503 10.0 5.07911503 8.0 MAJOLAN
1 6704 5.14877669 10.0 5.04877669 8.0 MAJOLAN
1 6705 5.1222900000000005 10.0 5.02229 8.0 MAJOLAN
1 6701 6.21780389 10.0 6.10673132 8.0 MAJOLAN
1 6703 6.24482407 10.0 6.13003783 8.0 MAJOLAN
1 6706 6.12037418 10.0 6.02037418 8.0 MAJOLAN
1 11871 6.06930415 10.0 5.96930415 8.0 MAJOLAN
1 11872 6.02261244 10.0 5.92261244 8.0 MAJOLAN
1 6707 5.94584851 10.0 5.84584851 8.0 MAJOLAN
1 6705 5.81166501 10.0 5.71166501 8.0 MAJOLAN
1 6705 6.22803235 10.0 6.11555397 8.0 MAJOLAN
1 6708 6.22140632 10.0 6.10983863 8.0 MAJOLAN
1 6709 6.12885659 10.0 6.02885659 8.0 MAJOLAN
1 6712 6.02693355 10.0 5.92693355 8.0 MAJOLAN
1 6713 5.93314319 10.0 5.83314319 8.0 MAJOLAN
1 6716 5.82464711 10.0 5.72464711 8.0 MAJOLAN
1 16832 10.50477269 10.0 10.25404955 10.0 THIL_AMONT
1 16849 10.53832741 10.0 10.28252022 10.0 THIL_AMONT
1 16850 10.40402097 10.0 10.16856324 10.0 THIL_AMONT
1 16852 10.38860143 10.0 10.15548 10.0 THIL_AMONT
1 16853 10.36687586 10.0 10.13704619 10.0 THIL_AMONT
1 16874 10.30577855 10.0 10.08520605 10.0 THIL_AMONT
1 16851 10.32623548 10.0 10.10256344 10.0 THIL_AMONT
1 16874 10.32731186 10.0 10.10347673 10.0 THIL_AMONT
1 16875 10.28300069 10.0 10.06587938 10.0 THIL_AMONT
1 16878 10.24320648 10.0 10.03211459 10.0 THIL_AMONT
1 16872 10.17062534 10.0 9.97053059 10.0 THIL_AMONT
1 16879 10.18231694 10.0 9.98045073 10.0 THIL_AMONT
1 16872 10.17540557 10.0 9.97458655 10.0 THIL_AMONT
1 16870 10.14603596 10.0 9.94966687 10.0 THIL_AMONT
1 16871 10.14787564 10.0 9.95122782 10.0 THIL_AMONT
1 16868 10.128585300000001 10.0 9.93486025 10.0 THIL_AMONT
1 16898 10.1166394 10.0 9.92472434 10.0 THIL_AMONT
1 16896 10.09549591 10.0 9.9067844 10.0 THIL_AMONT
1 13089 10.06523604 10.0 9.88110937 10.0 THIL_AMONT
1 12420 10.05857163 10.0 9.87545472 10.0 THIL_AMONT
1 12418 10.04822459 10.0 9.86667541 10.0 THIL_AMONT
1 12412 10.02135224 10.0 9.84387463 10.0 THIL_AMONT
1 13069 10.01740143 10.0 9.84052243 10.0 THIL_AMONT
1 13070 9.99018621 10.0 9.81743072 10.0 THIL_AMONT
1 13065 9.96578786 10.0 9.79672909 10.0 THIL_AMONT
1 13067 9.98110739 10.0 9.80972748 10.0 THIL_AMONT
1 13065 9.97013746 10.0 9.80041966 10.0 THIL_AMONT
1 12974 9.94773758 10.0 9.781413699999998 10.0 THIL_AMONT
1 12979 9.95752704 10.0 9.78971991 10.0 THIL_AMONT
1 12976 9.95238393 10.0 9.78535606 10.0 THIL_AMONT
1 12974 9.93919797 10.0 9.77416797 10.0 THIL_AMONT
1 12965 9.92091462 10.0 9.75865483 10.0 THIL_AMONT
1 12968 9.93897224 10.0 9.77397645 10.0 THIL_AMONT
1 12966 9.92493318 10.0 9.76206452 10.0 THIL_AMONT
1 12965 9.91276727 10.0 9.75174193 10.0 THIL_AMONT
1 12941 9.90567427 10.0 9.74572362 10.0 THIL_AMONT
1 12943 9.91722137 10.0 9.75552116 10.0 THIL_AMONT
1 12941 9.8918744 10.0 9.73401465 10.0 THIL_AMONT
1 12280 9.87115705 10.0 9.71643629 10.0 THIL_AMONT
1 12935 9.89071271 10.0 9.73302897 10.0 THIL_AMONT
1 12355 9.88466262 10.0 9.72789555 10.0 THIL_AMONT
1 12357 9.89315447 10.0 9.73510076 10.0 THIL_AMONT
1 12280 9.86655029 10.0 9.71252752 10.0 THIL_AMONT
1 12581 9.8407531 10.0 9.69063899 10.0 THIL_AMONT
1 12278 9.86335136 10.0 9.70981327 10.0 THIL_AMONT
1 12583 9.83730803 10.0 9.6877159 10.0 THIL_AMONT
1 12272 9.85260552 10.0 9.70069559 10.0 THIL_AMONT
1 12581 9.83063546 10.0 9.68205433 10.0 THIL_AMONT
1 12246 9.81645149 10.0 9.67001944 10.0 THIL_AMONT
1 12559 9.82660179 10.0 9.67863182 10.0 THIL_AMONT
1 12248 9.82990685 10.0 9.68143611 10.0 THIL_AMONT
1 12246 9.81316479 10.0 9.66723073 10.0 THIL_AMONT
1 12237 9.79366261 10.0 9.65068342 10.0 THIL_AMONT
1 12240 9.80319328 10.0 9.65877006 10.0 THIL_AMONT
1 12239 9.80758452 10.0 9.66249596 10.0 THIL_AMONT
1 12237 9.79176333 10.0 9.64907191 10.0 THIL_AMONT
1 12161 9.77157661 10.0 9.63194379 10.0 THIL_AMONT
1 12163 9.78649939 10.0 9.64460555 10.0 THIL_AMONT
1 12161 9.77512822 10.0 9.63495728 10.0 THIL_AMONT
1 12155 9.76312803 10.0 9.624775300000001 10.0 THIL_AMONT
1 12154 9.75202667 10.0 9.61535596 10.0 THIL_AMONT
1 12156 9.75834698 10.0 9.62071865 10.0 THIL_AMONT
1 12154 9.74935796 10.0 9.61309161 10.0 THIL_AMONT
1 12453 9.74354951 10.0 9.60816322 10.0 THIL_AMONT
1 12454 9.73378332 10.0 9.59987675 10.0 THIL_AMONT
1 12459 9.7147236 10.0 9.58370487 10.0 THIL_AMONT
1 12457 9.71849399 10.0 9.58690399 10.0 THIL_AMONT
1 12459 9.71070136 10.0 9.58029206 10.0 THIL_AMONT
1 12466 9.69649331 10.0 9.56823675 10.0 THIL_AMONT
1 12460 9.70821675 10.0 9.57818391 10.0 THIL_AMONT
1 12466 9.69591859 10.0 9.5677491 10.0 THIL_AMONT
1 12479 9.68119214 10.0 9.55525394 10.0 THIL_AMONT
1 12477 9.69575939 10.0 9.56761403 10.0 THIL_AMONT
1 12479 9.68156359 10.0 9.55556911 10.0 THIL_AMONT
1 12480 9.68328612 10.0 9.55703065 10.0 THIL_AMONT
1 12569 9.66759963 10.0 9.5437209 10.0 THIL_AMONT
1 12566 9.66426886 10.0 9.54089479 10.0 THIL_AMONT
1 12569 9.65904411 10.0 9.53646167 10.0 THIL_AMONT
1 12613 9.64365151 10.0 9.52340128 10.0 THIL_AMONT
1 12570 9.65819509 10.0 9.53574129 10.0 THIL_AMONT
1 12613 9.64170039 10.0 9.52174579 10.0 THIL_AMONT
1 12629 9.60353932 10.0 9.489366699999998 10.0 THIL_AMONT
1 12614 9.63652871 10.0 9.51735769 10.0 THIL_AMONT
1 12618 9.61611137 10.0 9.50003389 10.0 THIL_AMONT
1 12617 9.6263282 10.0 9.50870272 10.0 THIL_AMONT
1 12629 9.59776761 10.0 9.48446949 10.0 THIL_AMONT
1 12724 9.527707000000001 10.0 9.42502412 10.0 THIL_AMONT
1 12630 9.59571036 10.0 9.48272394 10.0 THIL_AMONT
1 12723 9.54328328 10.0 9.43824036 10.0 THIL_AMONT
1 12633 9.58523229 10.0 9.47383346 10.0 THIL_AMONT
1 12720 9.55377768 10.0 9.44714469 10.0 THIL_AMONT
1 12634 9.5747379 10.0 9.46492912 10.0 THIL_AMONT
1 12719 9.55994533 10.0 9.45237785 10.0 THIL_AMONT
1 12805 9.56045148 10.0 9.45280731 10.0 THIL_AMONT
1 12724 9.53229498 10.0 9.42891695 10.0 THIL_AMONT
1 12785 9.45642592 10.0 9.35642592 10.0 THIL_AMONT
1 12735 9.522380199999999 10.0 9.42050442 10.0 THIL_AMONT
1 12782 9.47065111 10.0 9.37065111 10.0 THIL_AMONT
1 12736 9.50746926 10.0 9.40746926 10.0 THIL_AMONT
1 12781 9.480990400000001 10.0 9.380990400000002 10.0 THIL_AMONT
1 12734 9.51022858 10.0 9.41019395 10.0 THIL_AMONT
1 12738 9.49134602 10.0 9.39134602 10.0 THIL_AMONT
1 12737 9.5016853 10.0 9.4016853 10.0 THIL_AMONT
1 12785 9.45638918 10.0 9.35638918 10.0 THIL_AMONT
1 12792 9.42549378 10.0 9.32549378 10.0 THIL_AMONT
1 12786 9.44521312 10.0 9.34521312 10.0 THIL_AMONT
1 12791 9.43960876 10.0 9.33960876 10.0 THIL_AMONT
1 12780 9.44865411 10.0 9.34865411 10.0 THIL_AMONT
1 12792 9.42518764 10.0 9.32518764 10.0 THIL_AMONT
1 12794 9.3995578 10.0 9.2995578 10.0 THIL_AMONT
1 12795 9.41884039 10.0 9.31884039 10.0 THIL_AMONT
1 12796 9.40471316 10.0 9.30471316 10.0 THIL_AMONT
1 12794 9.40129666 10.0 9.30129666 10.0 THIL_AMONT
1 13426 9.37700567 10.0 9.27700567 10.0 THIL_AMONT
1 13447 9.39746382 10.0 9.29746382 10.0 THIL_AMONT
1 13448 9.38284677 10.0 9.28284677 10.0 THIL_AMONT
1 13426 9.37468718 10.0 9.27468718 10.0 THIL_AMONT
1 13428 9.35701692 10.0 9.25701692 10.0 THIL_AMONT
1 13429 9.37414022 10.0 9.27414022 10.0 THIL_AMONT
1 13427 9.35847414 10.0 9.25847414 10.0 THIL_AMONT
1 13428 9.35952725 10.0 9.25952725 10.0 THIL_AMONT
1 13433 9.34682458 10.0 9.24682458 10.0 THIL_AMONT
1 13439 9.342640699999999 10.0 9.242640699999999 10.0 THIL_AMONT
1 13433 9.33353004 10.0 9.23353004 10.0 THIL_AMONT
1 13435 9.3222601 10.0 9.2222601 10.0 THIL_AMONT
1 13434 9.33475051 10.0 9.23475051 10.0 THIL_AMONT
1 13432 9.31897014 10.0 9.21897014 10.0 THIL_AMONT
1 13435 9.31390458 10.0 9.21390458 10.0 THIL_AMONT
1 13479 9.30212849 10.0 9.20212849 10.0 THIL_AMONT
1 13436 9.31353314 10.0 9.21353314 10.0 THIL_AMONT
1 13479 9.2897238 10.0 9.189723800000001 10.0 THIL_AMONT
1 9425 9.27984576 10.0 9.17984576 10.0 THIL_AMONT
1 13480 9.2923974 10.0 9.1923974 10.0 THIL_AMONT
1 13483 9.2768252 10.0 9.1768252 10.0 THIL_AMONT
1 9425 9.27227395 10.0 9.17227395 10.0 THIL_AMONT
1 13496 9.24691351 10.0 9.14691351 10.0 THIL_AMONT
1 9426 9.26796762 10.0 9.16796762 10.0 THIL_AMONT
1 13495 9.26118361 10.0 9.16118361 10.0 THIL_AMONT
1 13484 9.26677164 10.0 9.16677164 10.0 THIL_AMONT
1 13496 9.24710944 10.0 9.14710944 10.0 THIL_AMONT
1 13502 9.22760236 10.0 9.12760236 10.0 THIL_AMONT
1 13499 9.24031319 10.0 9.14031319 10.0 THIL_AMONT
1 13500 9.22402259 10.0 9.12402259 10.0 THIL_AMONT
1 13502 9.21842639 10.0 9.11842639 10.0 THIL_AMONT
1 13677 9.19182507 10.0 9.09182507 10.0 THIL_AMONT
1 13673 9.21853252 10.0 9.11853252 10.0 THIL_AMONT
1 13674 9.20783811 10.0 9.10783811 10.0 THIL_AMONT
1 13677 9.19195161 10.0 9.09195161 10.0 THIL_AMONT
1 13683 9.19660898 10.0 9.09660898 10.0 THIL_AMONT
1 16559 7.04599923 10.0 6.94599923 9.0 JPT_ECL_AMONT
1 16558 7.040497099999999 10.0 6.940497099999999 9.0 JPT_ECL_AMONT
1 16557 7.04428818 10.0 6.94428818 9.0 JPT_ECL_AMONT
1 16558 7.04380362 10.0 6.94380362 9.0 JPT_ECL_AMONT
1 16699 7.03695326 10.0 6.93695326 9.0 JPT_ECL_AMONT
1 16700 7.02790983 10.0 6.92790983 9.0 JPT_ECL_AMONT
1 16698 7.01930557 10.0 6.91930557 9.0 JPT_ECL_AMONT
1 16697 7.02363544 10.0 6.92363544 9.0 JPT_ECL_AMONT
1 16698 7.02291408 10.0 6.92291408 9.0 JPT_ECL_AMONT
1 16704 7.00981914 10.0 6.90981914 9.0 JPT_ECL_AMONT
1 16705 6.98997359 10.0 6.88997359 9.0 JPT_ECL_AMONT
1 16696 6.99093016 10.0 6.89093016 9.0 JPT_ECL_AMONT
1 16708 6.98582516 10.0 6.88582516 9.0 JPT_ECL_AMONT
1 16486 7.61985604 10.0 7.14325496 3.0 MOULINAT_AVAL
1 16492 7.56441365 10.0 7.13599464 3.0 MOULINAT_AVAL
1 16493 7.5508392 10.0 7.13421704 3.0 MOULINAT_AVAL
1 16496 7.45898622 10.0 7.12218867 3.0 MOULINAT_AVAL
1 16537 7.28510788 10.0 7.09941889 3.0 MOULINAT_AVAL
1 16497 7.37920443 10.0 7.11174106 3.0 MOULINAT_AVAL
1 16537 7.23433369 10.0 7.09276989 3.0 MOULINAT_AVAL
1 16538 7.22346613 10.0 7.09134675 3.0 MOULINAT_AVAL
1 16541 7.14440931 10.0 7.04440931 3.0 MOULINAT_AVAL
1 16542 7.0654207 10.0 6.965420699999999 3.0 MOULINAT_AVAL
1 16555 6.945266800000001 10.0 6.8452668 3.0 MOULINAT_AVAL
1 16553 6.93952223 10.0 6.83952223 3.0 MOULINAT_AVAL
1 16555 6.95645522 10.0 6.85645522 3.0 MOULINAT_AVAL
1 16556 6.90004807 10.0 6.80004807 3.0 MOULINAT_AVAL
1 16559 6.79595603 10.0 6.69595603 3.0 MOULINAT_AVAL
