1 9698 9.63 0.06939725218499998 BAR
1 10383 9.63 0.06939725218499998 BAR
1 10381 9.63 0.06939725218499998 BAR
1 10380 9.63 0.06939725218499998 BAR
1 10379 9.63 0.06939725218499998 BAR
1 10383 9.63 0.06939725218499998 BAR
1 10396 9.63 0.06939725218499998 BAR
1 10384 9.63 0.06939725218499998 BAR
1 10395 9.63 0.06939725218499998 BAR
1 10396 9.63 0.06939725218499998 BAR
1 10394 9.63 0.06939725218499998 BAR
1 10390 9.63 0.06939725218499998 BAR
1 10393 9.63 0.06939725218499998 BAR
1 10394 9.63 0.06939725218499998 BAR
1 10435 9.63 0.06939725218499998 BAR
1 10392 9.63 0.06939725218499998 BAR
1 10435 9.63 0.06939725218499998 BAR
1 10414 9.63 0.06939725218499998 BAR
1 10413 9.63 0.06939725218499998 BAR
1 10414 9.63 0.06939725218499998 BAR
1 10415 9.63 0.06939725218499998 BAR
1 10412 9.63 0.06939725218499998 BAR
1 10415 9.63 0.06939725218499998 BAR
1 10410 9.63 0.06939725218499998 BAR
1 10409 9.63 0.06939725218499998 BAR
1 10410 9.63 0.06939725218499998 BAR
1 10333 9.63 0.06939725218499998 BAR
1 10408 9.63 0.06939725218499998 BAR
1 10419 9.63 0.06939725218499998 BAR
1 10333 9.63 0.06939725218499998 BAR
1 10331 9.63 0.06939725218499998 BAR
1 10326 9.63 0.06939725218499998 BAR
1 10332 9.63 0.06939725218499998 BAR
1 10326 9.63 0.06939725218499998 BAR
1 10327 9.63 0.06939725218499998 BAR
1 10324 9.63 0.06939725218499998 BAR
1 10327 9.63 0.06939725218499998 BAR
1 10305 9.63 0.06939725218499998 BAR
1 10304 9.63 0.06939725218499998 BAR
1 10306 9.63 0.06939725218499998 BAR
1 10304 9.63 0.06939725218499998 BAR
1 10467 9.63 0.06939725218499998 BAR
1 10298 9.63 0.06939725218499998 BAR
1 10469 9.63 0.06939725218499998 BAR
1 10467 9.63 0.06939725218499998 BAR
1 10126 9.63 0.06939725218499998 BAR
1 10125 9.63 0.06939725218499998 BAR
1 10126 9.63 0.06939725218499998 BAR
1 10127 9.63 0.06939725218499998 BAR
1 10129 9.63 0.06939725218499998 BAR
1 10127 9.63 0.06939725218499998 BAR
1 10128 9.63 0.06939725218499998 BAR
1 10133 9.63 0.06939725218499998 BAR
1 10139 9.63 0.06939725218499998 BAR
1 10133 9.63 0.06939725218499998 BAR
1 10134 9.63 0.06939725218499998 BAR
1 10137 9.63 0.06939725218499998 BAR
1 10138 9.63 0.06939725218499998 BAR
1 10188 9.63 0.06939725218499998 BAR
1 10181 9.63 0.06939725218499998 BAR
1 10187 9.63 0.06939725218499998 BAR
1 10188 9.63 0.06939725218499998 BAR
1 10191 9.63 0.06939725218499998 BAR
1 10192 9.63 0.06939725218499998 BAR
1 10203 9.63 0.06939725218499998 BAR
1 10204 9.63 0.06939725218499998 BAR
1 10201 9.63 0.06939725218499998 BAR
1 10198 9.63 0.06939725218499998 BAR
1 10201 9.63 0.06939725218499998 BAR
1 10202 9.63 0.06939725218499998 BAR
1 10885 9.63 0.06939725218499998 BAR
1 10889 9.63 0.06939725218499998 BAR
1 10886 9.63 0.06939725218499998 BAR
1 10889 9.63 0.06939725218499998 BAR
1 10890 9.63 0.06939725218499998 BAR
1 13898 9.03 0.024452143830000002 GAL
1 13901 9.03 0.024452143830000002 GAL
1 13908 9.03 0.024452143830000002 GAL
1 13907 9.03 0.024452143830000002 GAL
1 13908 9.03 0.024452143830000002 GAL
1 13913 9.03 0.024452143830000002 GAL
1 13919 9.03 0.024452143830000002 GAL
1 13913 9.03 0.024452143830000002 GAL
1 13914 9.03 0.024452143830000002 GAL
1 13918 9.03 0.024452143830000002 GAL
1 13917 9.03 0.024452143830000002 GAL
1 13918 9.03 0.024452143830000002 GAL
1 14602 9.03 0.024452143830000002 GAL
1 14601 9.03 0.024452143830000002 GAL
1 14602 9.03 0.024452143830000002 GAL
1 14605 9.03 0.024452143830000002 GAL
1 14604 9.03 0.024452143830000002 GAL
1 14603 9.03 0.024452143830000002 GAL
1 14604 9.03 0.024452143830000002 GAL
1 14615 9.03 0.024452143830000002 GAL
1 14616 9.03 0.024452143830000002 GAL
1 14619 9.03 0.024452143830000002 GAL
1 14620 9.03 0.024452143830000002 GAL
1 14663 9.03 0.024452143830000002 GAL
1 14667 9.03 0.024452143830000002 GAL
1 14664 9.03 0.024452143830000002 GAL
1 14667 9.03 0.024452143830000002 GAL
1 14668 9.03 0.024452143830000002 GAL
1 14679 9.03 0.024452143830000002 GAL
1 14680 9.03 0.024452143830000002 GAL
1 14683 9.03 0.024452143830000002 GAL
1 14855 9.03 0.024452143830000002 GAL
1 14684 9.03 0.024452143830000002 GAL
1 14855 9.03 0.024452143830000002 GAL
1 14856 9.03 0.024452143830000002 GAL
1 14859 9.03 0.024452143830000002 GAL
1 14838 9.03 0.024452143830000002 GAL
1 14837 9.03 0.024452143830000002 GAL
1 14838 9.03 0.024452143830000002 GAL
1 14849 9.03 0.024452143830000002 GAL
1 14853 9.03 0.024452143830000002 GAL
1 14850 9.03 0.024452143830000002 GAL
1 14853 9.03 0.024452143830000002 GAL
1 14852 9.03 0.024452143830000002 GAL
1 14851 9.03 0.024452143830000002 GAL
1 14852 9.03 0.024452143830000002 GAL
1 14895 9.03 0.024452143830000002 GAL
1 14896 9.03 0.024452143830000002 GAL
1 14893 9.03 0.024452143830000002 GAL
1 14890 9.03 0.024452143830000002 GAL
1 14893 9.03 0.024452143830000002 GAL
1 14905 9.03 0.024452143830000002 GAL
1 14894 9.03 0.024452143830000002 GAL
1 14905 9.03 0.024452143830000002 GAL
1 14904 9.03 0.024452143830000002 GAL
1 14906 9.03 0.024452143830000002 GAL
1 14904 9.03 0.024452143830000002 GAL
1 14907 9.03 0.024452143830000002 GAL
