1 18952 13.51655383 10.0 13.41655383 12.0 GAJAC
1 18950 13.49503688 10.0 13.39503688 12.0 GAJAC
1 18951 13.418175699999999 10.0 13.318175699999998 12.0 GAJAC
1 18954 13.29692211 10.0 13.19692211 12.0 GAJAC
1 16812 13.23664591 10.0 13.13664591 12.0 GAJAC
1 16813 13.10859066 10.0 13.00859066 12.0 GAJAC
1 16811 13.098942999999998 10.0 12.998942999999999 12.0 GAJAC
1 16814 12.979312400000001 10.0 12.879312400000002 12.0 GAJAC
1 11894 12.95396679 10.0 12.85396679 12.0 GAJAC
1 11895 12.85849846 10.0 12.75849846 12.0 GAJAC
1 11904 12.75539882 10.0 12.65539882 12.0 GAJAC
1 16818 12.60216071 10.0 12.50216071 12.0 GAJAC
1 16819 12.56259146 10.0 12.46259146 12.0 GAJAC
1 16821 12.50545377 10.0 12.40545377 12.0 GAJAC
1 16822 12.47860339 10.0 12.37860339 12.0 GAJAC
1 16827 12.40161966 10.0 12.30161966 12.0 GAJAC
1 16828 12.34371168 10.0 12.24371168 12.0 GAJAC
1 16831 12.29166667 10.0 12.19166667 12.0 GAJAC
1 16832 12.22789572 10.0 12.12789572 12.0 GAJAC
1 16838 12.18520177 10.0 12.08520177 12.0 GAJAC
1 16832 12.17275928 10.0 12.07275928 12.0 GAJAC
1 11811 6.42517056 10.0 6.17831887 17.0 BUSSAGUET_AVAL
1 16504 6.44342003 10.0 6.29803538 17.0 BUSSAGUET_AVAL
1 16501 6.43586563 10.0 6.2484785 17.0 BUSSAGUET_AVAL
1 16504 6.45414377 10.0 6.35414377 17.0 BUSSAGUET_AVAL
1 16506 6.44824654 10.0 6.32969729 17.0 BUSSAGUET_AVAL
1 16515 6.48708601 10.0 6.38708601 17.0 BUSSAGUET_AVAL
1 16512 6.47227675 10.0 6.37227675 17.0 BUSSAGUET_AVAL
1 16513 6.46572352 10.0 6.36572352 17.0 BUSSAGUET_AVAL
1 16515 6.49109629 10.0 6.39109629 17.0 BUSSAGUET_AVAL
1 16545 6.50098391 10.0 6.40098391 17.0 BUSSAGUET_AVAL
1 16523 6.49488843 10.0 6.39488843 17.0 BUSSAGUET_AVAL
1 16545 6.51549246 10.0 6.41549246 17.0 BUSSAGUET_AVAL
1 16548 6.51550083 10.0 6.41550083 17.0 BUSSAGUET_AVAL
1 16546 6.52142754 10.0 6.42142754 17.0 BUSSAGUET_AVAL
1 16548 6.54032464 10.0 6.44032464 17.0 BUSSAGUET_AVAL
1 16557 6.54412013 10.0 6.44412013 17.0 BUSSAGUET_AVAL
1 16554 6.5367883 10.0 6.4367883 17.0 BUSSAGUET_AVAL
1 19642 22.88671118 10.0 21.75671118 2.0 HAILLAN4
1 19614 22.28878519 10.0 21.15878519 2.0 HAILLAN4
1 19615 22.00607306 10.0 20.87607306 2.0 HAILLAN4
1 19614 21.91517972 10.0 20.78517972 2.0 HAILLAN4
1 19612 21.77960563 10.0 20.64960563 2.0 HAILLAN4
1 19613 21.70812273 10.0 20.57812273 2.0 HAILLAN4
1 19575 21.32561713 10.0 20.19561713 2.0 HAILLAN4
1 19578 21.22233584 10.0 20.09233584 2.0 HAILLAN4
1 19576 20.82138069 10.0 19.69138069 2.0 HAILLAN4
1 19577 20.4452843 10.0 19.3152843 2.0 HAILLAN4
1 19529 20.43911553 10.0 19.30911553 2.0 HAILLAN4
1 19532 19.87070685 10.0 18.74070685 2.0 HAILLAN4
1 19530 19.7379929 10.0 18.607992899999996 2.0 HAILLAN4
1 19532 19.74808806 10.0 18.61808806 2.0 HAILLAN4
1 19530 19.89639952 10.0 18.76639952 2.0 HAILLAN4
1 19470 19.51318879 10.0 18.38318879 2.0 HAILLAN4
1 19471 18.88437126 10.0 17.75437126 2.0 HAILLAN4
1 19624 21.38634217 10.0 20.36195296 10.0 HAILLAN5
1 19586 21.16836997 10.0 20.13501071 10.0 HAILLAN5
1 19584 20.80777912 10.0 19.75958073 10.0 HAILLAN5
1 19536 20.19754375 10.0 19.12423279 10.0 HAILLAN5
1 19533 20.27885751 10.0 19.2088928 10.0 HAILLAN5
1 19531 20.03569561 10.0 18.95572423 10.0 HAILLAN5
1 19471 19.52641483 10.0 18.4254854 10.0 HAILLAN5
1 19563 22.11678048 10.0 21.12158962 15.0 HAILLAN2
1 19566 21.98416276 10.0 20.98351057 15.0 HAILLAN2
1 19565 21.38851568 10.0 20.36333412 15.0 HAILLAN2
1 19567 21.33897367 10.0 20.31175192 15.0 HAILLAN2
1 19565 21.32106572 10.0 20.2931065 15.0 HAILLAN2
1 19520 20.78356496 10.0 19.733470899999997 15.0 HAILLAN2
1 19568 20.94904995 10.0 19.90577073 15.0 HAILLAN2
1 19520 20.54693694 10.0 19.48709829 15.0 HAILLAN2
1 19521 20.58152902 10.0 19.52311491 15.0 HAILLAN2
1 19519 20.21366032 10.0 19.14009699 15.0 HAILLAN2
1 19522 19.72282719 10.0 18.62905085 15.0 HAILLAN2
1 19462 19.75861114 10.0 18.66630841 15.0 HAILLAN2
1 19460 19.09196954 10.0 17.97221382 15.0 HAILLAN2
1 19461 19.01145332 10.0 17.88838185 15.0 HAILLAN2
1 19393 18.73175203 10.0 17.59716218 15.0 HAILLAN2
1 19391 18.18186178 10.0 17.02462687 15.0 HAILLAN2
1 19394 17.77349057 10.0 16.59943851 15.0 HAILLAN2
1 19320 17.56273471 10.0 16.38000351 15.0 HAILLAN2
1 19394 17.62905767 10.0 16.44905771 15.0 HAILLAN2
1 19320 17.55355139 10.0 16.370442 15.0 HAILLAN2
1 19318 17.03460432 10.0 15.83012416 15.0 HAILLAN2
1 19319 16.8596512 10.0 15.64796629 15.0 HAILLAN2
1 19233 16.65907501 10.0 15.43913016 15.0 HAILLAN2
1 19232 16.3530833 10.0 15.12053739 15.0 HAILLAN2
1 19227 16.20142217 10.0 14.96263069 15.0 HAILLAN2
1 19228 15.91018768 10.0 14.65940287 15.0 HAILLAN2
1 19230 15.89579703 10.0 14.644419599999999 15.0 HAILLAN2
1 19228 15.94109328 10.0 14.69158119 15.0 HAILLAN2
1 19083 15.70534412 10.0 14.44612363 15.0 HAILLAN2
1 19471 18.83756329 10.0 17.70829172 1.0 HAILLAN3
1 19469 19.02189235 10.0 17.90026576 1.0 HAILLAN3
1 19401 18.5183999 10.0 17.37589114 1.0 HAILLAN3
1 19399 18.11269914 10.0 16.95336408 1.0 HAILLAN3
1 19325 17.60098959 10.0 16.42043156 1.0 HAILLAN3
1 19324 17.279476199999998 10.0 16.08558351 1.0 HAILLAN3
1 19322 17.18762706 10.0 15.98992496 1.0 HAILLAN3
1 19242 16.80626843 10.0 15.59274961 1.0 HAILLAN3
1 19236 16.28072665 10.0 15.04541116 1.0 HAILLAN3
1 19234 16.02390698 10.0 14.77793998 1.0 HAILLAN3
1 19229 15.95576673 10.0 14.70697364 1.0 HAILLAN3
1 19084 15.71634436 10.0 14.45762132 1.0 HAILLAN3
1 19083 15.61444449 10.0 14.35149518 1.0 HAILLAN3
1 19083 15.74539035 10.0 14.44804139 13.0 HAILLAN1
1 19081 15.45387712 10.0 14.20880451 13.0 HAILLAN1
1 19078 14.75376302 10.0 13.63424014 13.0 HAILLAN1
1 19060 14.75735414 10.0 13.63718727 13.0 HAILLAN1
1 19058 14.43543893 10.0 13.37300032 13.0 HAILLAN1
1 19051 14.05464188 10.0 13.06049066 13.0 HAILLAN1
1 19052 14.05279609 10.0 13.05897587 13.0 HAILLAN1
1 19051 14.14736565 10.0 13.13658651 13.0 HAILLAN1
1 19049 13.89842556 10.0 12.93228822 13.0 HAILLAN1
1 18293 13.54803752 10.0 12.644734399999999 13.0 HAILLAN1
1 18294 13.45528612 10.0 12.56861588 13.0 HAILLAN1
1 18292 13.43089662 10.0 12.54860009 13.0 HAILLAN1
1 18286 13.26825395 10.0 12.41512373 13.0 HAILLAN1
1 18289 13.22945728 10.0 12.38328437 13.0 HAILLAN1
1 18287 13.0315739 10.0 12.22088692 13.0 HAILLAN1
1 18288 13.06350224 10.0 12.24708963 13.0 HAILLAN1
1 18272 12.86024222 10.0 12.08027973 13.0 HAILLAN1
1 18315 12.87576692 10.0 12.09302042 13.0 HAILLAN1
1 18313 12.75867876 10.0 11.99692939 13.0 HAILLAN1
1 18308 12.47609513 10.0 11.76502078 13.0 HAILLAN1
1 18307 12.48734814 10.0 11.77425582 13.0 HAILLAN1
1 18308 12.53506235 10.0 11.81341356 13.0 HAILLAN1
1 18303 12.3023476 10.0 11.62243097 13.0 HAILLAN1
1 18305 12.38383342 10.0 11.68930414 13.0 HAILLAN1
1 18303 12.28299823 10.0 11.60655148 13.0 HAILLAN1
1 18118 12.10150845 10.0 11.45760781 13.0 HAILLAN1
1 18126 12.25826721 10.0 11.5862554 13.0 HAILLAN1
1 18124 12.19545773 10.0 11.53470939 13.0 HAILLAN1
1 18118 12.13194509 10.0 11.48258632 13.0 HAILLAN1
1 18094 11.982373599999999 10.0 11.35983712 13.0 HAILLAN1
1 18116 12.06980613 10.0 11.43159058 13.0 HAILLAN1
1 18094 11.986092800000002 10.0 11.36288936 13.0 HAILLAN1
1 18086 11.85172206 10.0 11.25261499 13.0 HAILLAN1
1 18092 11.94400887 10.0 11.32835224 13.0 HAILLAN1
1 18086 11.87512964 10.0 11.27182495 13.0 HAILLAN1
1 17998 11.74604764 10.0 11.1658909 13.0 HAILLAN1
1 18084 11.81828193 10.0 11.2251716 13.0 HAILLAN1
1 17998 11.69003618 10.0 11.11992384 13.0 HAILLAN1
1 17996 11.69528223 10.0 11.12422913 13.0 HAILLAN1
1 17991 11.61467033 10.0 11.05807316 13.0 HAILLAN1
1 17990 11.59058721 10.0 11.03830881 13.0 HAILLAN1
1 17991 11.52390284 10.0 10.98358278 13.0 HAILLAN1
1 17978 11.44650788 10.0 10.92006687 13.0 HAILLAN1
1 17989 11.52471649 10.0 10.98425052 13.0 HAILLAN1
1 18000 11.48190429 10.0 10.94911573 13.0 HAILLAN1
1 17978 11.4452196 10.0 10.91900961 13.0 HAILLAN1
1 17971 11.29410619 10.0 10.79499499 13.0 HAILLAN1
1 17976 11.4043235 10.0 10.885447300000001 13.0 HAILLAN1
1 17970 11.316607199999998 10.0 10.81346095 13.0 HAILLAN1
1 17971 11.26312209 10.0 10.76956719 13.0 HAILLAN1
1 15394 11.197839 10.0 10.71599116 13.0 HAILLAN1
1 17969 11.27151476 10.0 10.77645483 13.0 HAILLAN1
1 15394 11.12969056 10.0 10.66006361 13.0 HAILLAN1
1 15390 11.02941287 10.0 10.57776847 13.0 HAILLAN1
1 15397 11.10422121 10.0 10.63916162 13.0 HAILLAN1
1 15389 11.02064601 10.0 10.57057375 13.0 HAILLAN1
1 15395 11.14418814 10.0 10.67196138 13.0 HAILLAN1
1 15390 10.98689449 10.0 10.5428748 13.0 HAILLAN1
1 15388 10.96766315 10.0 10.52709217 13.0 HAILLAN1
1 15407 10.81547993 10.0 10.4021996 13.0 HAILLAN1
1 15431 10.88788499 10.0 10.46162043 13.0 HAILLAN1
1 15409 10.90383158 10.0 10.47470736 13.0 HAILLAN1
1 15407 10.80964624 10.0 10.39741205 13.0 HAILLAN1
1 15402 10.72586512 10.0 10.32865518 13.0 HAILLAN1
1 15401 10.75141482 10.0 10.34962312 13.0 HAILLAN1
1 15402 10.67240009 10.0 10.28477791 13.0 HAILLAN1
1 15317 10.60398043 10.0 10.22862777 13.0 HAILLAN1
1 15400 10.69898193 10.0 10.30659289 13.0 HAILLAN1
1 15403 10.60855094 10.0 10.23237867 13.0 HAILLAN1
1 15317 10.55530942 10.0 10.18868482 13.0 HAILLAN1
1 15327 10.42977083 10.0 10.08565875 13.0 HAILLAN1
1 15318 10.51593264 10.0 10.15636938 13.0 HAILLAN1
1 15316 10.52871503 10.0 10.16685953 13.0 HAILLAN1
1 15327 10.42060468 10.0 10.07813634 13.0 HAILLAN1
1 15320 10.31498049 10.0 9.99145347 13.0 HAILLAN1
1 15321 10.4285403 10.0 10.08464889 13.0 HAILLAN1
1 15322 10.36063545 10.0 10.02892125 13.0 HAILLAN1
1 15320 10.30021419 10.0 9.97933518 13.0 HAILLAN1
1 15301 10.24433834 10.0 9.93347941 13.0 HAILLAN1
1 15323 10.24190241 10.0 9.93148031 13.0 HAILLAN1
1 15301 10.21380125 10.0 9.90841846 13.0 HAILLAN1
1 15299 10.19722684 10.0 9.8948163 13.0 HAILLAN1
1 15294 10.08976942 10.0 9.80662895 13.0 HAILLAN1
1 15293 10.09318475 10.0 9.80943182 13.0 HAILLAN1
1 15294 10.09609783 10.0 9.8118225 13.0 HAILLAN1
1 15292 10.05323038 10.0 9.77664237 13.0 HAILLAN1
1 15633 9.95044393 10.0 9.69228836 13.0 HAILLAN1
1 14950 9.95152378 10.0 9.69317456 13.0 HAILLAN1
1 15633 9.95079551 10.0 9.69257689 13.0 HAILLAN1
1 15631 9.91387978 10.0 9.66228116 13.0 HAILLAN1
1 15624 9.75202816 10.0 9.52945399 13.0 HAILLAN1
1 15625 9.83226337 10.0 9.59530082 13.0 HAILLAN1
1 15626 9.78711066 10.0 9.55824524 13.0 HAILLAN1
1 15624 9.76415761 10.0 9.539408300000002 13.0 HAILLAN1
1 15605 9.67375174 10.0 9.46521469 13.0 HAILLAN1
1 15602 9.68226496 10.0 9.47220126 13.0 HAILLAN1
1 15605 9.62184371 10.0 9.4226152 13.0 HAILLAN1
1 15604 9.57691701 10.0 9.38574509 13.0 HAILLAN1
1 15603 9.579654300000001 10.0 9.38799151 13.0 HAILLAN1
1 15604 9.57699235 10.0 9.38580692 13.0 HAILLAN1
1 15598 9.49929353 10.0 9.32204164 13.0 HAILLAN1
1 15609 9.49854015 10.0 9.32142336 13.0 HAILLAN1
1 15607 9.43196627 10.0 9.26678801 13.0 HAILLAN1
1 15608 9.40632616 10.0 9.24574588 13.0 HAILLAN1
1 15611 9.34351919 10.0 9.19420193 13.0 HAILLAN1
1 15612 9.28068711 10.0 9.14263737 13.0 HAILLAN1
1 15655 9.20547445 10.0 9.08091241 13.0 HAILLAN1
1 15570 9.13407893 10.0 9.02232007 13.0 HAILLAN1
1 15569 9.13920193 10.0 9.02652437 13.0 HAILLAN1
1 15570 9.09746455 10.0 8.99227166 13.0 HAILLAN1
1 15573 9.06589784 10.0 8.96589784 13.0 HAILLAN1
1 15571 9.01049913 10.0 8.91049913 13.0 HAILLAN1
1 15572 9.00773673 10.0 8.90773673 13.0 HAILLAN1
1 15583 8.93480932 10.0 8.83480932 13.0 HAILLAN1
1 15584 8.86913951 10.0 8.76913951 13.0 HAILLAN1
1 15581 8.76657907 10.0 8.66657907 13.0 HAILLAN1
1 15587 8.78463513 10.0 8.68463513 13.0 HAILLAN1
1 15581 8.74211926 10.0 8.64211926 13.0 HAILLAN1
1 15580 8.67167802 10.0 8.57167802 13.0 HAILLAN1
1 15582 8.69985451 10.0 8.59985451 13.0 HAILLAN1
1 15580 8.67958853 10.0 8.57958853 13.0 HAILLAN1
1 15751 8.61745961 10.0 8.51745961 13.0 HAILLAN1
1 15729 8.60525482 10.0 8.50525482 13.0 HAILLAN1
1 15727 8.53463779 10.0 8.43463779 13.0 HAILLAN1
1 15722 8.45229311 10.0 8.35229311 13.0 HAILLAN1
1 15728 8.45297115 10.0 8.35297115 13.0 HAILLAN1
1 15722 8.42002324 10.0 8.32002324 13.0 HAILLAN1
1 15723 8.34591554 10.0 8.24591554 13.0 HAILLAN1
1 15725 8.36974753 10.0 8.26974753 13.0 HAILLAN1
1 15723 8.29915561 10.0 8.19915561 13.0 HAILLAN1
1 15724 8.319044900000002 10.0 8.2190449 13.0 HAILLAN1
1 15737 8.2047317 10.0 8.1047317 13.0 HAILLAN1
1 15735 8.2331091 10.0 8.1331091 13.0 HAILLAN1
1 15737 8.20282313 10.0 8.10282313 13.0 HAILLAN1
1 15738 8.16269297 10.0 8.06269297 13.0 HAILLAN1
1 15747 8.07376876 10.0 7.97376876 13.0 HAILLAN1
1 15744 8.1189968 10.0 8.0189968 13.0 HAILLAN1
1 15747 8.06364832 10.0 7.96364832 13.0 HAILLAN1
1 15748 8.02685816 10.0 7.92685816 13.0 HAILLAN1
1 15791 7.96164037 10.0 7.86164037 13.0 HAILLAN1
1 15792 7.90322813 10.0 7.80322813 13.0 HAILLAN1
1 15795 7.81169219 10.0 7.71169219 13.0 HAILLAN1
1 15789 7.78487178 10.0 7.68487178 13.0 HAILLAN1
1 15788 7.67872022 10.0 7.57872022 13.0 HAILLAN1
1 15790 7.71425475 10.0 7.61425475 13.0 HAILLAN1
1 15788 7.69948846 10.0 7.59948846 13.0 HAILLAN1
1 15799 7.61395446 10.0 7.51395446 13.0 HAILLAN1
1 11651 7.61438138 10.0 7.51438138 13.0 HAILLAN1
1 11236 7.94614209 10.0 7.83008306 14.0 BUSSAGUET_AMONT
1 11234 7.92985966 10.0 7.82889888 14.0 BUSSAGUET_AMONT
1 11230 7.94318019 10.0 7.82986765 14.0 BUSSAGUET_AMONT
1 11233 7.94784755 10.0 7.83020709 14.0 BUSSAGUET_AMONT
1 11234 7.93482009 10.0 7.82925964 14.0 BUSSAGUET_AMONT
1 11246 7.90876166 10.0 7.80876166 14.0 BUSSAGUET_AMONT
1 11245 7.923920799999999 10.0 7.8239208 14.0 BUSSAGUET_AMONT
1 11246 7.9062215 10.0 7.8062214999999995 14.0 BUSSAGUET_AMONT
1 11248 7.88804615 10.0 7.78804615 14.0 BUSSAGUET_AMONT
1 11244 7.89592875 10.0 7.79592875 14.0 BUSSAGUET_AMONT
1 11247 7.90103295 10.0 7.80103295 14.0 BUSSAGUET_AMONT
1 11248 7.87731117 10.0 7.77731117 14.0 BUSSAGUET_AMONT
1 11423 7.85390683 10.0 7.75390683 14.0 BUSSAGUET_AMONT
1 11419 7.87824388 10.0 7.77824388 14.0 BUSSAGUET_AMONT
1 11420 7.86682066 10.0 7.76682066 14.0 BUSSAGUET_AMONT
1 11423 7.84271495 10.0 7.74271495 14.0 BUSSAGUET_AMONT
1 11120 7.82358379 10.0 7.72358379 14.0 BUSSAGUET_AMONT
1 11424 7.84394226 10.0 7.74394226 14.0 BUSSAGUET_AMONT
1 11435 7.82929864 10.0 7.72929864 14.0 BUSSAGUET_AMONT
1 11120 7.82238571 10.0 7.72238571 14.0 BUSSAGUET_AMONT
1 11124 7.807526299999999 10.0 7.7075263 14.0 BUSSAGUET_AMONT
1 11121 7.82139847 10.0 7.72139847 14.0 BUSSAGUET_AMONT
1 11124 7.79931908 10.0 7.69931908 14.0 BUSSAGUET_AMONT
1 11153 7.78157392 10.0 7.68157392 14.0 BUSSAGUET_AMONT
1 11125 7.79824102 10.0 7.69824102 14.0 BUSSAGUET_AMONT
1 11153 7.78368012 10.0 7.68368012 14.0 BUSSAGUET_AMONT
1 11157 7.76007986 10.0 7.66007986 14.0 BUSSAGUET_AMONT
1 11154 7.77499591 10.0 7.67499591 14.0 BUSSAGUET_AMONT
1 11157 7.75791881 10.0 7.65791881 14.0 BUSSAGUET_AMONT
1 11162 7.71776383 10.0 7.61776383 14.0 BUSSAGUET_AMONT
1 11158 7.74920358 10.0 7.64920358 14.0 BUSSAGUET_AMONT
1 11161 7.74687035 10.0 7.64687035 14.0 BUSSAGUET_AMONT
1 11156 7.74550727 10.0 7.64550727 14.0 BUSSAGUET_AMONT
1 11162 7.71016532 10.0 7.61016532 14.0 BUSSAGUET_AMONT
1 11690 7.70188796 10.0 7.60188796 14.0 BUSSAGUET_AMONT
1 11694 7.6494235 10.0 7.5494235 14.0 BUSSAGUET_AMONT
1 11691 7.67953883 10.0 7.57953883 14.0 BUSSAGUET_AMONT
1 11694 7.64018542 10.0 7.54018542 14.0 BUSSAGUET_AMONT
1 11730 7.62964677 10.0 7.52964677 14.0 BUSSAGUET_AMONT
1 11729 7.62468179 10.0 7.52468179 14.0 BUSSAGUET_AMONT
1 11730 7.60606673 10.0 7.50606673 14.0 BUSSAGUET_AMONT
1 11744 7.56956086 10.0 7.46956086 14.0 BUSSAGUET_AMONT
1 11741 7.60539059 10.0 7.50539059 14.0 BUSSAGUET_AMONT
1 11743 7.580166499999999 10.0 7.480166499999999 14.0 BUSSAGUET_AMONT
1 11744 7.57922377 10.0 7.47922377 14.0 BUSSAGUET_AMONT
1 11753 7.54646006 10.0 7.44646006 14.0 BUSSAGUET_AMONT
1 11750 7.54114128 10.0 7.44114128 14.0 BUSSAGUET_AMONT
1 11753 7.53140554 10.0 7.43140554 14.0 BUSSAGUET_AMONT
1 11778 7.48258254 10.0 7.38258254 14.0 BUSSAGUET_AMONT
1 11755 7.51211703 10.0 7.41211703 14.0 BUSSAGUET_AMONT
1 11756 7.51596574 10.0 7.41596574 14.0 BUSSAGUET_AMONT
1 11778 7.48958898 10.0 7.38958898 14.0 BUSSAGUET_AMONT
1 11808 7.43060854 10.0 7.33060854 14.0 BUSSAGUET_AMONT
1 11800 7.46939146 10.0 7.36939146 14.0 BUSSAGUET_AMONT
1 11802 7.46874543 10.0 7.36874543 14.0 BUSSAGUET_AMONT
1 11808 7.42544396 10.0 7.32544396 14.0 BUSSAGUET_AMONT
1 11811 7.40679384 10.0 7.30679384 14.0 BUSSAGUET_AMONT
1 11809 7.43202737 10.0 7.33202737 14.0 BUSSAGUET_AMONT
1 11811 7.40041634 10.0 7.30041634 14.0 BUSSAGUET_AMONT
1 11865 4.03310961 10.0 3.93310961 4.0 NOIR_AMONT
1 11866 3.96437474 10.0 3.86437474 4.0 NOIR_AMONT
1 11869 3.84065344 10.0 3.74065344 4.0 NOIR_AMONT
1 16791 3.67102059 10.0 3.57102059 4.0 NOIR_AMONT
1 16790 3.67106721 10.0 3.57106721 4.0 NOIR_AMONT
1 16791 3.68003372 10.0 3.58003372 4.0 NOIR_AMONT
1 16794 3.5888458 10.0 3.4888458 4.0 NOIR_AMONT
1 13683 8.24544141 10.0 8.13022445 8.0 THIL_AVAL
1 13720 8.22203861 10.0 8.11832472 8.0 THIL_AVAL
1 13684 8.2477881 10.0 8.13141768 8.0 THIL_AVAL
1 13698 8.22300015 10.0 8.11881363 8.0 THIL_AVAL
1 13686 8.23875024 10.0 8.12682216 8.0 THIL_AVAL
1 13697 8.23847137 10.0 8.12668036 8.0 THIL_AVAL
1 13720 8.21246856 10.0 8.11246856 8.0 THIL_AVAL
1 13726 8.19939595 10.0 8.09939595 8.0 THIL_AVAL
1 13723 8.21513964 10.0 8.11481677 8.0 THIL_AVAL
1 13725 8.2011953 10.0 8.101195299999999 8.0 THIL_AVAL
1 13726 8.20248409 10.0 8.10248409 8.0 THIL_AVAL
1 13770 8.18301034 10.0 8.08301034 8.0 THIL_AVAL
1 13769 8.19397668 10.0 8.09397668 8.0 THIL_AVAL
1 13770 8.17370071 10.0 8.07370071 8.0 THIL_AVAL
1 13783 8.15125997 10.0 8.05125997 8.0 THIL_AVAL
1 13773 8.17466156 10.0 8.07466156 8.0 THIL_AVAL
1 13785 8.15053794 10.0 8.05053794 8.0 THIL_AVAL
1 13774 8.16487414 10.0 8.06487414 8.0 THIL_AVAL
1 13783 8.14875627 10.0 8.04875627 8.0 THIL_AVAL
1 14471 8.11605979 10.0 8.01605979 8.0 THIL_AVAL
1 13784 8.14530343 10.0 8.04530343 8.0 THIL_AVAL
1 13788 8.12587468 10.0 8.02587468 8.0 THIL_AVAL
1 13787 8.13558982 10.0 8.03558982 8.0 THIL_AVAL
1 14471 8.10190045 10.0 8.00190045 8.0 THIL_AVAL
1 14454 8.08458599 10.0 7.98458599 8.0 THIL_AVAL
1 14472 8.1038375 10.0 8.0038375 8.0 THIL_AVAL
1 14453 8.09635404 10.0 7.99635404 8.0 THIL_AVAL
1 14450 8.10000139 10.0 8.00000139 8.0 THIL_AVAL
1 14454 8.0729691 10.0 7.972969099999999 8.0 THIL_AVAL
1 14459 8.040050099999998 10.0 7.940050099999999 8.0 THIL_AVAL
1 14452 8.07424665 10.0 7.97424665 8.0 THIL_AVAL
1 14461 8.04980015 10.0 7.94980015 8.0 THIL_AVAL
1 14463 8.07579774 10.0 7.97579774 8.0 THIL_AVAL
1 14458 8.06111972 10.0 7.96111972 8.0 THIL_AVAL
1 14464 8.0591397 10.0 7.9591397 8.0 THIL_AVAL
1 14459 8.04099464 10.0 7.94099464 8.0 THIL_AVAL
1 10445 8.02665346 10.0 7.92665346 8.0 THIL_AVAL
1 14460 8.03918267 10.0 7.93918267 8.0 THIL_AVAL
1 10402 8.02619576 10.0 7.92619576 8.0 THIL_AVAL
1 10445 8.01299287 10.0 7.91299287 8.0 THIL_AVAL
1 10441 7.99958126 10.0 7.89958126 8.0 THIL_AVAL
1 10443 8.01067179 10.0 7.91067179 8.0 THIL_AVAL
1 10438 7.997274000000001 10.0 7.897274 8.0 THIL_AVAL
1 10444 8.01512288 10.0 7.91512288 8.0 THIL_AVAL
1 10441 7.98878998 10.0 7.88878998 8.0 THIL_AVAL
1 10451 7.97539066 10.0 7.87539066 8.0 THIL_AVAL
1 10442 7.9833625 10.0 7.8833625 8.0 THIL_AVAL
1 10440 7.98610252 10.0 7.88610252 8.0 THIL_AVAL
1 10451 7.9660864 10.0 7.8660864 8.0 THIL_AVAL
1 10431 7.94537051 10.0 7.84537051 8.0 THIL_AVAL
1 10429 7.9620131999999995 10.0 7.8620132 8.0 THIL_AVAL
1 10433 7.9518794999999995 10.0 7.8518795 8.0 THIL_AVAL
1 10430 7.96642862 10.0 7.86642862 8.0 THIL_AVAL
1 10431 7.94330916 10.0 7.84330916 8.0 THIL_AVAL
1 10597 7.92579443 10.0 7.82579443 8.0 THIL_AVAL
1 10432 7.94109781 10.0 7.84109781 8.0 THIL_AVAL
1 10426 7.93235406 10.0 7.83235406 8.0 THIL_AVAL
1 10597 7.9222898 10.0 7.8222898 8.0 THIL_AVAL
1 10511 7.89189406 10.0 7.79189406 8.0 THIL_AVAL
1 10595 7.92084651 10.0 7.82084651 8.0 THIL_AVAL
1 10508 7.89497629 10.0 7.79497629 8.0 THIL_AVAL
1 10596 7.909145599999999 10.0 7.809145599999999 8.0 THIL_AVAL
1 10510 7.91072547 10.0 7.81072547 8.0 THIL_AVAL
1 10511 7.89050371 10.0 7.79050371 8.0 THIL_AVAL
1 10506 7.87749456 10.0 7.77749456 8.0 THIL_AVAL
1 10505 7.88434269 10.0 7.78434269 8.0 THIL_AVAL
1 10506 7.87258615 10.0 7.77258615 8.0 THIL_AVAL
1 10515 7.86327614 10.0 7.76327614 8.0 THIL_AVAL
1 10504 7.87130438 10.0 7.77130438 8.0 THIL_AVAL
1 10515 7.86381095 10.0 7.76381095 8.0 THIL_AVAL
1 10516 7.85662942 10.0 7.75662942 8.0 THIL_AVAL
1 10498 7.83399183 10.0 7.73399183 8.0 THIL_AVAL
1 10519 7.84496189 10.0 7.74496189 8.0 THIL_AVAL
1 10497 7.83800365 10.0 7.73800365 8.0 THIL_AVAL
1 10498 7.83229303 10.0 7.73229303 8.0 THIL_AVAL
1 10563 7.81783023 10.0 7.71783023 8.0 THIL_AVAL
1 10541 7.82554771 10.0 7.72554771 8.0 THIL_AVAL
1 10563 7.81699464 10.0 7.71699464 8.0 THIL_AVAL
1 10567 7.8067493 10.0 7.7067493 8.0 THIL_AVAL
1 10564 7.81793573 10.0 7.71793573 8.0 THIL_AVAL
1 10567 7.79858103 10.0 7.69858103 8.0 THIL_AVAL
1 10557 7.78735776 10.0 7.68735776 8.0 THIL_AVAL
1 10568 7.79739133 10.0 7.69739133 8.0 THIL_AVAL
1 10546 7.78807211 10.0 7.68807211 8.0 THIL_AVAL
1 10557 7.77931647 10.0 7.67931647 8.0 THIL_AVAL
1 10562 7.7559323000000004 10.0 7.655932300000001 8.0 THIL_AVAL
1 10558 7.77927773 10.0 7.67927773 8.0 THIL_AVAL
1 10561 7.76954647 10.0 7.66954647 8.0 THIL_AVAL
1 10562 7.7568285 10.0 7.6568285000000005 8.0 THIL_AVAL
1 11177 7.72922074 10.0 7.62922074 8.0 THIL_AVAL
1 11173 7.75011925 10.0 7.65011925 8.0 THIL_AVAL
1 11174 7.7405027 10.0 7.6405027 8.0 THIL_AVAL
1 11177 7.72147371 10.0 7.62147371 8.0 THIL_AVAL
1 11191 7.68792246 10.0 7.58792246 8.0 THIL_AVAL
1 11178 7.71978451 10.0 7.61978451 8.0 THIL_AVAL
1 11188 7.70186388 10.0 7.60186388 8.0 THIL_AVAL
1 11176 7.71121801 10.0 7.61121801 8.0 THIL_AVAL
1 11187 7.71157403 10.0 7.61157403 8.0 THIL_AVAL
1 11191 7.69023701 10.0 7.59023701 8.0 THIL_AVAL
1 11236 7.66003463 10.0 7.56003463 8.0 THIL_AVAL
1 11192 7.6824827 10.0 7.582482700000001 8.0 THIL_AVAL
1 11235 7.67287497 10.0 7.57287497 8.0 THIL_AVAL
1 16709 6.08047862 10.0 5.98047862 11.0 JPT_SEUIL_AVAL
1 11844 6.16251055 10.0 6.06251055 11.0 JPT_SEUIL_AVAL
1 11852 5.73806687 10.0 5.63806687 11.0 JPT_SEUIL_AVAL
1 16708 6.36014644 10.0 6.26014644 16.0 JPT_ECL_AVAL
1 16709 6.2619378 10.0 6.1619378 16.0 JPT_ECL_AVAL
1 11236 7.82794915 10.0 7.70914379 18.0 MOULINAT_AMONT
1 11239 7.82027698 10.0 7.7113712 18.0 MOULINAT_AMONT
1 11241 7.82098396 10.0 7.71116595 18.0 MOULINAT_AMONT
1 11264 7.80550986 10.0 7.70550986 18.0 MOULINAT_AMONT
1 11242 7.80977738 10.0 7.70977738 18.0 MOULINAT_AMONT
1 11264 7.80756373 10.0 7.70756373 18.0 MOULINAT_AMONT
1 11276 7.79360859 10.0 7.69360859 18.0 MOULINAT_AMONT
1 11275 7.80366985 10.0 7.70366985 18.0 MOULINAT_AMONT
1 11276 7.78725898 10.0 7.68725898 18.0 MOULINAT_AMONT
1 11459 7.76729428 10.0 7.66729428 18.0 MOULINAT_AMONT
1 11278 7.78608903 10.0 7.68608903 18.0 MOULINAT_AMONT
1 11288 7.76825248 10.0 7.66825248 18.0 MOULINAT_AMONT
1 11281 7.78711868 10.0 7.68711868 18.0 MOULINAT_AMONT
1 11282 7.77771105 10.0 7.67771105 18.0 MOULINAT_AMONT
1 11459 7.76540113 10.0 7.66540113 18.0 MOULINAT_AMONT
1 11465 7.74924149 10.0 7.64924149 18.0 MOULINAT_AMONT
1 11460 7.75936982 10.0 7.65936982 18.0 MOULINAT_AMONT
1 11462 7.75385496 10.0 7.65385496 18.0 MOULINAT_AMONT
1 11465 7.7482277 10.0 7.6482277000000005 18.0 MOULINAT_AMONT
1 11560 7.70980013 10.0 7.60980013 18.0 MOULINAT_AMONT
1 11466 7.73930408 10.0 7.63930408 18.0 MOULINAT_AMONT
1 11554 7.71190469 10.0 7.61190469 18.0 MOULINAT_AMONT
1 11537 7.7414687 10.0 7.641468700000001 18.0 MOULINAT_AMONT
1 11551 7.72488316 10.0 7.62488316 18.0 MOULINAT_AMONT
1 11548 7.732510899999999 10.0 7.6325109 18.0 MOULINAT_AMONT
1 11550 7.72501958 10.0 7.62501958 18.0 MOULINAT_AMONT
1 11560 7.71210456 10.0 7.61210456 18.0 MOULINAT_AMONT
1 11626 7.68457459 10.0 7.58457459 18.0 MOULINAT_AMONT
1 11561 7.70431391 10.0 7.60431391 18.0 MOULINAT_AMONT
1 11625 7.68348936 10.0 7.58348936 18.0 MOULINAT_AMONT
1 11563 7.69835005 10.0 7.59835005 18.0 MOULINAT_AMONT
1 11606 7.69656976 10.0 7.59656976 18.0 MOULINAT_AMONT
1 11626 7.68145193 10.0 7.58145193 18.0 MOULINAT_AMONT
1 11638 7.65974232 10.0 7.55974232 18.0 MOULINAT_AMONT
1 11629 7.67416417 10.0 7.57416417 18.0 MOULINAT_AMONT
1 11632 7.6658038 10.0 7.5658038 18.0 MOULINAT_AMONT
1 11631 7.67410135 10.0 7.57410135 18.0 MOULINAT_AMONT
1 11638 7.65472419 10.0 7.55472419 18.0 MOULINAT_AMONT
1 16438 7.61629508 10.0 7.51629508 18.0 MOULINAT_AMONT
1 11649 7.65702616 10.0 7.55702616 18.0 MOULINAT_AMONT
1 16436 7.61248999 10.0 7.51248999 18.0 MOULINAT_AMONT
1 11651 7.64757286 10.0 7.54757286 18.0 MOULINAT_AMONT
1 15806 7.62758626 10.0 7.52758626 18.0 MOULINAT_AMONT
1 11652 7.64733819 10.0 7.54733819 18.0 MOULINAT_AMONT
1 15805 7.62318281 10.0 7.52318281 18.0 MOULINAT_AMONT
1 15800 7.63537814 10.0 7.53537814 18.0 MOULINAT_AMONT
1 15803 7.63765054 10.0 7.53765054 18.0 MOULINAT_AMONT
1 16438 7.60703918 10.0 7.50703918 18.0 MOULINAT_AMONT
1 16445 7.59419714 10.0 7.49419714 18.0 MOULINAT_AMONT
1 16439 7.59085829 10.0 7.49085829 18.0 MOULINAT_AMONT
1 16445 7.58606097 10.0 7.48606097 18.0 MOULINAT_AMONT
1 16450 7.57107463 10.0 7.47107463 18.0 MOULINAT_AMONT
1 16448 7.56885459 10.0 7.46885459 18.0 MOULINAT_AMONT
1 16450 7.56837849 10.0 7.46837849 18.0 MOULINAT_AMONT
1 16473 7.5472115 10.0 7.447211500000001 18.0 MOULINAT_AMONT
1 16451 7.54770053 10.0 7.44770053 18.0 MOULINAT_AMONT
1 16473 7.55081118 10.0 7.45081118 18.0 MOULINAT_AMONT
1 16486 7.52248762 10.0 7.42248762 18.0 MOULINAT_AMONT
1 16484 7.52868984 10.0 7.42868984 18.0 MOULINAT_AMONT
1 16486 7.52588529 10.0 7.42588529 18.0 MOULINAT_AMONT
1 16794 2.23184876 10.0 2.13184876 6.0 NOIR_AVAL
1 16795 2.27786412 10.0 2.17786412 6.0 NOIR_AVAL
1 16798 2.14448561 10.0 2.04448561 6.0 NOIR_AVAL
1 11877 1.96840263 10.0 1.86840263 6.0 NOIR_AVAL
1 11878 1.97754044 10.0 1.87754044 6.0 NOIR_AVAL
1 11881 1.81105951 10.0 1.71105951 6.0 NOIR_AVAL
1 11882 1.66062741 10.0 1.56062741 6.0 NOIR_AVAL
1 11880 1.52299101 10.0 1.42299101 6.0 NOIR_AVAL
1 11852 6.0414596 10.0 5.9414596 9.0 BLANC_AMONT
1 11853 5.97994632 10.0 5.87994632 9.0 BLANC_AMONT
1 11854 5.94947533 10.0 5.84947533 9.0 BLANC_AMONT
1 11857 5.81091872 10.0 5.71091872 9.0 BLANC_AMONT
1 11858 5.68521963 10.0 5.58521963 9.0 BLANC_AMONT
1 11861 5.54619905 10.0 5.44619905 9.0 BLANC_AMONT
1 11862 5.39634517 10.0 5.29634517 9.0 BLANC_AMONT
1 11865 5.17905904 10.0 5.07905904 9.0 BLANC_AMONT
1 11852 6.03596187 10.0 5.93596187 3.0 MAJOLAN
1 11853 5.97091244 10.0 5.87091244 3.0 MAJOLAN
1 11851 5.95227286 10.0 5.85227286 3.0 MAJOLAN
1 11854 5.90235346 10.0 5.80235346 3.0 MAJOLAN
1 11849 5.92029706 10.0 5.82029706 3.0 MAJOLAN
1 11855 5.82917621 10.0 5.72917621 3.0 MAJOLAN
1 6691 5.67496094 10.0 5.57496094 3.0 MAJOLAN
1 6690 5.6819819 10.0 5.581981900000001 3.0 MAJOLAN
1 6691 5.72599854 10.0 5.62599854 3.0 MAJOLAN
1 6694 5.61791889 10.0 5.51791889 3.0 MAJOLAN
1 6693 5.45656338 10.0 5.35656338 3.0 MAJOLAN
1 6695 5.47952963 10.0 5.37952963 3.0 MAJOLAN
1 6693 5.47469134 10.0 5.37469134 3.0 MAJOLAN
1 6696 5.38612675 10.0 5.28612675 3.0 MAJOLAN
1 6698 5.3805172 10.0 5.2805172 3.0 MAJOLAN
1 6699 5.32372691 10.0 5.22372691 3.0 MAJOLAN
1 6700 5.19156675 10.0 5.09156675 3.0 MAJOLAN
1 6702 5.18357627 10.0 5.08357627 3.0 MAJOLAN
1 6700 5.20173665 10.0 5.10173665 3.0 MAJOLAN
1 6701 5.136006299999999 10.0 5.0360062999999995 3.0 MAJOLAN
1 6706 4.99020905 10.0 4.89020905 3.0 MAJOLAN
1 6704 4.99488058 10.0 4.89488058 3.0 MAJOLAN
1 6706 4.97911503 10.0 4.87911503 3.0 MAJOLAN
1 6704 4.94877669 10.0 4.84877669 3.0 MAJOLAN
1 6705 4.92229 10.0 4.82229 3.0 MAJOLAN
1 6701 6.01780389 10.0 5.91780389 3.0 MAJOLAN
1 6703 6.04482407 10.0 5.94482407 3.0 MAJOLAN
1 6706 5.92037418 10.0 5.82037418 3.0 MAJOLAN
1 11871 5.86930415 10.0 5.76930415 3.0 MAJOLAN
1 11872 5.82261244 10.0 5.72261244 3.0 MAJOLAN
1 6707 5.74584851 10.0 5.64584851 3.0 MAJOLAN
1 6705 5.61166501 10.0 5.51166501 3.0 MAJOLAN
1 6705 6.02803235 10.0 5.92803235 3.0 MAJOLAN
1 6708 6.02140632 10.0 5.92140632 3.0 MAJOLAN
1 6709 5.92885659 10.0 5.82885659 3.0 MAJOLAN
1 6712 5.82693355 10.0 5.72693355 3.0 MAJOLAN
1 6713 5.73314319 10.0 5.63314319 3.0 MAJOLAN
1 6716 5.62464711 10.0 5.52464711 3.0 MAJOLAN
1 16832 10.30477269 10.0 10.20477269 5.0 THIL_AMONT
1 16849 10.33832741 10.0 10.23832741 5.0 THIL_AMONT
1 16850 10.20402097 10.0 10.10402097 5.0 THIL_AMONT
1 16852 10.18860143 10.0 10.08860143 5.0 THIL_AMONT
1 16853 10.16687586 10.0 10.06687586 5.0 THIL_AMONT
1 16874 10.10577855 10.0 10.00577855 5.0 THIL_AMONT
1 16851 10.12623548 10.0 10.02623548 5.0 THIL_AMONT
1 16874 10.12731186 10.0 10.02731186 5.0 THIL_AMONT
1 16875 10.08300069 10.0 9.98300069 5.0 THIL_AMONT
1 16878 10.04320648 10.0 9.94320648 5.0 THIL_AMONT
1 16872 9.97062534 10.0 9.87062534 5.0 THIL_AMONT
1 16879 9.98231694 10.0 9.88231694 5.0 THIL_AMONT
1 16872 9.97540557 10.0 9.87540557 5.0 THIL_AMONT
1 16870 9.94603596 10.0 9.84603596 5.0 THIL_AMONT
1 16871 9.94787564 10.0 9.84787564 5.0 THIL_AMONT
1 16868 9.9285853 10.0 9.8285853 5.0 THIL_AMONT
1 16898 9.9166394 10.0 9.8166394 5.0 THIL_AMONT
1 16896 9.89549591 10.0 9.79549591 5.0 THIL_AMONT
1 13089 9.86523604 10.0 9.76523604 5.0 THIL_AMONT
1 12420 9.85857163 10.0 9.75857163 5.0 THIL_AMONT
1 12418 9.84822459 10.0 9.74822459 5.0 THIL_AMONT
1 12412 9.82135224 10.0 9.72135224 5.0 THIL_AMONT
1 13069 9.81740143 10.0 9.71740143 5.0 THIL_AMONT
1 13070 9.79018621 10.0 9.69018621 5.0 THIL_AMONT
1 13065 9.76578786 10.0 9.66578786 5.0 THIL_AMONT
1 13067 9.78110739 10.0 9.68110739 5.0 THIL_AMONT
1 13065 9.77013746 10.0 9.67013746 5.0 THIL_AMONT
1 12974 9.74773758 10.0 9.64773758 5.0 THIL_AMONT
1 12979 9.75752704 10.0 9.65752704 5.0 THIL_AMONT
1 12976 9.75238393 10.0 9.65238393 5.0 THIL_AMONT
1 12974 9.73919797 10.0 9.63919797 5.0 THIL_AMONT
1 12965 9.72091462 10.0 9.62091462 5.0 THIL_AMONT
1 12968 9.73897224 10.0 9.63897224 5.0 THIL_AMONT
1 12966 9.72493318 10.0 9.62493318 5.0 THIL_AMONT
1 12965 9.71276727 10.0 9.61276727 5.0 THIL_AMONT
1 12941 9.70567427 10.0 9.60567427 5.0 THIL_AMONT
1 12943 9.71722137 10.0 9.61722137 5.0 THIL_AMONT
1 12941 9.691874400000001 10.0 9.5918744 5.0 THIL_AMONT
1 12280 9.67115705 10.0 9.57115705 5.0 THIL_AMONT
1 12935 9.69071271 10.0 9.59071271 5.0 THIL_AMONT
1 12355 9.68466262 10.0 9.58466262 5.0 THIL_AMONT
1 12357 9.69315447 10.0 9.59315447 5.0 THIL_AMONT
1 12280 9.66655029 10.0 9.56655029 5.0 THIL_AMONT
1 12581 9.6407531 10.0 9.5407531 5.0 THIL_AMONT
1 12278 9.66335136 10.0 9.56335136 5.0 THIL_AMONT
1 12583 9.63730803 10.0 9.53730803 5.0 THIL_AMONT
1 12272 9.65260552 10.0 9.55260552 5.0 THIL_AMONT
1 12581 9.63063546 10.0 9.53063546 5.0 THIL_AMONT
1 12246 9.61645149 10.0 9.51645149 5.0 THIL_AMONT
1 12559 9.62660179 10.0 9.52660179 5.0 THIL_AMONT
1 12248 9.62990685 10.0 9.52990685 5.0 THIL_AMONT
1 12246 9.61316479 10.0 9.51316479 5.0 THIL_AMONT
1 12237 9.59366261 10.0 9.49366261 5.0 THIL_AMONT
1 12240 9.60319328 10.0 9.50319328 5.0 THIL_AMONT
1 12239 9.60758452 10.0 9.50758452 5.0 THIL_AMONT
1 12237 9.59176333 10.0 9.49176333 5.0 THIL_AMONT
1 12161 9.57157661 10.0 9.47157661 5.0 THIL_AMONT
1 12163 9.58649939 10.0 9.48649939 5.0 THIL_AMONT
1 12161 9.57512822 10.0 9.47512822 5.0 THIL_AMONT
1 12155 9.56312803 10.0 9.46312803 5.0 THIL_AMONT
1 12154 9.55202667 10.0 9.45202667 5.0 THIL_AMONT
1 12156 9.55834698 10.0 9.45834698 5.0 THIL_AMONT
1 12154 9.54935796 10.0 9.44935796 5.0 THIL_AMONT
1 12453 9.54354951 10.0 9.44354951 5.0 THIL_AMONT
1 12454 9.53378332 10.0 9.43378332 5.0 THIL_AMONT
1 12459 9.514723599999998 10.0 9.414723599999999 5.0 THIL_AMONT
1 12457 9.51849399 10.0 9.41849399 5.0 THIL_AMONT
1 12459 9.51070136 10.0 9.41070136 5.0 THIL_AMONT
1 12466 9.49649331 10.0 9.39649331 5.0 THIL_AMONT
1 12460 9.50821675 10.0 9.40821675 5.0 THIL_AMONT
1 12466 9.49591859 10.0 9.39591859 5.0 THIL_AMONT
1 12479 9.48119214 10.0 9.38119214 5.0 THIL_AMONT
1 12477 9.49575939 10.0 9.39575939 5.0 THIL_AMONT
1 12479 9.48156359 10.0 9.38156359 5.0 THIL_AMONT
1 12480 9.48328612 10.0 9.38328612 5.0 THIL_AMONT
1 12569 9.46759963 10.0 9.36759963 5.0 THIL_AMONT
1 12566 9.46426886 10.0 9.36426886 5.0 THIL_AMONT
1 12569 9.45904411 10.0 9.35904411 5.0 THIL_AMONT
1 12613 9.44365151 10.0 9.34365151 5.0 THIL_AMONT
1 12570 9.45819509 10.0 9.35819509 5.0 THIL_AMONT
1 12613 9.44170039 10.0 9.34170039 5.0 THIL_AMONT
1 12629 9.40353932 10.0 9.30353932 5.0 THIL_AMONT
1 12614 9.43652871 10.0 9.33652871 5.0 THIL_AMONT
1 12618 9.41611137 10.0 9.31611137 5.0 THIL_AMONT
1 12617 9.426328199999999 10.0 9.326328199999999 5.0 THIL_AMONT
1 12629 9.39776761 10.0 9.29776761 5.0 THIL_AMONT
1 12724 9.327707 10.0 9.227707 5.0 THIL_AMONT
1 12630 9.39571036 10.0 9.29571036 5.0 THIL_AMONT
1 12723 9.34328328 10.0 9.24328328 5.0 THIL_AMONT
1 12633 9.38523229 10.0 9.28523229 5.0 THIL_AMONT
1 12720 9.35377768 10.0 9.25377768 5.0 THIL_AMONT
1 12634 9.3747379 10.0 9.2747379 5.0 THIL_AMONT
1 12719 9.35994533 10.0 9.25994533 5.0 THIL_AMONT
1 12805 9.36045148 10.0 9.26045148 5.0 THIL_AMONT
1 12724 9.33229498 10.0 9.23229498 5.0 THIL_AMONT
1 12785 9.25642592 10.0 9.15642592 5.0 THIL_AMONT
1 12735 9.3223802 10.0 9.2223802 5.0 THIL_AMONT
1 12782 9.27065111 10.0 9.17065111 5.0 THIL_AMONT
1 12736 9.30746926 10.0 9.20746926 5.0 THIL_AMONT
1 12781 9.2809904 10.0 9.1809904 5.0 THIL_AMONT
1 12734 9.31022858 10.0 9.21022858 5.0 THIL_AMONT
1 12738 9.29134602 10.0 9.19134602 5.0 THIL_AMONT
1 12737 9.3016853 10.0 9.2016853 5.0 THIL_AMONT
1 12785 9.25638918 10.0 9.15638918 5.0 THIL_AMONT
1 12792 9.22549378 10.0 9.12549378 5.0 THIL_AMONT
1 12786 9.24521312 10.0 9.14521312 5.0 THIL_AMONT
1 12791 9.23960876 10.0 9.13960876 5.0 THIL_AMONT
1 12780 9.24865411 10.0 9.14865411 5.0 THIL_AMONT
1 12792 9.22518764 10.0 9.12518764 5.0 THIL_AMONT
1 12794 9.199557800000001 10.0 9.099557800000001 5.0 THIL_AMONT
1 12795 9.21884039 10.0 9.11884039 5.0 THIL_AMONT
1 12796 9.20471316 10.0 9.10471316 5.0 THIL_AMONT
1 12794 9.20129666 10.0 9.10129666 5.0 THIL_AMONT
1 13426 9.17700567 10.0 9.07700567 5.0 THIL_AMONT
1 13447 9.19746382 10.0 9.09746382 5.0 THIL_AMONT
1 13448 9.18284677 10.0 9.08284677 5.0 THIL_AMONT
1 13426 9.17468718 10.0 9.07468718 5.0 THIL_AMONT
1 13428 9.15701692 10.0 9.05701692 5.0 THIL_AMONT
1 13429 9.17414022 10.0 9.07414022 5.0 THIL_AMONT
1 13427 9.15847414 10.0 9.05847414 5.0 THIL_AMONT
1 13428 9.15952725 10.0 9.05952725 5.0 THIL_AMONT
1 13433 9.14682458 10.0 9.04682458 5.0 THIL_AMONT
1 13439 9.1426407 10.0 9.0426407 5.0 THIL_AMONT
1 13433 9.13353004 10.0 9.03353004 5.0 THIL_AMONT
1 13435 9.1222601 10.0 9.022260099999999 5.0 THIL_AMONT
1 13434 9.13475051 10.0 9.03475051 5.0 THIL_AMONT
1 13432 9.11897014 10.0 9.01897014 5.0 THIL_AMONT
1 13435 9.11390458 10.0 9.01390458 5.0 THIL_AMONT
1 13479 9.10212849 10.0 9.00212849 5.0 THIL_AMONT
1 13436 9.11353314 10.0 9.01353314 5.0 THIL_AMONT
1 13479 9.089723800000002 10.0 8.989723800000002 5.0 THIL_AMONT
1 9425 9.07984576 10.0 8.97984576 5.0 THIL_AMONT
1 13480 9.0923974 10.0 8.9923974 5.0 THIL_AMONT
1 13483 9.0768252 10.0 8.976825199999999 5.0 THIL_AMONT
1 9425 9.07227395 10.0 8.97227395 5.0 THIL_AMONT
1 13496 9.04691351 10.0 8.94691351 5.0 THIL_AMONT
1 9426 9.06796762 10.0 8.96796762 5.0 THIL_AMONT
1 13495 9.06118361 10.0 8.96118361 5.0 THIL_AMONT
1 13484 9.06677164 10.0 8.96677164 5.0 THIL_AMONT
1 13496 9.04710944 10.0 8.94710944 5.0 THIL_AMONT
1 13502 9.02760236 10.0 8.92760236 5.0 THIL_AMONT
1 13499 9.04031319 10.0 8.94031319 5.0 THIL_AMONT
1 13500 9.02402259 10.0 8.92402259 5.0 THIL_AMONT
1 13502 9.01842639 10.0 8.91842639 5.0 THIL_AMONT
1 13677 8.99182507 10.0 8.89182507 5.0 THIL_AMONT
1 13673 9.01853252 10.0 8.91853252 5.0 THIL_AMONT
1 13674 9.00783811 10.0 8.90783811 5.0 THIL_AMONT
1 13677 8.99195161 10.0 8.89195161 5.0 THIL_AMONT
1 13683 8.99660898 10.0 8.89660898 5.0 THIL_AMONT
1 16559 6.84599923 10.0 6.74599923 7.0 JPT_ECL_AMONT
1 16558 6.840497099999999 10.0 6.740497099999999 7.0 JPT_ECL_AMONT
1 16557 6.84428818 10.0 6.74428818 7.0 JPT_ECL_AMONT
1 16558 6.84380362 10.0 6.74380362 7.0 JPT_ECL_AMONT
1 16699 6.83695326 10.0 6.73695326 7.0 JPT_ECL_AMONT
1 16700 6.82790983 10.0 6.72790983 7.0 JPT_ECL_AMONT
1 16698 6.81930557 10.0 6.71930557 7.0 JPT_ECL_AMONT
1 16697 6.82363544 10.0 6.72363544 7.0 JPT_ECL_AMONT
1 16698 6.82291408 10.0 6.72291408 7.0 JPT_ECL_AMONT
1 16704 6.80981914 10.0 6.70981914 7.0 JPT_ECL_AMONT
1 16705 6.78997359 10.0 6.68997359 7.0 JPT_ECL_AMONT
1 16696 6.79093016 10.0 6.69093016 7.0 JPT_ECL_AMONT
1 16708 6.78582516 10.0 6.68582516 7.0 JPT_ECL_AMONT
1 16486 7.41985604 10.0 7.14325496 0.0 MOULINAT_AVAL
1 16492 7.36441365 10.0 7.13599464 0.0 MOULINAT_AVAL
1 16493 7.350839200000001 10.0 7.13421704 0.0 MOULINAT_AVAL
1 16496 7.25898622 10.0 7.12218867 0.0 MOULINAT_AVAL
1 16537 7.08510788 10.0 6.98510788 0.0 MOULINAT_AVAL
1 16497 7.17920443 10.0 7.07920443 0.0 MOULINAT_AVAL
1 16537 7.03433369 10.0 6.93433369 0.0 MOULINAT_AVAL
1 16538 7.02346613 10.0 6.92346613 0.0 MOULINAT_AVAL
1 16541 6.94440931 10.0 6.84440931 0.0 MOULINAT_AVAL
1 16542 6.8654207 10.0 6.765420699999999 0.0 MOULINAT_AVAL
1 16555 6.7452668000000005 10.0 6.645266800000001 0.0 MOULINAT_AVAL
1 16553 6.73952223 10.0 6.63952223 0.0 MOULINAT_AVAL
1 16555 6.75645522 10.0 6.65645522 0.0 MOULINAT_AVAL
1 16556 6.70004807 10.0 6.60004807 0.0 MOULINAT_AVAL
1 16559 6.59595603 10.0 6.49595603 0.0 MOULINAT_AVAL
