 1  10745  1.0  0.293828  BAR
 1  11430  1.0  0.293828  BAR
 1  11428  1.0  0.293828  BAR
 1  11427  1.0  0.293828  BAR
 1  11426  1.0  0.293828  BAR
 1  11430  1.0  0.293828  BAR
 1  11443  1.0  0.293828  BAR
 1  11431  1.0  0.293828  BAR
 1  11442  1.0  0.293828  BAR
 1  11443  1.0  0.293828  BAR
 1  11441  1.0  0.293828  BAR
 1  11437  1.0  0.293828  BAR
 1  11440  1.0  0.293828  BAR
 1  11441  1.0  0.293828  BAR
 1  11482  1.0  0.293828  BAR
 1  11439  1.0  0.293828  BAR
 1  11482  1.0  0.293828  BAR
 1  11461  1.0  0.293828  BAR
 1  11460  1.0  0.293828  BAR
 1  11461  1.0  0.293828  BAR
 1  11462  1.0  0.293828  BAR
 1  11459  1.0  0.293828  BAR
 1  11462  1.0  0.293828  BAR
 1  11457  1.0  0.293828  BAR
 1  11456  1.0  0.293828  BAR
 1  11457  1.0  0.293828  BAR
 1  11380  1.0  0.293828  BAR
 1  11455  1.0  0.293828  BAR
 1  11466  1.0  0.293828  BAR
 1  11380  1.0  0.293828  BAR
 1  11378  1.0  0.293828  BAR
 1  11373  1.0  0.293828  BAR
 1  11379  1.0  0.293828  BAR
 1  11373  1.0  0.293828  BAR
 1  11374  1.0  0.293828  BAR
 1  11371  1.0  0.293828  BAR
 1  11374  1.0  0.293828  BAR
 1  11352  1.0  0.293828  BAR
 1  11351  1.0  0.293828  BAR
 1  11353  1.0  0.293828  BAR
 1  11351  1.0  0.293828  BAR
 1  11514  1.0  0.293828  BAR
 1  11345  1.0  0.293828  BAR
 1  11516  1.0  0.293828  BAR
 1  11514  1.0  0.293828  BAR
 1  11173  1.0  0.293828  BAR
 1  11172  1.0  0.293828  BAR
 1  11173  1.0  0.293828  BAR
 1  11174  1.0  0.293828  BAR
 1  11176  1.0  0.293828  BAR
 1  11174  1.0  0.293828  BAR
 1  11175  1.0  0.293828  BAR
 1  11180  1.0  0.293828  BAR
 1  11186  1.0  0.293828  BAR
 1  11180  1.0  0.293828  BAR
 1  11181  1.0  0.293828  BAR
 1  11184  1.0  0.293828  BAR
 1  11185  1.0  0.293828  BAR
 1  11235  1.0  0.293828  BAR
 1  11228  1.0  0.293828  BAR
 1  11234  1.0  0.293828  BAR
 1  11235  1.0  0.293828  BAR
 1  11238  1.0  0.293828  BAR
 1  11239  1.0  0.293828  BAR
 1  11250  1.0  0.293828  BAR
 1  11251  1.0  0.293828  BAR
 1  11248  1.0  0.293828  BAR
 1  11245  1.0  0.293828  BAR
 1  11248  1.0  0.293828  BAR
 1  11249  1.0  0.293828  BAR
 1  11932  1.0  0.293828  BAR
 1  11936  1.0  0.293828  BAR
 1  11933  1.0  0.293828  BAR
 1  11936  1.0  0.293828  BAR
 1  11937  1.0  0.293828  BAR
 1  15206  1.0  0.171248  GAL
 1  15209  1.0  0.171248  GAL
 1  15216  1.0  0.171248  GAL
 1  15215  1.0  0.171248  GAL
 1  15216  1.0  0.171248  GAL
 1  15221  1.0  0.171248  GAL
 1  15227  1.0  0.171248  GAL
 1  15221  1.0  0.171248  GAL
 1  15222  1.0  0.171248  GAL
 1  15226  1.0  0.171248  GAL
 1  15225  1.0  0.171248  GAL
 1  15226  1.0  0.171248  GAL
 1  15910  1.0  0.171248  GAL
 1  15909  1.0  0.171248  GAL
 1  15910  1.0  0.171248  GAL
 1  15913  1.0  0.171248  GAL
 1  15912  1.0  0.171248  GAL
 1  15911  1.0  0.171248  GAL
 1  15912  1.0  0.171248  GAL
 1  15923  1.0  0.171248  GAL
 1  15924  1.0  0.171248  GAL
 1  15927  1.0  0.171248  GAL
 1  15928  1.0  0.171248  GAL
 1  15971  1.0  0.171248  GAL
 1  15975  1.0  0.171248  GAL
 1  15972  1.0  0.171248  GAL
 1  15975  1.0  0.171248  GAL
 1  15976  1.0  0.171248  GAL
 1  15987  1.0  0.171248  GAL
 1  15988  1.0  0.171248  GAL
 1  15991  1.0  0.171248  GAL
 1  16163  1.0  0.171248  GAL
 1  15992  1.0  0.171248  GAL
 1  16163  1.0  0.171248  GAL
 1  16164  1.0  0.171248  GAL
 1  16167  1.0  0.171248  GAL
 1  16146  1.0  0.171248  GAL
 1  16145  1.0  0.171248  GAL
 1  16146  1.0  0.171248  GAL
 1  16157  1.0  0.171248  GAL
 1  16161  1.0  0.171248  GAL
 1  16158  1.0  0.171248  GAL
 1  16161  1.0  0.171248  GAL
 1  16160  1.0  0.171248  GAL
 1  16159  1.0  0.171248  GAL
 1  16160  1.0  0.171248  GAL
 1  16203  1.0  0.171248  GAL
 1  16204  1.0  0.171248  GAL
 1  16201  1.0  0.171248  GAL
 1  16198  1.0  0.171248  GAL
 1  16201  1.0  0.171248  GAL
 1  16213  1.0  0.171248  GAL
 1  16202  1.0  0.171248  GAL
 1  16213  1.0  0.171248  GAL
 1  16212  1.0  0.171248  GAL
 1  16214  1.0  0.171248  GAL
 1  16212  1.0  0.171248  GAL
 1  16215  1.0  0.171248  GAL
