  1 22789      14.95655383       0.20000000      13.65685412      18.00000000  GAJAC
  1 22787      14.93503688       0.20000000      13.64002884      18.00000000  GAJAC
  1 22788      14.85817570       0.20000000      13.57992687      18.00000000  GAJAC
  1 22791      14.73692211       0.20000000      13.48511202      18.00000000  GAJAC
  1 17793      14.67664591       0.20000000      13.43797876      18.00000000  GAJAC
  1 17794      14.54859066       0.20000000      13.33784533      18.00000000  GAJAC
  1 17792      14.53894300       0.20000000      13.33030129      18.00000000  GAJAC
  1 17795      14.41931240       0.20000000      13.23675556      18.00000000  GAJAC
  1 12797      14.39396679       0.20000000      13.21693643      18.00000000  GAJAC
  1 12798      14.29849846       0.20000000      13.14228451      18.00000000  GAJAC
  1 12807      14.15732153       0.10000000      13.03189052      18.00000000  GAJAC
  1 12810      14.08815083       0.10000000      12.97780215      18.00000000  GAJAC
  1 12809      14.10480820       0.10000000      12.99082746      18.00000000  GAJAC
  1 12810      14.08466785       0.10000000      12.97507862      18.00000000  GAJAC
  1 17800      14.04216071       0.10000000      12.94183996      18.00000000  GAJAC
  1 17803      14.00259146       0.10000000      12.91089858      18.00000000  GAJAC
  1 17805      13.94545377       0.10000000      12.86621949      18.00000000  GAJAC
  1 17806      13.91860339       0.10000000      12.84522370      18.00000000  GAJAC
  1 17820      13.84161966       0.10000000      12.78502590      18.00000000  GAJAC
  1 17821      13.77044259       0.05000000      12.72936865      18.00000000  GAJAC
  1 17824      13.73799795       0.05000000      12.70399840      18.00000000  GAJAC
  1 17822      13.73254957       0.05000000      12.69973801      18.00000000  GAJAC
  1 17824      13.71786272       0.05000000      12.68825356      18.00000000  GAJAC
  1 17847      13.71865861       0.05000000      12.68887591      18.00000000  GAJAC
  1 17848      13.69104561       0.05000000      12.66728378      18.00000000  GAJAC
  1 17859      13.65853187       0.02500000      12.64185951      18.00000000  GAJAC
  1 17860      13.64552637       0.02500000      12.63168980      18.00000000  GAJAC
  1 17883      13.62308793       0.02500000      12.61414394      18.00000000  GAJAC
  1 17863      13.62878711       0.02500000      12.61860044      18.00000000  GAJAC
  1 17883      13.61550523       0.02500000      12.60821461      18.00000000  GAJAC
  1 17864      13.61275928       0.02500000      12.60606741      18.00000000  GAJAC
  1 17884      13.61416936       0.02500000      12.60717003      18.00000000  GAJAC
  1 12732       7.86517056       0.05000000       6.17831887      15.00000000  BUSSAGUET_AVAL
  1 17656       7.88342003       0.05000000       6.29803538      15.00000000  BUSSAGUET_AVAL
  1 17655       7.87586563       0.05000000       6.24847850      15.00000000  BUSSAGUET_AVAL
  1 17656       7.88598950       0.05000000       6.31489111      15.00000000  BUSSAGUET_AVAL
  1 17658       7.89967339       0.05000000       6.40465745      15.00000000  BUSSAGUET_AVAL
  1 17667       7.94098391       0.05000000       6.67565448      15.00000000  BUSSAGUET_AVAL
  1 17661       7.93488843       0.05000000       6.63566809      15.00000000  BUSSAGUET_AVAL
  1 17667       7.94638284       0.05000000       6.71107146      15.00000000  BUSSAGUET_AVAL
  1 17670       7.98412013       0.05000000       6.95862802      15.00000000  BUSSAGUET_AVAL
  1 17669       7.97678830       0.05000000       6.91053127      15.00000000  BUSSAGUET_AVAL
  1 26629      22.88671118       0.02000000      21.75671118       5.00000000  HAILLAN4
  1 26601      22.28878519       0.02000000      21.15878519       5.00000000  HAILLAN4
  1 26602      22.00607306       0.02000000      20.87607306       5.00000000  HAILLAN4
  1 26601      21.91517972       0.02000000      20.78517972       5.00000000  HAILLAN4
  1 26599      21.77960563       0.02000000      20.64960563       5.00000000  HAILLAN4
  1 26600      21.70812273       0.02000000      20.57812273       5.00000000  HAILLAN4
  1 26562      21.32561713       0.02000000      20.19561713       5.00000000  HAILLAN4
  1 26565      21.22233584       0.02000000      20.09233584       5.00000000  HAILLAN4
  1 26563      20.82138069       0.02000000      19.69138069       5.00000000  HAILLAN4
  1 26564      20.44528430       0.02000000      19.31528430       5.00000000  HAILLAN4
  1 26516      20.43911553       0.02000000      19.30911553       5.00000000  HAILLAN4
  1 26519      19.87070685       0.02000000      18.74070685       5.00000000  HAILLAN4
  1 26517      19.73799290       0.02000000      18.60799290       5.00000000  HAILLAN4
  1 26519      19.74808806       0.02000000      18.61808806       5.00000000  HAILLAN4
  1 26517      19.89639952       0.02000000      18.76639952       5.00000000  HAILLAN4
  1 26457      19.51318879       0.02000000      18.38318879       5.00000000  HAILLAN4
  1 26458      18.88437126       0.02000000      17.75437126       5.00000000  HAILLAN4
  1 26611      21.38634217       0.02000000      20.36195296      17.00000000  HAILLAN5
  1 26573      21.16836997       0.02000000      20.13501071      17.00000000  HAILLAN5
  1 26571      20.80777912       0.02000000      19.75958073      17.00000000  HAILLAN5
  1 26523      20.19754375       0.02000000      19.12423279      17.00000000  HAILLAN5
  1 26520      20.27885751       0.02000000      19.20889280      17.00000000  HAILLAN5
  1 26518      20.03569561       0.02000000      18.95572423      17.00000000  HAILLAN5
  1 26458      19.52641483       0.02000000      18.42548540      17.00000000  HAILLAN5
  1 26550      22.11678048       0.02000000      21.12158962       6.00000000  HAILLAN2
  1 26553      21.98416276       0.02000000      20.98351057       6.00000000  HAILLAN2
  1 26552      21.38851568       0.02000000      20.36333412       6.00000000  HAILLAN2
  1 26554      21.33897367       0.02000000      20.31175192       6.00000000  HAILLAN2
  1 26552      21.32106572       0.02000000      20.29310650       6.00000000  HAILLAN2
  1 26507      20.78356496       0.02000000      19.73347090       6.00000000  HAILLAN2
  1 26555      20.94904995       0.02000000      19.90577073       6.00000000  HAILLAN2
  1 26507      20.54693694       0.02000000      19.48709829       6.00000000  HAILLAN2
  1 26508      20.58152902       0.02000000      19.52311491       6.00000000  HAILLAN2
  1 26506      20.21366032       0.02000000      19.14009699       6.00000000  HAILLAN2
  1 26509      19.72282719       0.02000000      18.62905085       6.00000000  HAILLAN2
  1 26449      19.75861114       0.02000000      18.66630841       6.00000000  HAILLAN2
  1 26447      19.09196954       0.02000000      17.97221382       6.00000000  HAILLAN2
  1 26448      19.01145332       0.02000000      17.88838185       6.00000000  HAILLAN2
  1 26380      18.73175203       0.02000000      17.59716218       6.00000000  HAILLAN2
  1 26378      18.18186178       0.02000000      17.02462687       6.00000000  HAILLAN2
  1 26381      17.77349057       0.02000000      16.59943851       6.00000000  HAILLAN2
  1 26289      17.56273471       0.02000000      16.38000351       6.00000000  HAILLAN2
  1 26381      17.62905767       0.02000000      16.44905771       6.00000000  HAILLAN2
  1 26289      17.55355139       0.02000000      16.37044200       6.00000000  HAILLAN2
  1 26284      17.03460432       0.01000000      15.83012416       6.00000000  HAILLAN2
  1 26285      16.73998601       0.01000000      15.52337316       6.00000000  HAILLAN2
  1 26287      16.75682994       0.01000000      15.54091074       6.00000000  HAILLAN2
  1 26285      16.82073722       0.01000000      15.60744979       6.00000000  HAILLAN2
  1 26090      16.62425922       0.01000000      15.40288062       6.00000000  HAILLAN2
  1 26088      16.37277527       0.01000000      15.14104030       6.00000000  HAILLAN2
  1 26085      16.35308330       0.01000000      15.12053739       6.00000000  HAILLAN2
  1 26067      16.14884130       0.00500000      14.90788449       6.00000000  HAILLAN2
  1 26065      16.05134956       0.00500000      14.80637794       6.00000000  HAILLAN2
  1 26070      15.91018768       0.00500000      14.65940287       6.00000000  HAILLAN2
  1 26076      15.89579703       0.00500000      14.64441960       6.00000000  HAILLAN2
  1 26070      15.88217714       0.00500000      14.63023882       6.00000000  HAILLAN2
  1 26068      15.80264787       0.00500000      14.54743445       6.00000000  HAILLAN2
  1 25161      15.64713294       0.00250000      14.38551526       6.00000000  HAILLAN2
  1 26069      15.76121482       0.00500000      14.50429515       6.00000000  HAILLAN2
  1 25160      15.66658993       0.00250000      14.40577351       6.00000000  HAILLAN2
  1 25161      15.66126980       0.00250000      14.40023429       6.00000000  HAILLAN2
  1 25159      15.62881329       0.00250000      14.36644119       6.00000000  HAILLAN2
  1 26458      18.83756329       0.02000000      17.70829172       4.00000000  HAILLAN3
  1 26456      19.02189235       0.02000000      17.90026576       4.00000000  HAILLAN3
  1 26388      18.51839990       0.02000000      17.37589114       4.00000000  HAILLAN3
  1 26386      18.11269914       0.02000000      16.95336408       4.00000000  HAILLAN3
  1 26300      17.60098959       0.02000000      16.42043156       4.00000000  HAILLAN3
  1 26299      17.27947620       0.02000000      16.08558351       4.00000000  HAILLAN3
  1 26294      17.08673395       0.01000000      15.88484734       4.00000000  HAILLAN3
  1 26292      16.89926735       0.01000000      15.68960563       4.00000000  HAILLAN3
  1 26127      16.67020434       0.01000000      15.45104231       4.00000000  HAILLAN3
  1 26126      16.49044468       0.01000000      15.26382718       4.00000000  HAILLAN3
  1 26124      16.46215171       0.01000000      15.23436076       4.00000000  HAILLAN3
  1 26103      16.22989903       0.00500000      14.99247549       4.00000000  HAILLAN3
  1 26101      16.11278474       0.00500000      14.87050393       4.00000000  HAILLAN3
  1 26100      16.00000802       0.00500000      14.75304983       4.00000000  HAILLAN3
  1 26094      16.02390698       0.00500000      14.77793998       4.00000000  HAILLAN3
  1 26075      15.88952711       0.00500000      14.63798676       4.00000000  HAILLAN3
  1 26073      15.84796739       0.00500000      14.59470336       4.00000000  HAILLAN3
  1 26072      15.76057625       0.00500000      14.50368771       4.00000000  HAILLAN3
  1 25172      15.67871762       0.00250000      14.41843402       4.00000000  HAILLAN3
  1 25173      15.68268824       0.00250000      14.42256932       4.00000000  HAILLAN3
  1 25172      15.65505390       0.00250000      14.39378885       4.00000000  HAILLAN3
  1 25159      15.60177052       0.00250000      14.33829556       4.00000000  HAILLAN3
  1 25170      15.61627925       0.00250000      14.35340604       4.00000000  HAILLAN3
  1 25159      15.60479082       0.00250000      14.34144113       4.00000000  HAILLAN3
  1 25159      15.58979983       0.00250000      14.32479983       9.00000000  HAILLAN1
  1 25153      15.53340609       0.00250000      14.26840609       9.00000000  HAILLAN1
  1 25152      15.51752083       0.00250000      14.25252083       9.00000000  HAILLAN1
  1 25150      15.47022859       0.00250000      14.20522859       9.00000000  HAILLAN1
  1 25128      15.28813542       0.00250000      14.02313542       9.00000000  HAILLAN1
  1 25123      15.15030307       0.00250000      13.88530307       9.00000000  HAILLAN1
  1 25125      15.27180623       0.00250000      14.00680623       9.00000000  HAILLAN1
  1 25123      15.19507479       0.00250000      13.93007479       9.00000000  HAILLAN1
  1 25116      15.02821336       0.00250000      13.76321336       9.00000000  HAILLAN1
  1 25122      15.04525728       0.00250000      13.78025728       9.00000000  HAILLAN1
  1 25116      15.07995104       0.00250000      13.81495104       9.00000000  HAILLAN1
  1 25114      14.91402115       0.00250000      13.64902115       9.00000000  HAILLAN1
  1 25071      14.89924014       0.00250000      13.63424014       9.00000000  HAILLAN1
  1 24817      14.83317485       0.00250000      13.56817485       9.00000000  HAILLAN1
  1 24811      14.65099244       0.00125000      13.38599244       9.00000000  HAILLAN1
  1 24816      14.68283387       0.00250000      13.41783387       9.00000000  HAILLAN1
  1 24811      14.65911871       0.00125000      13.39411871       9.00000000  HAILLAN1
  1 24809      14.60515110       0.00125000      13.34015110       9.00000000  HAILLAN1
  1 24792      14.53438482       0.00125000      13.26938482       9.00000000  HAILLAN1
  1 24808      14.56480420       0.00125000      13.29980420       9.00000000  HAILLAN1
  1 24792      14.55317848       0.00125000      13.28817848       9.00000000  HAILLAN1
  1 24790      14.50633139       0.00125000      13.24133139       9.00000000  HAILLAN1
  1 24784      14.45224219       0.00125000      13.18724219       9.00000000  HAILLAN1
  1 24782      14.39948023       0.00125000      13.13448023       9.00000000  HAILLAN1
  1 24697      14.32549066       0.00125000      13.06049066       9.00000000  HAILLAN1
  1 24708      14.32397587       0.00125000      13.05897587       9.00000000  HAILLAN1
  1 24697      14.31277676       0.00125000      13.04777676       9.00000000  HAILLAN1
  1 24695      14.29388624       0.00125000      13.02888624       9.00000000  HAILLAN1
  1 24689      14.24666819       0.00125000      12.98166819       9.00000000  HAILLAN1
  1 24686      14.16368058       0.00125000      12.89868058       9.00000000  HAILLAN1
  1 24688      14.15451561       0.00125000      12.88951561       9.00000000  HAILLAN1
  1 24686      14.15096050       0.00125000      12.88596050       9.00000000  HAILLAN1
  1 24659      14.03670234       0.00125000      12.77170234       9.00000000  HAILLAN1
  1 24664      14.11802472       0.00125000      12.85302472       9.00000000  HAILLAN1
  1 24662      14.03624069       0.00125000      12.77124069       9.00000000  HAILLAN1
  1 24659      14.04059750       0.00125000      12.77559750       9.00000000  HAILLAN1
  1 24653      14.00723099       0.00125000      12.74223099       9.00000000  HAILLAN1
  1 24651      13.95385281       0.00125000      12.68885281       9.00000000  HAILLAN1
  1 21494      13.90427499       0.00125000      12.63927499       9.00000000  HAILLAN1
  1 21495      13.81984885       0.00125000      12.55484885       9.00000000  HAILLAN1
  1 21492      13.82516605       0.00125000      12.56016605       9.00000000  HAILLAN1
  1 21495      13.80043279       0.00125000      12.53543279       9.00000000  HAILLAN1
  1 21489      13.78722014       0.00125000      12.52222014       9.00000000  HAILLAN1
  1 21488      13.69187311       0.00125000      12.42687311       9.00000000  HAILLAN1
  1 21487      13.71027725       0.00125000      12.44527725       9.00000000  HAILLAN1
  1 21488      13.69667715       0.00125000      12.43167715       9.00000000  HAILLAN1
  1 21466      13.68012373       0.00125000      12.41512373       9.00000000  HAILLAN1
  1 21477      13.61012618       0.00125000      12.34512618       9.00000000  HAILLAN1
  1 21476      13.53944440       0.00125000      12.27444440       9.00000000  HAILLAN1
  1 21475      13.56496288       0.00125000      12.29996288       9.00000000  HAILLAN1
  1 21476      13.49502510       0.00125000      12.23002510       9.00000000  HAILLAN1
  1 21470      13.48588692       0.00125000      12.22088692       9.00000000  HAILLAN1
  1 21473      13.47355018       0.00125000      12.20855018       9.00000000  HAILLAN1
  1 21471      13.43431412       0.00125000      12.16931412       9.00000000  HAILLAN1
  1 21386      13.33068626       0.00125000      12.06568626       9.00000000  HAILLAN1
  1 21472      13.36584166       0.00125000      12.10084166       9.00000000  HAILLAN1
  1 21386      13.34466763       0.00125000      12.07966763       9.00000000  HAILLAN1
  1 21557      13.33091502       0.00125000      12.06591502       9.00000000  HAILLAN1
  1 21555      13.26793701       0.00125000      12.00293701       9.00000000  HAILLAN1
  1 21549      13.21088831       0.00125000      11.94588831       9.00000000  HAILLAN1
  1 21550      13.15967617       0.00125000      11.89467617       9.00000000  HAILLAN1
  1 21548      13.12435589       0.00125000      11.85935589       9.00000000  HAILLAN1
  1 21529      13.03002078       0.00125000      11.76502078       9.00000000  HAILLAN1
  1 21526      13.03925582       0.00125000      11.77425582       9.00000000  HAILLAN1
  1 21529      13.05240870       0.00125000      11.78740870       9.00000000  HAILLAN1
  1 21527      13.00655705       0.00125000      11.74155705       9.00000000  HAILLAN1
  1 21519      12.88743097       0.00125000      11.62243097       9.00000000  HAILLAN1
  1 21521      12.95430414       0.00125000      11.68930414       9.00000000  HAILLAN1
  1 21519      12.87155148       0.00125000      11.60655148       9.00000000  HAILLAN1
  1 21169      12.72260781       0.00125000      11.45760781       9.00000000  HAILLAN1
  1 21177      12.85125540       0.00125000      11.58625540       9.00000000  HAILLAN1
  1 21175      12.79970939       0.00125000      11.53470939       9.00000000  HAILLAN1
  1 21169      12.74758632       0.00125000      11.48258632       9.00000000  HAILLAN1
  1 21145      12.62483712       0.00125000      11.35983712       9.00000000  HAILLAN1
  1 21167      12.69659058       0.00125000      11.43159058       9.00000000  HAILLAN1
  1 21145      12.62788936       0.00125000      11.36288936       9.00000000  HAILLAN1
  1 21137      12.51761499       0.00125000      11.25261499       9.00000000  HAILLAN1
  1 21143      12.59335224       0.00125000      11.32835224       9.00000000  HAILLAN1
  1 21137      12.53682495       0.00125000      11.27182495       9.00000000  HAILLAN1
  1 21049      12.43089090       0.00125000      11.16589090       9.00000000  HAILLAN1
  1 21135      12.49017160       0.00125000      11.22517160       9.00000000  HAILLAN1
  1 21049      12.38492384       0.00125000      11.11992384       9.00000000  HAILLAN1
  1 21047      12.38922913       0.00125000      11.12422913       9.00000000  HAILLAN1
  1 21042      12.32307316       0.00125000      11.05807316       9.00000000  HAILLAN1
  1 21041      12.30330881       0.00125000      11.03830881       9.00000000  HAILLAN1
  1 21042      12.24858278       0.00125000      10.98358278       9.00000000  HAILLAN1
  1 21029      12.18506687       0.00125000      10.92006687       9.00000000  HAILLAN1
  1 21040      12.24925052       0.00125000      10.98425052       9.00000000  HAILLAN1
  1 21051      12.21411573       0.00125000      10.94911573       9.00000000  HAILLAN1
  1 21029      12.18400961       0.00125000      10.91900961       9.00000000  HAILLAN1
  1 21022      12.05999499       0.00125000      10.79499499       9.00000000  HAILLAN1
  1 21027      12.15044730       0.00125000      10.88544730       9.00000000  HAILLAN1
  1 21021      12.07846095       0.00125000      10.81346095       9.00000000  HAILLAN1
  1 21022      12.03456719       0.00125000      10.76956719       9.00000000  HAILLAN1
  1 16702      11.98099116       0.00125000      10.71599116       9.00000000  HAILLAN1
  1 21020      12.04145483       0.00125000      10.77645483       9.00000000  HAILLAN1
  1 16702      11.92506361       0.00125000      10.66006361       9.00000000  HAILLAN1
  1 16698      11.84276847       0.00125000      10.57776847       9.00000000  HAILLAN1
  1 16705      11.90416162       0.00125000      10.63916162       9.00000000  HAILLAN1
  1 16697      11.83557375       0.00125000      10.57057375       9.00000000  HAILLAN1
  1 16703      11.93696138       0.00125000      10.67196138       9.00000000  HAILLAN1
  1 16698      11.80787480       0.00125000      10.54287480       9.00000000  HAILLAN1
  1 16696      11.79209217       0.00125000      10.52709217       9.00000000  HAILLAN1
  1 16715      11.66719960       0.00125000      10.40219960       9.00000000  HAILLAN1
  1 16739      11.72662043       0.00125000      10.46162043       9.00000000  HAILLAN1
  1 16717      11.73970736       0.00125000      10.47470736       9.00000000  HAILLAN1
  1 16715      11.66241205       0.00125000      10.39741205       9.00000000  HAILLAN1
  1 16710      11.59365518       0.00125000      10.32865518       9.00000000  HAILLAN1
  1 16709      11.61462312       0.00125000      10.34962312       9.00000000  HAILLAN1
  1 16710      11.54977791       0.00125000      10.28477791       9.00000000  HAILLAN1
  1 16625      11.49362777       0.00125000      10.22862777       9.00000000  HAILLAN1
  1 16708      11.57159289       0.00125000      10.30659289       9.00000000  HAILLAN1
  1 16711      11.49737867       0.00125000      10.23237867       9.00000000  HAILLAN1
  1 16625      11.45368482       0.00125000      10.18868482       9.00000000  HAILLAN1
  1 16635      11.35065875       0.00125000      10.08565875       9.00000000  HAILLAN1
  1 16626      11.42136938       0.00125000      10.15636938       9.00000000  HAILLAN1
  1 16624      11.43185953       0.00125000      10.16685953       9.00000000  HAILLAN1
  1 16635      11.34313634       0.00125000      10.07813634       9.00000000  HAILLAN1
  1 16628      11.25645347       0.00125000       9.99145347       9.00000000  HAILLAN1
  1 16629      11.34964889       0.00125000      10.08464889       9.00000000  HAILLAN1
  1 16630      11.29392125       0.00125000      10.02892125       9.00000000  HAILLAN1
  1 16628      11.24433518       0.00125000       9.97933518       9.00000000  HAILLAN1
  1 16609      11.19847941       0.00125000       9.93347941       9.00000000  HAILLAN1
  1 16631      11.19648031       0.00125000       9.93148031       9.00000000  HAILLAN1
  1 16609      11.17341846       0.00125000       9.90841846       9.00000000  HAILLAN1
  1 16607      11.15981630       0.00125000       9.89481630       9.00000000  HAILLAN1
  1 16602      11.07162895       0.00125000       9.80662895       9.00000000  HAILLAN1
  1 16601      11.07443182       0.00125000       9.80943182       9.00000000  HAILLAN1
  1 16602      11.07682250       0.00125000       9.81182250       9.00000000  HAILLAN1
  1 16600      11.04164237       0.00125000       9.77664237       9.00000000  HAILLAN1
  1 16941      10.95728836       0.00125000       9.69228836       9.00000000  HAILLAN1
  1 16258      10.95817456       0.00125000       9.69317456       9.00000000  HAILLAN1
  1 16941      10.95757689       0.00125000       9.69257689       9.00000000  HAILLAN1
  1 16939      10.92728116       0.00125000       9.66228116       9.00000000  HAILLAN1
  1 16932      10.79445399       0.00125000       9.52945399       9.00000000  HAILLAN1
  1 16933      10.86030082       0.00125000       9.59530082       9.00000000  HAILLAN1
  1 16934      10.82324524       0.00125000       9.55824524       9.00000000  HAILLAN1
  1 16932      10.80440830       0.00125000       9.53940830       9.00000000  HAILLAN1
  1 16913      10.73021469       0.00125000       9.46521469       9.00000000  HAILLAN1
  1 16910      10.73720126       0.00125000       9.47220126       9.00000000  HAILLAN1
  1 16913      10.68761520       0.00125000       9.42261520       9.00000000  HAILLAN1
  1 16912      10.65074509       0.00125000       9.38574509       9.00000000  HAILLAN1
  1 16911      10.65299151       0.00125000       9.38799151       9.00000000  HAILLAN1
  1 16912      10.65080692       0.00125000       9.38580692       9.00000000  HAILLAN1
  1 16906      10.58704164       0.00125000       9.32204164       9.00000000  HAILLAN1
  1 16917      10.58642336       0.00125000       9.32142336       9.00000000  HAILLAN1
  1 16915      10.53178801       0.00125000       9.26678801       9.00000000  HAILLAN1
  1 16916      10.51074588       0.00125000       9.24574588       9.00000000  HAILLAN1
  1 16919      10.45920193       0.00125000       9.19420193       9.00000000  HAILLAN1
  1 16920      10.40763737       0.00125000       9.14263737       9.00000000  HAILLAN1
  1 16963      10.34591241       0.00125000       9.08091241       9.00000000  HAILLAN1
  1 16878      10.28732007       0.00125000       9.02232007       9.00000000  HAILLAN1
  1 16877      10.29152437       0.00125000       9.02652437       9.00000000  HAILLAN1
  1 16878      10.25727166       0.00125000       8.99227166       9.00000000  HAILLAN1
  1 16881      10.23136572       0.00125000       8.96636572       9.00000000  HAILLAN1
  1 16879      10.18590153       0.00125000       8.92090153       9.00000000  HAILLAN1
  1 16880      10.18363450       0.00125000       8.91863450       9.00000000  HAILLAN1
  1 16891      10.12378499       0.00125000       8.85878499       9.00000000  HAILLAN1
  1 16892      10.06989157       0.00125000       8.80489157       9.00000000  HAILLAN1
  1 16889       9.98572305       0.00125000       8.72072305       9.00000000  HAILLAN1
  1 16895      10.00054116       0.00125000       8.73554116       9.00000000  HAILLAN1
  1 16889       9.96564955       0.00125000       8.70064955       9.00000000  HAILLAN1
  1 16888       9.90784037       0.00125000       8.64284037       9.00000000  HAILLAN1
  1 16890       9.93096404       0.00125000       8.66596404       9.00000000  HAILLAN1
  1 16888       9.91433231       0.00125000       8.64933231       9.00000000  HAILLAN1
  1 17059       9.86334481       0.00125000       8.59834481       9.00000000  HAILLAN1
  1 17037       9.85332867       0.00125000       8.58832867       9.00000000  HAILLAN1
  1 17035       9.79537522       0.00125000       8.53037522       9.00000000  HAILLAN1
  1 17030       9.72779721       0.00125000       8.46279721       9.00000000  HAILLAN1
  1 17036       9.72835366       0.00125000       8.46335366       9.00000000  HAILLAN1
  1 17030       9.70131421       0.00125000       8.43631421       9.00000000  HAILLAN1
  1 17031       9.64049606       0.00125000       8.37549606       9.00000000  HAILLAN1
  1 17033       9.66005432       0.00125000       8.39505432       9.00000000  HAILLAN1
  1 17031       9.60212148       0.00125000       8.33712148       9.00000000  HAILLAN1
  1 17032       9.61844407       0.00125000       8.35344407       9.00000000  HAILLAN1
  1 17045       9.52463038       0.00125000       8.25963038       9.00000000  HAILLAN1
  1 17043       9.54791893       0.00125000       8.28291893       9.00000000  HAILLAN1
  1 17045       9.52306407       0.00125000       8.25806407       9.00000000  HAILLAN1
  1 17046       9.49013035       0.00125000       8.22513035       9.00000000  HAILLAN1
  1 17055       9.41715269       0.00125000       8.15215269       9.00000000  HAILLAN1
  1 17052       9.45427010       0.00125000       8.18927010       9.00000000  HAILLAN1
  1 17055       9.40884713       0.00125000       8.14384713       9.00000000  HAILLAN1
  1 17056       9.37865445       0.00125000       8.11365445       9.00000000  HAILLAN1
  1 17093       9.35515981       0.00250000       8.09015981       9.00000000  HAILLAN1
  1 17094       9.20207366       0.00250000       7.93707366       9.00000000  HAILLAN1
  1 17092       9.21924124       0.00250000       7.95424124       9.00000000  HAILLAN1
  1 17095       9.03979575       0.00250000       7.77479575       9.00000000  HAILLAN1
  1 12600       9.04014611       0.00250000       7.77514611       9.00000000  HAILLAN1
  1 12259       9.38614209       0.01250000       7.83008306       0.00000000  BUSSAGUET_AMONT
  1 12257       9.36985966       0.01250000       7.82889888       0.00000000  BUSSAGUET_AMONT
  1 12253       9.38318019       0.01250000       7.82986765       0.00000000  BUSSAGUET_AMONT
  1 12256       9.38784755       0.01250000       7.83020709       0.00000000  BUSSAGUET_AMONT
  1 12257       9.37482009       0.01250000       7.82925964       0.00000000  BUSSAGUET_AMONT
  1 12269       9.34876166       0.01250000       7.82736448       0.00000000  BUSSAGUET_AMONT
  1 12268       9.36392080       0.01250000       7.82846697       0.00000000  BUSSAGUET_AMONT
  1 12269       9.34622150       0.01250000       7.82717975       0.00000000  BUSSAGUET_AMONT
  1 12271       9.32804615       0.01250000       7.82585790       0.00000000  BUSSAGUET_AMONT
  1 12267       9.33592875       0.01250000       7.82643118       0.00000000  BUSSAGUET_AMONT
  1 12270       9.34103295       0.01250000       7.82680240       0.00000000  BUSSAGUET_AMONT
  1 12271       9.31731117       0.01250000       7.82507718       0.00000000  BUSSAGUET_AMONT
  1 12446       9.29390683       0.01250000       7.82337504       0.00000000  BUSSAGUET_AMONT
  1 12442       9.31824388       0.01250000       7.82514501       0.00000000  BUSSAGUET_AMONT
  1 12443       9.30682066       0.01250000       7.82431423       0.00000000  BUSSAGUET_AMONT
  1 12446       9.28271495       0.01250000       7.82256109       0.00000000  BUSSAGUET_AMONT
  1 12164       9.26358379       0.01250000       7.82116973       0.00000000  BUSSAGUET_AMONT
  1 12447       9.28394226       0.01250000       7.82265035       0.00000000  BUSSAGUET_AMONT
  1 12458       9.26929864       0.01250000       7.82158536       0.00000000  BUSSAGUET_AMONT
  1 12164       9.26238571       0.01250000       7.82108260       0.00000000  BUSSAGUET_AMONT
  1 12168       9.24752630       0.01250000       7.82000191       0.00000000  BUSSAGUET_AMONT
  1 12165       9.26139847       0.01250000       7.82101080       0.00000000  BUSSAGUET_AMONT
  1 12168       9.23931908       0.01250000       7.81940502       0.00000000  BUSSAGUET_AMONT
  1 12180       9.22157392       0.02500000       7.81811447       0.00000000  BUSSAGUET_AMONT
  1 12169       9.23824102       0.01250000       7.81932662       0.00000000  BUSSAGUET_AMONT
  1 12180       9.22930146       0.02500000       7.81867647       0.00000000  BUSSAGUET_AMONT
  1 12181       9.20939930       0.02500000       7.81722904       0.00000000  BUSSAGUET_AMONT
  1 12185       9.15776383       0.02500000       7.81347373       0.00000000  BUSSAGUET_AMONT
  1 12184       9.18687035       0.02500000       7.81559057       0.00000000  BUSSAGUET_AMONT
  1 12185       9.15016532       0.02500000       7.81292111       0.00000000  BUSSAGUET_AMONT
  1 12638       9.14188796       0.02500000       7.81231912       0.00000000  BUSSAGUET_AMONT
  1 12642       9.08942350       0.02500000       7.80850353       0.00000000  BUSSAGUET_AMONT
  1 12639       9.11953883       0.02500000       7.81069373       0.00000000  BUSSAGUET_AMONT
  1 12642       9.08018542       0.02500000       7.80783167       0.00000000  BUSSAGUET_AMONT
  1 12675       9.06964677       0.02500000       7.80706522       0.00000000  BUSSAGUET_AMONT
  1 12674       9.06468179       0.02500000       7.80670413       0.00000000  BUSSAGUET_AMONT
  1 12675       9.04606673       0.02500000       7.80535031       0.00000000  BUSSAGUET_AMONT
  1 12689       9.00956086       0.02500000       7.80269534       0.00000000  BUSSAGUET_AMONT
  1 12686       9.04539059       0.02500000       7.80530113       0.00000000  BUSSAGUET_AMONT
  1 12688       9.02016650       0.02500000       7.80346665       0.00000000  BUSSAGUET_AMONT
  1 12689       9.01922377       0.02500000       7.80339809       0.00000000  BUSSAGUET_AMONT
  1 12695       8.98646006       0.05000000       7.80101528       0.00000000  BUSSAGUET_AMONT
  1 12692       8.98114128       0.02500000       7.80062846       0.00000000  BUSSAGUET_AMONT
  1 12695       8.98515003       0.05000000       7.80092000       0.00000000  BUSSAGUET_AMONT
  1 12716       8.93087428       0.05000000       7.79697267       0.00000000  BUSSAGUET_AMONT
  1 12732       8.87060854       0.05000000       7.79258971       0.00000000  BUSSAGUET_AMONT
  1 12730       8.92277855       0.05000000       7.79638389       0.00000000  BUSSAGUET_AMONT
  1 12732       8.87915069       0.05000000       7.79321096       0.00000000  BUSSAGUET_AMONT
  1 12768       5.47310961       0.20000000       4.38709519      13.00000000  NOIR_AMONT
  1 12769       5.40437474       0.20000000       4.35983826      13.00000000  NOIR_AMONT
  1 12772       5.28065344       0.20000000       4.31077636      13.00000000  NOIR_AMONT
  1 17772       5.11102059       0.20000000       4.24350816      13.00000000  NOIR_AMONT
  1 17771       5.11106721       0.20000000       4.24352665      13.00000000  NOIR_AMONT
  1 17772       5.12003372       0.20000000       4.24708234      13.00000000  NOIR_AMONT
  1 17775       5.02884580       0.20000000       4.21092161      13.00000000  NOIR_AMONT
  1 14991       9.68544141       0.01250000       8.13022445       7.00000000  THIL_AVAL
  1 15028       9.66203861       0.01250000       8.11832472       7.00000000  THIL_AVAL
  1 14992       9.68778810       0.01250000       8.13141768       7.00000000  THIL_AVAL
  1 15006       9.66300015       0.01250000       8.11881363       7.00000000  THIL_AVAL
  1 14994       9.67875024       0.01250000       8.12682216       7.00000000  THIL_AVAL
  1 15005       9.67847137       0.01250000       8.12668036       7.00000000  THIL_AVAL
  1 15028       9.65246856       0.01250000       8.11345859       7.00000000  THIL_AVAL
  1 15034       9.63939595       0.01250000       8.10681150       7.00000000  THIL_AVAL
  1 15031       9.65513964       0.01250000       8.11481677       7.00000000  THIL_AVAL
  1 15033       9.64119530       0.01250000       8.10772642       7.00000000  THIL_AVAL
  1 15034       9.64248409       0.01250000       8.10838174       7.00000000  THIL_AVAL
  1 15078       9.62301034       0.01250000       8.09847983       7.00000000  THIL_AVAL
  1 15077       9.63397668       0.01250000       8.10405594       7.00000000  THIL_AVAL
  1 15078       9.61370071       0.01250000       8.09374612       7.00000000  THIL_AVAL
  1 15091       9.59125997       0.01250000       8.08233558       7.00000000  THIL_AVAL
  1 15081       9.61466156       0.01250000       8.09423469       7.00000000  THIL_AVAL
  1 15093       9.59053794       0.01250000       8.08196844       7.00000000  THIL_AVAL
  1 15082       9.60487414       0.01250000       8.08925804       7.00000000  THIL_AVAL
  1 15091       9.58875627       0.01250000       8.08106251       7.00000000  THIL_AVAL
  1 15779       9.55605979       0.01250000       8.06443718       7.00000000  THIL_AVAL
  1 15092       9.58530343       0.01250000       8.07930683       7.00000000  THIL_AVAL
  1 15096       9.56587468       0.01250000       8.06942780       7.00000000  THIL_AVAL
  1 15095       9.57558982       0.01250000       8.07436771       7.00000000  THIL_AVAL
  1 15779       9.54190045       0.01250000       8.05723752       7.00000000  THIL_AVAL
  1 15762       9.52458599       0.01250000       8.04843355       7.00000000  THIL_AVAL
  1 15780       9.54383750       0.01250000       8.05822246       7.00000000  THIL_AVAL
  1 15761       9.53635404       0.01250000       8.05441731       7.00000000  THIL_AVAL
  1 15758       9.54000139       0.01250000       8.05627189       7.00000000  THIL_AVAL
  1 15762       9.51296910       0.01250000       8.04252666       7.00000000  THIL_AVAL
  1 15767       9.48005010       0.01250000       8.02578818       7.00000000  THIL_AVAL
  1 15760       9.51424665       0.01250000       8.04317626       7.00000000  THIL_AVAL
  1 15769       9.48980015       0.01250000       8.03074584       7.00000000  THIL_AVAL
  1 15771       9.51579774       0.01250000       8.04396495       7.00000000  THIL_AVAL
  1 15766       9.50111972       0.01250000       8.03650155       7.00000000  THIL_AVAL
  1 15772       9.49913970       0.01250000       8.03549476       7.00000000  THIL_AVAL
  1 15767       9.48099464       0.01250000       8.02626846       7.00000000  THIL_AVAL
  1 11492       9.46665346       0.01250000       8.01897633       7.00000000  THIL_AVAL
  1 15768       9.47918267       0.01250000       8.02534712       7.00000000  THIL_AVAL
  1 11449       9.46619576       0.01250000       8.01874361       7.00000000  THIL_AVAL
  1 11492       9.45299287       0.01250000       8.01203027       7.00000000  THIL_AVAL
  1 11488       9.43958126       0.01250000       8.00521081       7.00000000  THIL_AVAL
  1 11490       9.45067179       0.01250000       8.01085006       7.00000000  THIL_AVAL
  1 11485       9.43727400       0.01250000       8.00403763       7.00000000  THIL_AVAL
  1 11491       9.45512288       0.01250000       8.01311333       7.00000000  THIL_AVAL
  1 11488       9.42878998       0.01250000       7.99972372       7.00000000  THIL_AVAL
  1 11498       9.41539066       0.01250000       7.99291050       7.00000000  THIL_AVAL
  1 11489       9.42336250       0.01250000       7.99696398       7.00000000  THIL_AVAL
  1 11487       9.42610252       0.01250000       7.99835721       7.00000000  THIL_AVAL
  1 11498       9.40608640       0.01250000       7.98817953       7.00000000  THIL_AVAL
  1 11478       9.38537051       0.01250000       7.97764602       7.00000000  THIL_AVAL
  1 11476       9.40201320       0.01250000       7.98610841       7.00000000  THIL_AVAL
  1 11480       9.39187950       0.01250000       7.98095568       7.00000000  THIL_AVAL
  1 11477       9.40642862       0.01250000       7.98835353       7.00000000  THIL_AVAL
  1 11478       9.38330916       0.01250000       7.97659788       7.00000000  THIL_AVAL
  1 11644       9.36579443       0.01250000       7.96769208       7.00000000  THIL_AVAL
  1 11479       9.38109781       0.01250000       7.97547346       7.00000000  THIL_AVAL
  1 11473       9.37235406       0.01250000       7.97102749       7.00000000  THIL_AVAL
  1 11644       9.36228980       0.01250000       7.96591007       7.00000000  THIL_AVAL
  1 11558       9.33189406       0.01250000       7.95045460       7.00000000  THIL_AVAL
  1 11642       9.36084651       0.01250000       7.96517619       7.00000000  THIL_AVAL
  1 11555       9.33497629       0.01250000       7.95202184       7.00000000  THIL_AVAL
  1 11643       9.34914560       0.01250000       7.95922658       7.00000000  THIL_AVAL
  1 11557       9.35072547       0.01250000       7.96002990       7.00000000  THIL_AVAL
  1 11558       9.33050371       0.01250000       7.94974765       7.00000000  THIL_AVAL
  1 11553       9.31749456       0.01250000       7.94313283       7.00000000  THIL_AVAL
  1 11552       9.32434269       0.01250000       7.94661493       7.00000000  THIL_AVAL
  1 11553       9.31258615       0.01250000       7.94063703       7.00000000  THIL_AVAL
  1 11562       9.30327614       0.01250000       7.93590312       7.00000000  THIL_AVAL
  1 11551       9.31130438       0.01250000       7.93998528       7.00000000  THIL_AVAL
  1 11562       9.30381095       0.01250000       7.93617506       7.00000000  THIL_AVAL
  1 11563       9.29662942       0.01250000       7.93252344       7.00000000  THIL_AVAL
  1 11545       9.27399183       0.01250000       7.92101279       7.00000000  THIL_AVAL
  1 11566       9.28496189       0.01250000       7.92659079       7.00000000  THIL_AVAL
  1 11544       9.27800365       0.01250000       7.92305270       7.00000000  THIL_AVAL
  1 11545       9.27229303       0.01250000       7.92014900       7.00000000  THIL_AVAL
  1 11610       9.25783023       0.01250000       7.91279503       7.00000000  THIL_AVAL
  1 11588       9.26554771       0.01250000       7.91671918       7.00000000  THIL_AVAL
  1 11610       9.25699464       0.01250000       7.91237016       7.00000000  THIL_AVAL
  1 11614       9.24674930       0.01250000       7.90716066       7.00000000  THIL_AVAL
  1 11611       9.25793573       0.01250000       7.91284868       7.00000000  THIL_AVAL
  1 11614       9.23858103       0.01250000       7.90300730       7.00000000  THIL_AVAL
  1 11604       9.22735776       0.01250000       7.89730055       7.00000000  THIL_AVAL
  1 11615       9.23739133       0.01250000       7.90240237       7.00000000  THIL_AVAL
  1 11593       9.22807211       0.01250000       7.89766379       7.00000000  THIL_AVAL
  1 11604       9.21931647       0.01250000       7.89321177       7.00000000  THIL_AVAL
  1 11609       9.19593230       0.01250000       7.88132151       7.00000000  THIL_AVAL
  1 11605       9.21927773       0.01250000       7.89319206       7.00000000  THIL_AVAL
  1 11608       9.20954647       0.01250000       7.88824397       7.00000000  THIL_AVAL
  1 11609       9.19682850       0.01250000       7.88177721       7.00000000  THIL_AVAL
  1 12200       9.16922074       0.01250000       7.86773936       7.00000000  THIL_AVAL
  1 12196       9.19011925       0.01250000       7.87836572       7.00000000  THIL_AVAL
  1 12197       9.18050270       0.01250000       7.87347595       7.00000000  THIL_AVAL
  1 12200       9.16147371       0.01250000       7.86380019       7.00000000  THIL_AVAL
  1 12214       9.12792246       0.01250000       7.84674023       7.00000000  THIL_AVAL
  1 12201       9.15978451       0.01250000       7.86294127       7.00000000  THIL_AVAL
  1 12211       9.14186388       0.01250000       7.85382909       7.00000000  THIL_AVAL
  1 12199       9.15121801       0.01250000       7.85858543       7.00000000  THIL_AVAL
  1 12210       9.15157403       0.01250000       7.85876646       7.00000000  THIL_AVAL
  1 12214       9.13023701       0.01250000       7.84791712       7.00000000  THIL_AVAL
  1 12259       9.10003463       0.01250000       7.83255998       7.00000000  THIL_AVAL
  1 12215       9.12248270       0.01250000       7.84397425       7.00000000  THIL_AVAL
  1 12258       9.11287497       0.01250000       7.83908897       7.00000000  THIL_AVAL
  1 17744       7.52047862       0.10000000       6.15301156      12.00000000  JPT_SEUIL_AVAL
  1 12753       7.60251055       0.10000000       6.16507508      12.00000000  JPT_SEUIL_AVAL
  1 12756       7.17806687       0.20000000       6.10265689      12.00000000  JPT_SEUIL_AVAL
  1 17743       7.80014644       0.10000000       6.35801044      16.00000000  JPT_ECL_AVAL
  1 17744       7.70193780       0.10000000       6.33594108      16.00000000  JPT_ECL_AVAL
  1 12259       9.26794915       0.01250000       7.70914379      10.00000000  MOULINAT_AMONT
  1 12262       9.26027698       0.01250000       7.71137120      10.00000000  MOULINAT_AMONT
  1 12264       9.26098396       0.01250000       7.71116595      10.00000000  MOULINAT_AMONT
  1 12287       9.24550986       0.01250000       7.71565843      10.00000000  MOULINAT_AMONT
  1 12265       9.24977738       0.01250000       7.71441947      10.00000000  MOULINAT_AMONT
  1 12287       9.24756373       0.01250000       7.71506214      10.00000000  MOULINAT_AMONT
  1 12299       9.23360859       0.01250000       7.71911364      10.00000000  MOULINAT_AMONT
  1 12298       9.24366985       0.01250000       7.71619262      10.00000000  MOULINAT_AMONT
  1 12299       9.22725898       0.01250000       7.72095707      10.00000000  MOULINAT_AMONT
  1 12482       9.20729428       0.01250000       7.72675327      10.00000000  MOULINAT_AMONT
  1 12301       9.22608903       0.01250000       7.72129673      10.00000000  MOULINAT_AMONT
  1 12311       9.20825248       0.01250000       7.72647509      10.00000000  MOULINAT_AMONT
  1 12304       9.22711868       0.01250000       7.72099780      10.00000000  MOULINAT_AMONT
  1 12305       9.21771105       0.01250000       7.72372905      10.00000000  MOULINAT_AMONT
  1 12482       9.20540113       0.01250000       7.72730290      10.00000000  MOULINAT_AMONT
  1 12488       9.18924149       0.01250000       7.73199441      10.00000000  MOULINAT_AMONT
  1 12483       9.19936982       0.01250000       7.72905392      10.00000000  MOULINAT_AMONT
  1 12485       9.19385496       0.01250000       7.73065501      10.00000000  MOULINAT_AMONT
  1 12488       9.18822770       0.01250000       7.73228873      10.00000000  MOULINAT_AMONT
  1 12550       9.14980013       0.01250000       7.74344512      10.00000000  MOULINAT_AMONT
  1 12489       9.17930408       0.01250000       7.73487946      10.00000000  MOULINAT_AMONT
  1 12544       9.15190469       0.01250000       7.74283412      10.00000000  MOULINAT_AMONT
  1 12527       9.18146870       0.01250000       7.73425102      10.00000000  MOULINAT_AMONT
  1 12541       9.16488316       0.01250000       7.73906618      10.00000000  MOULINAT_AMONT
  1 12538       9.17251090       0.01250000       7.73685167      10.00000000  MOULINAT_AMONT
  1 12540       9.16501958       0.01250000       7.73902657      10.00000000  MOULINAT_AMONT
  1 12550       9.15210456       0.01250000       7.74277610      10.00000000  MOULINAT_AMONT
  1 12594       9.12547721       0.02500000       7.75050662      10.00000000  MOULINAT_AMONT
  1 12551       9.14431391       0.01250000       7.74503790      10.00000000  MOULINAT_AMONT
  1 12588       9.13656976       0.02500000       7.74728620      10.00000000  MOULINAT_AMONT
  1 12553       9.13835005       0.01250000       7.74676934      10.00000000  MOULINAT_AMONT
  1 12594       9.12145193       0.02500000       7.75167525      10.00000000  MOULINAT_AMONT
  1 12597       9.09974232       0.02500000       7.75797804      10.00000000  MOULINAT_AMONT
  1 12595       9.12043414       0.02500000       7.75197073      10.00000000  MOULINAT_AMONT
  1 12597       9.09472419       0.02500000       7.75943491      10.00000000  MOULINAT_AMONT
  1 17605       9.05629508       0.02500000       7.77059175      10.00000000  MOULINAT_AMONT
  1 12600       9.10281017       0.02500000       7.75708737      10.00000000  MOULINAT_AMONT
  1 17603       9.05248999       0.02500000       7.77169646      10.00000000  MOULINAT_AMONT
  1 17095       9.07537814       0.02500000       7.76505151      10.00000000  MOULINAT_AMONT
  1 17096       9.08305916       0.02500000       7.76282154      10.00000000  MOULINAT_AMONT
  1 17605       9.04703918       0.02500000       7.77327895      10.00000000  MOULINAT_AMONT
  1 17612       9.03419714       0.02500000       7.77700728      10.00000000  MOULINAT_AMONT
  1 17606       9.03085829       0.02500000       7.77797663      10.00000000  MOULINAT_AMONT
  1 17612       9.02606097       0.02500000       7.77936940      10.00000000  MOULINAT_AMONT
  1 17617       9.01107463       0.02500000       7.78372027      10.00000000  MOULINAT_AMONT
  1 17615       9.00885459       0.02500000       7.78436480      10.00000000  MOULINAT_AMONT
  1 17617       9.00837849       0.02500000       7.78450302      10.00000000  MOULINAT_AMONT
  1 17634       8.98721150       0.02500000       7.79064828      10.00000000  MOULINAT_AMONT
  1 17618       8.98770053       0.02500000       7.79050630      10.00000000  MOULINAT_AMONT
  1 17634       8.99081118       0.02500000       7.78960320      10.00000000  MOULINAT_AMONT
  1 17647       8.96248762       0.02500000       7.79782617      10.00000000  MOULINAT_AMONT
  1 17645       8.96868984       0.02500000       7.79602553      10.00000000  MOULINAT_AMONT
  1 17647       8.96588529       0.02500000       7.79683975      10.00000000  MOULINAT_AMONT
  1 17775       3.67184876       0.20000000       2.31412802      11.00000000  NOIR_AVAL
  1 17776       3.71786412       0.20000000       2.34186330      11.00000000  NOIR_AVAL
  1 17779       3.58448561       0.20000000       2.26147078      11.00000000  NOIR_AVAL
  1 12780       3.40840263       0.20000000       2.15533857      11.00000000  NOIR_AVAL
  1 12781       3.41754044       0.20000000       2.16084629      11.00000000  NOIR_AVAL
  1 12784       3.25105951       0.20000000       2.06050163      11.00000000  NOIR_AVAL
  1 12785       3.10062741       0.20000000       1.96983022      11.00000000  NOIR_AVAL
  1 12783       2.96299101       0.20000000       1.88687129      11.00000000  NOIR_AVAL
  1 12756       7.51432512       0.20000000       6.10795030       8.00000000  BLANC_AMONT
  1 12757       7.38947533       0.20000000       6.09251942       8.00000000  BLANC_AMONT
  1 12760       7.25091872       0.20000000       6.07539445       8.00000000  BLANC_AMONT
  1 12761       7.12521963       0.20000000       6.05985861       8.00000000  BLANC_AMONT
  1 12764       6.98619905       0.20000000       6.04267629       8.00000000  BLANC_AMONT
  1 12765       6.83634517       0.20000000       6.02415502       8.00000000  BLANC_AMONT
  1 12768       6.61905904       0.20000000       5.99729943       8.00000000  BLANC_AMONT
  1 12756       7.50866701       0.20000000       6.15060377       2.00000000  MAJOLAN
  1 12757       7.34235346       0.20000000       6.00714848       2.00000000  MAJOLAN
  1 12755       7.36029706       0.20000000       6.02262590       2.00000000  MAJOLAN
  1 12758       7.26917621       0.20000000       5.94402877       2.00000000  MAJOLAN
  1 7759       7.11496094       0.20000000       5.81100896       2.00000000  MAJOLAN
  1 7758       7.12198190       0.20000000       5.81706496       2.00000000  MAJOLAN
  1 7759       7.16599854       0.20000000       5.85503192       2.00000000  MAJOLAN
  1 7762       7.05791889       0.20000000       5.76180682       2.00000000  MAJOLAN
  1 7761       6.89656338       0.20000000       5.62262813       2.00000000  MAJOLAN
  1 7763       6.91952963       0.20000000       5.64243788       2.00000000  MAJOLAN
  1 7761       6.91469134       0.20000000       5.63826456       2.00000000  MAJOLAN
  1 7764       6.82612675       0.20000000       5.56187236       2.00000000  MAJOLAN
  1 7766       6.82051720       0.20000000       5.55703379       2.00000000  MAJOLAN
  1 7767       6.76372691       0.20000000       5.50804881       2.00000000  MAJOLAN
  1 7768       6.63156675       0.20000000       5.39405283       2.00000000  MAJOLAN
  1 7770       6.62357627       0.20000000       5.38716057       2.00000000  MAJOLAN
  1 7768       6.64173665       0.20000000       5.40282498       2.00000000  MAJOLAN
  1 7769       6.57600630       0.20000000       5.34612866       2.00000000  MAJOLAN
  1 7774       6.43020905       0.20000000       5.22036989       2.00000000  MAJOLAN
  1 7772       6.43488058       0.20000000       5.22439937       2.00000000  MAJOLAN
  1 7774       6.41911503       0.20000000       5.21080064       2.00000000  MAJOLAN
  1 7772       6.38877669       0.20000000       5.18463203       2.00000000  MAJOLAN
  1 7773       6.36229000       0.20000000       5.16178569       2.00000000  MAJOLAN
  1 7769       7.45780389       0.20000000       6.10673132       2.00000000  MAJOLAN
  1 7771       7.48482407       0.20000000       6.13003783       2.00000000  MAJOLAN
  1 7774       7.36037418       0.20000000       6.02269242       2.00000000  MAJOLAN
  1 12774       7.30930415       0.20000000       5.97864149       2.00000000  MAJOLAN
  1 12775       7.26261244       0.20000000       5.93836713       2.00000000  MAJOLAN
  1 7775       7.18584851       0.20000000       5.87215369       2.00000000  MAJOLAN
  1 7773       7.05166501       0.20000000       5.75641248       2.00000000  MAJOLAN
  1 7773       7.46803235       0.20000000       6.11555397       2.00000000  MAJOLAN
  1 7776       7.46140632       0.20000000       6.10983863       2.00000000  MAJOLAN
  1 7777       7.36885659       0.20000000       6.03000901       2.00000000  MAJOLAN
  1 7780       7.26693355       0.20000000       5.94209434       2.00000000  MAJOLAN
  1 7781       7.17314319       0.20000000       5.86119460       2.00000000  MAJOLAN
  1 7784       7.06464711       0.20000000       5.76761030       2.00000000  MAJOLAN
  1 17864      11.74477269       0.02500000      10.25404955      14.00000000  THIL_AMONT
  1 17993      11.74309677       0.02500000      10.25262756      14.00000000  THIL_AMONT
  1 17992      11.70238834       0.02500000      10.21808708      14.00000000  THIL_AMONT
  1 17994      11.70662084       0.02500000      10.22167829      14.00000000  THIL_AMONT
  1 17992      11.71371119       0.02500000      10.22769434      14.00000000  THIL_AMONT
  1 17989      11.67118884       0.02500000      10.19161477      14.00000000  THIL_AMONT
  1 17995      11.68311135       0.02500000      10.20173084      14.00000000  THIL_AMONT
  1 17989      11.67278092       0.02500000      10.19296563      14.00000000  THIL_AMONT
  1 17990      11.66581878       0.02500000      10.18705836      14.00000000  THIL_AMONT
  1 18004      11.64402097       0.02500000      10.16856324      14.00000000  THIL_AMONT
  1 18027      11.60451493       0.01250000      10.13504297      14.00000000  THIL_AMONT
  1 18025      11.61761639       0.02500000      10.14615936      14.00000000  THIL_AMONT
  1 18026      11.61853154       0.01250000      10.14693585      14.00000000  THIL_AMONT
  1 18027      11.59995674       0.01250000      10.13117542      14.00000000  THIL_AMONT
  1 18037      11.59012687       0.01250000      10.12283492      14.00000000  THIL_AMONT
  1 18035      11.59236576       0.01250000      10.12473458      14.00000000  THIL_AMONT
  1 18037      11.58636995       0.01250000      10.11964723      14.00000000  THIL_AMONT
  1 18189      11.54577855       0.01250000      10.08520605      14.00000000  THIL_AMONT
  1 18035      11.58355430       0.01250000      10.11725819      14.00000000  THIL_AMONT
  1 18024      11.56284226       0.01250000      10.09968434      14.00000000  THIL_AMONT
  1 18036      11.58563032       0.01250000      10.11901967      14.00000000  THIL_AMONT
  1 18023      11.56053847       0.01250000      10.09772961      14.00000000  THIL_AMONT
  1 18039      11.57310521       0.01250000      10.10839230      14.00000000  THIL_AMONT
  1 18189      11.55087064       0.01250000      10.08952661      14.00000000  THIL_AMONT
  1 18191      11.52742009       0.01250000      10.06962917      14.00000000  THIL_AMONT
  1 18187      11.53570581       0.01250000      10.07665948      14.00000000  THIL_AMONT
  1 18188      11.54019175       0.01250000      10.08046572      14.00000000  THIL_AMONT
  1 18191      11.51722571       0.01250000      10.06097939      14.00000000  THIL_AMONT
  1 18204      11.49266899       0.01250000      10.04014338      14.00000000  THIL_AMONT
  1 18192      11.51777268       0.01250000      10.06144349      14.00000000  THIL_AMONT
  1 18203      11.50756809       0.01250000      10.05278505      14.00000000  THIL_AMONT
  1 18204      11.49617079       0.01250000      10.04311461      14.00000000  THIL_AMONT
  1 18207      11.48714096       0.01250000      10.03545294      14.00000000  THIL_AMONT
  1 18245      11.46425575       0.01250000      10.01603518      14.00000000  THIL_AMONT
  1 18208      11.47175163       0.01250000      10.02239532      14.00000000  THIL_AMONT
  1 18202      11.47671636       0.01250000      10.02660782      14.00000000  THIL_AMONT
  1 18245      11.45801993       0.01250000      10.01074418      14.00000000  THIL_AMONT
  1 18246      11.45628882       0.01250000      10.00927536      14.00000000  THIL_AMONT
  1 18248      11.43326687       0.01250000       9.98974158      14.00000000  THIL_AMONT
  1 18249      11.44515317       0.01250000       9.99982693      14.00000000  THIL_AMONT
  1 18247      11.43172883       0.01250000       9.98843658      14.00000000  THIL_AMONT
  1 18248      11.42248103       0.01250000       9.98058996      14.00000000  THIL_AMONT
  1 18174      11.40665779       0.01250000       9.96716419      14.00000000  THIL_AMONT
  1 18259      11.42231694       0.01250000       9.98045073      14.00000000  THIL_AMONT
  1 18173      11.41001388       0.01250000       9.97001178      14.00000000  THIL_AMONT
  1 18174      11.41005306       0.01250000       9.97004502      14.00000000  THIL_AMONT
  1 18172      11.39971663       0.01250000       9.96127472      14.00000000  THIL_AMONT
  1 18166      11.38603596       0.01250000       9.94966687      14.00000000  THIL_AMONT
  1 18167      11.37606893       0.01250000       9.94121000      14.00000000  THIL_AMONT
  1 18169      11.38179575       0.01250000       9.94606912      14.00000000  THIL_AMONT
  1 18167      11.37037192       0.01250000       9.93637617      14.00000000  THIL_AMONT
  1 18146      11.35865542       0.01250000       9.92643490      14.00000000  THIL_AMONT
  1 18145      11.36264337       0.01250000       9.92981862      14.00000000  THIL_AMONT
  1 18146      11.36040775       0.01250000       9.92792173      14.00000000  THIL_AMONT
  1 18707      11.34158804       0.01250000       9.91195349      14.00000000  THIL_AMONT
  1 18709      11.34785366       0.01250000       9.91726977      14.00000000  THIL_AMONT
  1 18707      11.34457472       0.01250000       9.91448764      14.00000000  THIL_AMONT
  1 18708      11.33981653       0.01250000       9.91045039      14.00000000  THIL_AMONT
  1 18702      11.32953684       0.01250000       9.90172822      14.00000000  THIL_AMONT
  1 14381      11.30113012       0.01250000       9.87762556      14.00000000  THIL_AMONT
  1 18700      11.31327113       0.01250000       9.88792702      14.00000000  THIL_AMONT
  1 18699      11.31657538       0.01250000       9.89073062      14.00000000  THIL_AMONT
  1 14381      11.30391353       0.01250000       9.87998723      14.00000000  THIL_AMONT
  1 13696      11.29126474       0.01250000       9.86925493      14.00000000  THIL_AMONT
  1 13698      11.29302482       0.01250000       9.87074834      14.00000000  THIL_AMONT
  1 13696      11.28670329       0.01250000       9.86538461      14.00000000  THIL_AMONT
  1 13690      11.28285616       0.01250000       9.86212038      14.00000000  THIL_AMONT
  1 13688      11.27258830       0.01250000       9.85340826      14.00000000  THIL_AMONT
  1 13666      11.26135224       0.01250000       9.84387463      14.00000000  THIL_AMONT
  1 14349      11.25216199       0.01250000       9.83607684      14.00000000  THIL_AMONT
  1 14351      11.22589171       0.01250000       9.81378690      14.00000000  THIL_AMONT
  1 14350      11.23774740       0.01250000       9.82384628      14.00000000  THIL_AMONT
  1 14348      11.23563627       0.01250000       9.82205502      14.00000000  THIL_AMONT
  1 14351      11.22880369       0.01250000       9.81625768      14.00000000  THIL_AMONT
  1 14343      11.20578786       0.01250000       9.79672909      14.00000000  THIL_AMONT
  1 14345      11.22110739       0.01250000       9.80972748      14.00000000  THIL_AMONT
  1 14343      11.21013746       0.01250000       9.80041966      14.00000000  THIL_AMONT
  1 14252      11.18773758       0.01250000       9.78141370      14.00000000  THIL_AMONT
  1 14257      11.19752704       0.01250000       9.78971991      14.00000000  THIL_AMONT
  1 14254      11.19238393       0.01250000       9.78535606      14.00000000  THIL_AMONT
  1 14252      11.17919797       0.01250000       9.77416797      14.00000000  THIL_AMONT
  1 14243      11.16091462       0.01250000       9.75865483      14.00000000  THIL_AMONT
  1 14246      11.17897224       0.01250000       9.77397645      14.00000000  THIL_AMONT
  1 14244      11.16493318       0.01250000       9.76206452      14.00000000  THIL_AMONT
  1 14243      11.15276727       0.01250000       9.75174193      14.00000000  THIL_AMONT
  1 14219      11.14567427       0.01250000       9.74572362      14.00000000  THIL_AMONT
  1 14221      11.15722137       0.01250000       9.75552116      14.00000000  THIL_AMONT
  1 14219      11.13187440       0.01250000       9.73401465      14.00000000  THIL_AMONT
  1 13306      11.11115705       0.01250000       9.71643629      14.00000000  THIL_AMONT
  1 14213      11.13071271       0.01250000       9.73302897      14.00000000  THIL_AMONT
  1 13528      11.12466262       0.01250000       9.72789555      14.00000000  THIL_AMONT
  1 13530      11.13315447       0.01250000       9.73510076      14.00000000  THIL_AMONT
  1 13306      11.10655029       0.01250000       9.71252752      14.00000000  THIL_AMONT
  1 13859      11.08075310       0.01250000       9.69063899      14.00000000  THIL_AMONT
  1 13304      11.10335136       0.01250000       9.70981327      14.00000000  THIL_AMONT
  1 13861      11.07730803       0.01250000       9.68771590      14.00000000  THIL_AMONT
  1 13298      11.09260552       0.01250000       9.70069559      14.00000000  THIL_AMONT
  1 13859      11.07063546       0.01250000       9.68205433      14.00000000  THIL_AMONT
  1 13272      11.05645149       0.01250000       9.67001944      14.00000000  THIL_AMONT
  1 13837      11.06660179       0.01250000       9.67863182      14.00000000  THIL_AMONT
  1 13274      11.06990685       0.01250000       9.68143611      14.00000000  THIL_AMONT
  1 13272      11.05316479       0.01250000       9.66723073      14.00000000  THIL_AMONT
  1 13263      11.03366261       0.01250000       9.65068342      14.00000000  THIL_AMONT
  1 13266      11.04319328       0.01250000       9.65877006      14.00000000  THIL_AMONT
  1 13265      11.04758452       0.01250000       9.66249596      14.00000000  THIL_AMONT
  1 13263      11.03176333       0.01250000       9.64907191      14.00000000  THIL_AMONT
  1 13175      11.01157661       0.01250000       9.63194379      14.00000000  THIL_AMONT
  1 13177      11.02649939       0.01250000       9.64460555      14.00000000  THIL_AMONT
  1 13175      11.01512822       0.01250000       9.63495728      14.00000000  THIL_AMONT
  1 13169      11.00312803       0.01250000       9.62477530      14.00000000  THIL_AMONT
  1 13168      10.99202667       0.01250000       9.61535596      14.00000000  THIL_AMONT
  1 13170      10.99834698       0.01250000       9.62071865      14.00000000  THIL_AMONT
  1 13168      10.98935796       0.01250000       9.61309161      14.00000000  THIL_AMONT
  1 13731      10.98354951       0.01250000       9.60816322      14.00000000  THIL_AMONT
  1 13732      10.97378332       0.01250000       9.59987675      14.00000000  THIL_AMONT
  1 13737      10.95472360       0.01250000       9.58370487      14.00000000  THIL_AMONT
  1 13735      10.95849399       0.01250000       9.58690399      14.00000000  THIL_AMONT
  1 13737      10.95070136       0.01250000       9.58029206      14.00000000  THIL_AMONT
  1 13744      10.93649331       0.01250000       9.56823675      14.00000000  THIL_AMONT
  1 13738      10.94821675       0.01250000       9.57818391      14.00000000  THIL_AMONT
  1 13744      10.93591859       0.01250000       9.56774910      14.00000000  THIL_AMONT
  1 13757      10.92119214       0.01250000       9.55525394      14.00000000  THIL_AMONT
  1 13755      10.93575939       0.01250000       9.56761403      14.00000000  THIL_AMONT
  1 13757      10.92156359       0.01250000       9.55556911      14.00000000  THIL_AMONT
  1 13758      10.92328612       0.01250000       9.55703065      14.00000000  THIL_AMONT
  1 13847      10.90759963       0.01250000       9.54372090      14.00000000  THIL_AMONT
  1 13844      10.90426886       0.01250000       9.54089479      14.00000000  THIL_AMONT
  1 13847      10.89904411       0.01250000       9.53646167      14.00000000  THIL_AMONT
  1 13891      10.88365151       0.01250000       9.52340128      14.00000000  THIL_AMONT
  1 13848      10.89819509       0.01250000       9.53574129      14.00000000  THIL_AMONT
  1 13891      10.88170039       0.01250000       9.52174579      14.00000000  THIL_AMONT
  1 13907      10.84353932       0.01250000       9.48936670      14.00000000  THIL_AMONT
  1 13892      10.87652871       0.01250000       9.51735769      14.00000000  THIL_AMONT
  1 13896      10.85611137       0.01250000       9.50003389      14.00000000  THIL_AMONT
  1 13895      10.86632820       0.01250000       9.50870272      14.00000000  THIL_AMONT
  1 13907      10.83776761       0.01250000       9.48446949      14.00000000  THIL_AMONT
  1 14002      10.76770700       0.01250000       9.42502412      14.00000000  THIL_AMONT
  1 13908      10.83571036       0.01250000       9.48272394      14.00000000  THIL_AMONT
  1 14001      10.78328328       0.01250000       9.43824036      14.00000000  THIL_AMONT
  1 13911      10.82523229       0.01250000       9.47383346      14.00000000  THIL_AMONT
  1 13998      10.79377768       0.01250000       9.44714469      14.00000000  THIL_AMONT
  1 13912      10.81473790       0.01250000       9.46492912      14.00000000  THIL_AMONT
  1 13997      10.79994533       0.01250000       9.45237785      14.00000000  THIL_AMONT
  1 14083      10.80045148       0.01250000       9.45280731      14.00000000  THIL_AMONT
  1 14002      10.77229498       0.01250000       9.42891695      14.00000000  THIL_AMONT
  1 14063      10.69642592       0.01250000       9.36454321      14.00000000  THIL_AMONT
  1 14013      10.76238020       0.01250000       9.42050442      14.00000000  THIL_AMONT
  1 14060      10.71065111       0.01250000       9.37661307      14.00000000  THIL_AMONT
  1 14014      10.74746926       0.01250000       9.40785271      14.00000000  THIL_AMONT
  1 14059      10.72099040       0.01250000       9.38538580      14.00000000  THIL_AMONT
  1 14012      10.75022858       0.01250000       9.41019395      14.00000000  THIL_AMONT
  1 14016      10.73134602       0.01250000       9.39417238      14.00000000  THIL_AMONT
  1 14015      10.74168530       0.01250000       9.40294511      14.00000000  THIL_AMONT
  1 14063      10.69638918       0.01250000       9.36451204      14.00000000  THIL_AMONT
  1 14070      10.66549378       0.01250000       9.33829775      14.00000000  THIL_AMONT
  1 14064      10.68521312       0.01250000       9.35502931      14.00000000  THIL_AMONT
  1 14069      10.67960876       0.01250000       9.35027410      14.00000000  THIL_AMONT
  1 14058      10.68865411       0.01250000       9.35794894      14.00000000  THIL_AMONT
  1 14070      10.66518764       0.01250000       9.33803800      14.00000000  THIL_AMONT
  1 14072      10.63955780       0.01250000       9.31629147      14.00000000  THIL_AMONT
  1 14073      10.65884039       0.01250000       9.33265245      14.00000000  THIL_AMONT
  1 14074      10.64471316       0.01250000       9.32066571      14.00000000  THIL_AMONT
  1 14072      10.64129666       0.01250000       9.31776687      14.00000000  THIL_AMONT
  1 14734      10.61700567       0.01250000       9.29715632      14.00000000  THIL_AMONT
  1 14755      10.63746382       0.01250000       9.31451476      14.00000000  THIL_AMONT
  1 14756      10.62284677       0.01250000       9.30211241      14.00000000  THIL_AMONT
  1 14734      10.61468718       0.01250000       9.29518913      14.00000000  THIL_AMONT
  1 14736      10.59701692       0.01250000       9.28019618      14.00000000  THIL_AMONT
  1 14737      10.61414022       0.01250000       9.29472503      14.00000000  THIL_AMONT
  1 14735      10.59847414       0.01250000       9.28143260      14.00000000  THIL_AMONT
  1 14736      10.59952725       0.01250000       9.28232615      14.00000000  THIL_AMONT
  1 14741      10.58682458       0.01250000       9.27154813      14.00000000  THIL_AMONT
  1 14747      10.58264070       0.01250000       9.26799817      14.00000000  THIL_AMONT
  1 14741      10.57353004       0.01250000       9.26026792      14.00000000  THIL_AMONT
  1 14743      10.56226010       0.01250000       9.25070554      14.00000000  THIL_AMONT
  1 14742      10.57475051       0.01250000       9.26130347      14.00000000  THIL_AMONT
  1 14740      10.55897014       0.01250000       9.24791406      14.00000000  THIL_AMONT
  1 14743      10.55390458       0.01250000       9.24361601      14.00000000  THIL_AMONT
  1 14787      10.54212849       0.01250000       9.23362417      14.00000000  THIL_AMONT
  1 14744      10.55353314       0.01250000       9.24330084      14.00000000  THIL_AMONT
  1 14787      10.52972380       0.01250000       9.22309898      14.00000000  THIL_AMONT
  1 10472      10.51984576       0.01250000       9.21471761      14.00000000  THIL_AMONT
  1 14788      10.53239740       0.01250000       9.22536749      14.00000000  THIL_AMONT
  1 14791      10.51682520       0.01250000       9.21215471      14.00000000  THIL_AMONT
  1 10472      10.51227395       0.01250000       9.20829305      14.00000000  THIL_AMONT
  1 14804      10.48691351       0.01250000       9.18677510      14.00000000  THIL_AMONT
  1 10473      10.50796762       0.01250000       9.20463919      14.00000000  THIL_AMONT
  1 14803      10.50118361       0.01250000       9.19888306      14.00000000  THIL_AMONT
  1 14792      10.50677164       0.01250000       9.20362442      14.00000000  THIL_AMONT
  1 14804      10.48710944       0.01250000       9.18694135      14.00000000  THIL_AMONT
  1 14810      10.46760236       0.01250000       9.17038988      14.00000000  THIL_AMONT
  1 14807      10.48031319       0.01250000       9.18117483      14.00000000  THIL_AMONT
  1 14808      10.46402259       0.01250000       9.16735250      14.00000000  THIL_AMONT
  1 14810      10.45842639       0.01250000       9.16260421      14.00000000  THIL_AMONT
  1 14985      10.43182507       0.01250000       9.14003340      14.00000000  THIL_AMONT
  1 14981      10.45853252       0.01250000       9.16269426      14.00000000  THIL_AMONT
  1 14982      10.44783811       0.01250000       9.15362022      14.00000000  THIL_AMONT
  1 14985      10.43195161       0.01250000       9.14014076      14.00000000  THIL_AMONT
  1 14991      10.43660898       0.01250000       9.14409247      14.00000000  THIL_AMONT
  1 17670       8.29086762       0.05000000       6.99726487       3.00000000  JPT_ECL_AMONT
  1 17741       8.28855738       0.10000000       7.01015354       3.00000000  JPT_ECL_AMONT
  1 17742       8.25139242       0.10000000       7.21749491       3.00000000  JPT_ECL_AMONT
  1 17740       8.23093016       0.10000000       7.33165281       3.00000000  JPT_ECL_AMONT
  1 17743       8.22582516       0.10000000       7.36013332       3.00000000  JPT_ECL_AMONT
  1 17647       8.85985604       0.02500000       7.14325496       1.00000000  MOULINAT_AVAL
  1 17650       8.80441365       0.02500000       7.13599464       1.00000000  MOULINAT_AVAL
  1 17651       8.79083920       0.02500000       7.13421704       1.00000000  MOULINAT_AVAL
  1 17654       8.73787011       0.05000000       7.12728061       1.00000000  MOULINAT_AVAL
  1 17665       8.58180489       0.05000000       7.10684350       1.00000000  MOULINAT_AVAL
  1 17666       8.42650309       0.05000000       7.08650636       1.00000000  MOULINAT_AVAL
  1 17669       8.25748004       0.05000000       7.06437239       1.00000000  MOULINAT_AVAL
  1 17670       8.03595603       0.05000000       7.03536329       1.00000000  MOULINAT_AVAL
