1 22789 14.54655383 0.12278821035999998 13.65685412 18.0 GAJAC
1 22787 14.52503688 0.12278821035999998 13.64002884 18.0 GAJAC
1 22788 14.448175699999998 0.12278821035999998 13.57992687 18.0 GAJAC
1 22791 14.32692211 0.12278821035999998 13.48511202 18.0 GAJAC
1 17793 14.26664591 0.12278821035999998 13.43797876 18.0 GAJAC
1 17794 14.13859066 0.12278821035999998 13.33784533 18.0 GAJAC
1 17792 14.128943 0.12278821035999998 13.33030129 18.0 GAJAC
1 17795 14.0093124 0.12278821035999998 13.23675556 18.0 GAJAC
1 12797 13.98396679 0.12278821035999998 13.21693643 18.0 GAJAC
1 12798 13.88849846 0.12278821035999998 13.14228451 18.0 GAJAC
1 12807 13.74732153 0.06139410517999999 13.03189052 18.0 GAJAC
1 12810 13.67815083 0.06139410517999999 12.97780215 18.0 GAJAC
1 12809 13.694808199999999 0.06139410517999999 12.99082746 18.0 GAJAC
1 12810 13.67466785 0.06139410517999999 12.97507862 18.0 GAJAC
1 17800 13.63216071 0.06139410517999999 12.94183996 18.0 GAJAC
1 17803 13.59259146 0.06139410517999999 12.91089858 18.0 GAJAC
1 17805 13.53545377 0.06139410517999999 12.86621949 18.0 GAJAC
1 17806 13.50860339 0.06139410517999999 12.8452237 18.0 GAJAC
1 17820 13.43161966 0.06139410517999999 12.7850259 18.0 GAJAC
1 17821 13.36044259 0.030697052589999996 12.72936865 18.0 GAJAC
1 17824 13.32799795 0.030697052589999996 12.7039984 18.0 GAJAC
1 17822 13.32254957 0.030697052589999996 12.69973801 18.0 GAJAC
1 17824 13.30786272 0.030697052589999996 12.68825356 18.0 GAJAC
1 17847 13.30865861 0.030697052589999996 12.68887591 18.0 GAJAC
1 17848 13.28104561 0.030697052589999996 12.66728378 18.0 GAJAC
1 17859 13.24853187 0.015348526294999998 12.64185951 18.0 GAJAC
1 17860 13.23552637 0.015348526294999998 12.6316898 18.0 GAJAC
1 17883 13.21308793 0.015348526294999998 12.61414394 18.0 GAJAC
1 17863 13.21878711 0.015348526294999998 12.61860044 18.0 GAJAC
1 17883 13.20550523 0.015348526294999998 12.60821461 18.0 GAJAC
1 17864 13.20275928 0.015348526294999998 12.60606741 18.0 GAJAC
1 17884 13.20416936 0.015348526294999998 12.60717003 18.0 GAJAC
1 12732 7.45517056 0.04568046112149999 6.17831887 15.0 BUSSAGUET_AVAL
1 17656 7.47342003 0.04568046112149999 6.29803538 15.0 BUSSAGUET_AVAL
1 17655 7.46586563 0.04568046112149999 6.2484785 15.0 BUSSAGUET_AVAL
1 17656 7.475989500000001 0.04568046112149999 6.31489111 15.0 BUSSAGUET_AVAL
1 17658 7.48967339 0.04568046112149999 6.40465745 15.0 BUSSAGUET_AVAL
1 17667 7.53098391 0.04568046112149999 6.67565448 15.0 BUSSAGUET_AVAL
1 17661 7.52488843 0.04568046112149999 6.63566809 15.0 BUSSAGUET_AVAL
1 17667 7.53638284 0.04568046112149999 6.71107146 15.0 BUSSAGUET_AVAL
1 17670 7.57412013 0.04568046112149999 6.95862802 15.0 BUSSAGUET_AVAL
1 17669 7.5667883 0.04568046112149999 6.91053127 15.0 BUSSAGUET_AVAL
1 26629 22.88671118 0.020113477882000002 21.75671118 5.0 HAILLAN4
1 26601 22.28878519 0.020113477882000002 21.15878519 5.0 HAILLAN4
1 26602 22.00607306 0.020113477882000002 20.87607306 5.0 HAILLAN4
1 26601 21.91517972 0.020113477882000002 20.78517972 5.0 HAILLAN4
1 26599 21.77960563 0.020113477882000002 20.64960563 5.0 HAILLAN4
1 26600 21.70812273 0.020113477882000002 20.57812273 5.0 HAILLAN4
1 26562 21.32561713 0.020113477882000002 20.19561713 5.0 HAILLAN4
1 26565 21.22233584 0.020113477882000002 20.09233584 5.0 HAILLAN4
1 26563 20.82138069 0.020113477882000002 19.69138069 5.0 HAILLAN4
1 26564 20.4452843 0.020113477882000002 19.3152843 5.0 HAILLAN4
1 26516 20.43911553 0.020113477882000002 19.30911553 5.0 HAILLAN4
1 26519 19.87070685 0.020113477882000002 18.74070685 5.0 HAILLAN4
1 26517 19.7379929 0.020113477882000002 18.607992899999996 5.0 HAILLAN4
1 26519 19.74808806 0.020113477882000002 18.61808806 5.0 HAILLAN4
1 26517 19.89639952 0.020113477882000002 18.76639952 5.0 HAILLAN4
1 26457 19.51318879 0.020113477882000002 18.38318879 5.0 HAILLAN4
1 26458 18.88437126 0.020113477882000002 17.75437126 5.0 HAILLAN4
1 26611 21.38634217 0.020158777786 20.36195296 17.0 HAILLAN5
1 26573 21.16836997 0.020158777786 20.13501071 17.0 HAILLAN5
1 26571 20.80777912 0.020158777786 19.75958073 17.0 HAILLAN5
1 26523 20.19754375 0.020158777786 19.12423279 17.0 HAILLAN5
1 26520 20.27885751 0.020158777786 19.2088928 17.0 HAILLAN5
1 26518 20.03569561 0.020158777786 18.95572423 17.0 HAILLAN5
1 26458 19.52641483 0.020158777786 18.4254854 17.0 HAILLAN5
1 26550 22.11678048 0.01789990728560001 21.12158962 6.0 HAILLAN2
1 26553 21.98416276 0.01789990728560001 20.98351057 6.0 HAILLAN2
1 26552 21.38851568 0.01789990728560001 20.36333412 6.0 HAILLAN2
1 26554 21.33897367 0.01789990728560001 20.31175192 6.0 HAILLAN2
1 26552 21.32106572 0.01789990728560001 20.2931065 6.0 HAILLAN2
1 26507 20.78356496 0.01789990728560001 19.733470899999997 6.0 HAILLAN2
1 26555 20.94904995 0.01789990728560001 19.90577073 6.0 HAILLAN2
1 26507 20.54693694 0.01789990728560001 19.48709829 6.0 HAILLAN2
1 26508 20.58152902 0.01789990728560001 19.52311491 6.0 HAILLAN2
1 26506 20.21366032 0.01789990728560001 19.14009699 6.0 HAILLAN2
1 26509 19.72282719 0.01789990728560001 18.62905085 6.0 HAILLAN2
1 26449 19.75861114 0.01789990728560001 18.66630841 6.0 HAILLAN2
1 26447 19.09196954 0.01789990728560001 17.97221382 6.0 HAILLAN2
1 26448 19.01145332 0.01789990728560001 17.88838185 6.0 HAILLAN2
1 26380 18.73175203 0.01789990728560001 17.59716218 6.0 HAILLAN2
1 26378 18.18186178 0.01789990728560001 17.02462687 6.0 HAILLAN2
1 26381 17.77349057 0.01789990728560001 16.59943851 6.0 HAILLAN2
1 26289 17.56273471 0.01789990728560001 16.38000351 6.0 HAILLAN2
1 26381 17.62905767 0.01789990728560001 16.44905771 6.0 HAILLAN2
1 26289 17.55355139 0.01789990728560001 16.370442 6.0 HAILLAN2
1 26284 17.03460432 0.008949953642800004 15.83012416 6.0 HAILLAN2
1 26285 16.73998601 0.008949953642800004 15.52337316 6.0 HAILLAN2
1 26287 16.75682994 0.008949953642800004 15.54091074 6.0 HAILLAN2
1 26285 16.82073722 0.008949953642800004 15.60744979 6.0 HAILLAN2
1 26090 16.62425922 0.008949953642800004 15.40288062 6.0 HAILLAN2
1 26088 16.37277527 0.008949953642800004 15.141040300000002 6.0 HAILLAN2
1 26085 16.3530833 0.008949953642800004 15.12053739 6.0 HAILLAN2
1 26067 16.1488413 0.004474976821400002 14.90788449 6.0 HAILLAN2
1 26065 16.05134956 0.004474976821400002 14.80637794 6.0 HAILLAN2
1 26070 15.91018768 0.004474976821400002 14.65940287 6.0 HAILLAN2
1 26076 15.89579703 0.004474976821400002 14.644419599999999 6.0 HAILLAN2
1 26070 15.88217714 0.004474976821400002 14.63023882 6.0 HAILLAN2
1 26068 15.80264787 0.004474976821400002 14.54743445 6.0 HAILLAN2
1 25161 15.64713294 0.002237488410700001 14.38551526 6.0 HAILLAN2
1 26069 15.76121482 0.004474976821400002 14.50429515 6.0 HAILLAN2
1 25160 15.66658993 0.002237488410700001 14.40577351 6.0 HAILLAN2
1 25161 15.661269800000001 0.002237488410700001 14.40023429 6.0 HAILLAN2
1 25159 15.62881329 0.002237488410700001 14.36644119 6.0 HAILLAN2
1 26458 18.83756329 0.010108710268599998 17.70829172 4.0 HAILLAN3
1 26456 19.02189235 0.010108710268599998 17.90026576 4.0 HAILLAN3
1 26388 18.5183999 0.010108710268599998 17.37589114 4.0 HAILLAN3
1 26386 18.11269914 0.010108710268599998 16.95336408 4.0 HAILLAN3
1 26300 17.60098959 0.010108710268599998 16.42043156 4.0 HAILLAN3
1 26299 17.279476199999998 0.010108710268599998 16.08558351 4.0 HAILLAN3
1 26294 17.08673395 0.005054355134299999 15.88484734 4.0 HAILLAN3
1 26292 16.89926735 0.005054355134299999 15.68960563 4.0 HAILLAN3
1 26127 16.67020434 0.005054355134299999 15.45104231 4.0 HAILLAN3
1 26126 16.49044468 0.005054355134299999 15.26382718 4.0 HAILLAN3
1 26124 16.46215171 0.005054355134299999 15.23436076 4.0 HAILLAN3
1 26103 16.22989903 0.0025271775671499995 14.99247549 4.0 HAILLAN3
1 26101 16.11278474 0.0025271775671499995 14.87050393 4.0 HAILLAN3
1 26100 16.00000802 0.0025271775671499995 14.75304983 4.0 HAILLAN3
1 26094 16.02390698 0.0025271775671499995 14.77793998 4.0 HAILLAN3
1 26075 15.88952711 0.0025271775671499995 14.63798676 4.0 HAILLAN3
1 26073 15.84796739 0.0025271775671499995 14.59470336 4.0 HAILLAN3
1 26072 15.76057625 0.0025271775671499995 14.50368771 4.0 HAILLAN3
1 25172 15.67871762 0.0012635887835749998 14.41843402 4.0 HAILLAN3
1 25173 15.68268824 0.0012635887835749998 14.42256932 4.0 HAILLAN3
1 25172 15.655053899999999 0.0012635887835749998 14.39378885 4.0 HAILLAN3
1 25159 15.60177052 0.0012635887835749998 14.33829556 4.0 HAILLAN3
1 25170 15.61627925 0.0012635887835749998 14.35340604 4.0 HAILLAN3
1 25159 15.60479082 0.0012635887835749998 14.34144113 4.0 HAILLAN3
1 25159 15.59134277 8.746423966e-06 14.32479983 9.0 HAILLAN1
1 25153 15.53144046 8.746423966e-06 14.26840609 9.0 HAILLAN1
1 25152 15.51456689 8.746423966e-06 14.25252083 9.0 HAILLAN1
1 25150 15.46433234 8.746423966e-06 14.20522859 9.0 HAILLAN1
1 25128 15.27091016 8.746423966e-06 14.02313542 9.0 HAILLAN1
1 25123 15.1245025 8.746423966e-06 13.88530307 9.0 HAILLAN1
1 25125 15.25356504 8.746423966e-06 14.00680623 9.0 HAILLAN1
1 25123 15.17205971 8.746423966e-06 13.93007479 9.0 HAILLAN1
1 25116 14.99481692 8.746423966e-06 13.76321336 9.0 HAILLAN1
1 25122 15.01292124 8.746423966e-06 13.78025728 9.0 HAILLAN1
1 25116 15.04977348 8.746423966e-06 13.81495104 9.0 HAILLAN1
1 25114 14.87352019 8.746423966e-06 13.64902115 9.0 HAILLAN1
1 25071 14.85781957 8.746423966e-06 13.63424014 9.0 HAILLAN1
1 24817 14.787644 8.746423966e-06 13.56817485 9.0 HAILLAN1
1 24811 14.59412703 4.373211983e-06 13.38599244 9.0 HAILLAN1
1 24816 14.62794948 8.746423966e-06 13.41783387 9.0 HAILLAN1
1 24811 14.60275887 4.373211983e-06 13.39411871 9.0 HAILLAN1
1 24809 14.54543364 4.373211983e-06 13.3401511 9.0 HAILLAN1
1 24792 14.47026461 4.373211983e-06 13.26938482 9.0 HAILLAN1
1 24808 14.50257654 4.373211983e-06 13.299804199999999 9.0 HAILLAN1
1 24792 14.49022752 4.373211983e-06 13.28817848 9.0 HAILLAN1
1 24790 14.44046582 4.373211983e-06 13.24133139 9.0 HAILLAN1
1 24784 14.38301143 4.373211983e-06 13.18724219 9.0 HAILLAN1
1 24782 14.32696686 4.373211983e-06 13.13448023 9.0 HAILLAN1
1 24697 14.24837399 4.373211983e-06 13.06049066 9.0 HAILLAN1
1 24708 14.24676496 4.373211983e-06 13.05897587 9.0 HAILLAN1
1 24697 14.23486909 4.373211983e-06 13.04777676 9.0 HAILLAN1
1 24695 14.21480329 4.373211983e-06 13.02888624 9.0 HAILLAN1
1 24689 14.16464755 4.373211983e-06 12.98166819 9.0 HAILLAN1
1 24686 14.07649682 4.373211983e-06 12.89868058 9.0 HAILLAN1
1 24688 14.06676164 4.373211983e-06 12.88951561 9.0 HAILLAN1
1 24686 14.06298535 4.373211983e-06 12.8859605 9.0 HAILLAN1
1 24659 13.94161857 4.373211983e-06 12.77170234 9.0 HAILLAN1
1 24664 14.02800046 4.373211983e-06 12.85302472 9.0 HAILLAN1
1 24662 13.941128200000001 4.373211983e-06 12.77124069 9.0 HAILLAN1
1 24659 13.94575607 4.373211983e-06 12.7755975 9.0 HAILLAN1
1 24653 13.91031364 4.373211983e-06 12.74223099 9.0 HAILLAN1
1 24651 13.85361451 4.373211983e-06 12.68885281 9.0 HAILLAN1
1 21494 13.80095219 4.373211983e-06 12.63927499 9.0 HAILLAN1
1 21495 13.71127343 4.373211983e-06 12.55484885 9.0 HAILLAN1
1 21492 13.71692145 4.373211983e-06 12.56016605 9.0 HAILLAN1
1 21495 13.6906494 4.373211983e-06 12.53543279 9.0 HAILLAN1
1 21489 13.67661472 4.373211983e-06 12.52222014 9.0 HAILLAN1
1 21488 13.57533563 4.373211983e-06 12.42687311 9.0 HAILLAN1
1 21487 13.59488479 4.373211983e-06 12.44527725 9.0 HAILLAN1
1 21488 13.58043855 4.373211983e-06 12.43167715 9.0 HAILLAN1
1 21466 13.56285525 4.373211983e-06 12.41512373 9.0 HAILLAN1
1 21477 13.48850277 4.373211983e-06 12.34512618 9.0 HAILLAN1
1 21476 13.413423499999999 4.373211983e-06 12.2744444 9.0 HAILLAN1
1 21475 13.44052962 4.373211983e-06 12.29996288 9.0 HAILLAN1
1 21476 13.36624063 4.373211983e-06 12.230025099999999 9.0 HAILLAN1
1 21470 13.35653391 4.373211983e-06 12.22088692 9.0 HAILLAN1
1 21473 13.34342962 4.373211983e-06 12.20855018 9.0 HAILLAN1
1 21471 13.30175248 4.373211983e-06 12.16931412 9.0 HAILLAN1
1 21386 13.19167736 4.373211983e-06 12.06568626 9.0 HAILLAN1
1 21472 13.22901998 4.373211983e-06 12.10084166 9.0 HAILLAN1
1 21386 13.20652859 4.373211983e-06 12.07966763 9.0 HAILLAN1
1 21557 13.19192036 4.373211983e-06 12.06591502 9.0 HAILLAN1
1 21555 13.12502414 4.373211983e-06 12.00293701 9.0 HAILLAN1
1 21549 13.06442613 4.373211983e-06 11.94588831 9.0 HAILLAN1
1 21550 13.010027800000001 4.373211983e-06 11.89467617 9.0 HAILLAN1
1 21548 12.97251005 4.373211983e-06 11.85935589 9.0 HAILLAN1
1 21529 12.87230584 4.373211983e-06 11.76502078 9.0 HAILLAN1
1 21526 12.88211544 4.373211983e-06 11.77425582 9.0 HAILLAN1
1 21529 12.89608663 4.373211983e-06 11.7874087 9.0 HAILLAN1
1 21527 12.8473823 4.373211983e-06 11.74155705 9.0 HAILLAN1
1 21519 12.72084473 4.373211983e-06 11.62243097 9.0 HAILLAN1
1 21521 12.79187845 4.373211983e-06 11.68930414 9.0 HAILLAN1
1 21519 12.70397729 4.373211983e-06 11.60655148 9.0 HAILLAN1
1 21169 12.54576702 4.373211983e-06 11.45760781 9.0 HAILLAN1
1 21177 12.68241849 4.373211983e-06 11.5862554 9.0 HAILLAN1
1 21175 12.62766552 4.373211983e-06 11.53470939 9.0 HAILLAN1
1 21169 12.57229958 4.373211983e-06 11.48258632 9.0 HAILLAN1
1 21145 12.44191348 4.373211983e-06 11.35983712 9.0 HAILLAN1
1 21167 12.51813112 4.373211983e-06 11.43159058 9.0 HAILLAN1
1 21145 12.44515562 4.373211983e-06 11.36288936 9.0 HAILLAN1
1 21137 12.32802047 4.373211983e-06 11.25261499 9.0 HAILLAN1
1 21143 12.40846975 4.373211983e-06 11.32835224 9.0 HAILLAN1
1 21137 12.34842559 4.373211983e-06 11.27182495 9.0 HAILLAN1
1 21049 12.23590081 4.373211983e-06 11.1658909 9.0 HAILLAN1
1 21135 12.29886968 4.373211983e-06 11.2251716 9.0 HAILLAN1
1 21049 12.18707388 4.373211983e-06 11.11992384 9.0 HAILLAN1
1 21047 12.19164703 4.373211983e-06 11.12422913 9.0 HAILLAN1
1 21042 12.12137513 4.373211983e-06 11.05807316 9.0 HAILLAN1
1 21041 12.10038113 4.373211983e-06 11.03830881 9.0 HAILLAN1
1 21042 12.042250300000001 4.373211983e-06 10.98358278 9.0 HAILLAN1
1 21029 11.97478271 4.373211983e-06 10.92006687 9.0 HAILLAN1
1 21040 12.04295958 4.373211983e-06 10.98425052 9.0 HAILLAN1
1 21051 12.00563886 4.373211983e-06 10.94911573 9.0 HAILLAN1
1 21029 11.97365967 4.373211983e-06 10.91900961 9.0 HAILLAN1
1 21022 11.84192943 4.373211983e-06 10.79499499 9.0 HAILLAN1
1 21027 11.93800928 4.373211983e-06 10.885447300000001 9.0 HAILLAN1
1 21021 11.86154426 4.373211983e-06 10.81346095 9.0 HAILLAN1
1 21022 11.81491963 4.373211983e-06 10.76956719 9.0 HAILLAN1
1 16702 11.75801034 4.373211983e-06 10.71599116 9.0 HAILLAN1
1 21020 11.82223578 4.373211983e-06 10.77645483 9.0 HAILLAN1
1 16702 11.69860322 4.373211983e-06 10.66006361 9.0 HAILLAN1
1 16698 11.61118805 4.373211983e-06 10.57776847 9.0 HAILLAN1
1 16705 11.67640081 4.373211983e-06 10.63916162 9.0 HAILLAN1
1 16697 11.60354571 4.373211983e-06 10.57057375 9.0 HAILLAN1
1 16703 11.71124122 4.373211983e-06 10.67196138 9.0 HAILLAN1
1 16698 11.57412346 4.373211983e-06 10.5428748 9.0 HAILLAN1
1 16696 11.55735891 4.373211983e-06 10.52709217 9.0 HAILLAN1
1 16715 11.42469608 4.373211983e-06 10.4021996 9.0 HAILLAN1
1 16739 11.48781382 4.373211983e-06 10.46162043 9.0 HAILLAN1
1 16717 11.50171495 4.373211983e-06 10.47470736 9.0 HAILLAN1
1 16715 11.41961067 4.373211983e-06 10.39741205 9.0 HAILLAN1
1 16710 11.34657607 4.373211983e-06 10.32865518 9.0 HAILLAN1
1 16709 11.36884854 4.373211983e-06 10.34962312 9.0 HAILLAN1
1 16710 11.29996895 4.373211983e-06 10.28477791 9.0 HAILLAN1
1 16625 11.2403254 4.373211983e-06 10.22862777 9.0 HAILLAN1
1 16708 11.32314116 4.373211983e-06 10.30659289 9.0 HAILLAN1
1 16711 11.24430967 4.373211983e-06 10.23237867 9.0 HAILLAN1
1 16625 11.19789738 4.373211983e-06 10.18868482 9.0 HAILLAN1
1 16635 11.08846149 4.373211983e-06 10.08565875 9.0 HAILLAN1
1 16626 11.16357142 4.373211983e-06 10.15636938 9.0 HAILLAN1
1 16624 11.17471422 4.373211983e-06 10.16685953 9.0 HAILLAN1
1 16635 11.08047108 4.373211983e-06 10.07813634 9.0 HAILLAN1
1 16628 10.98839519 4.373211983e-06 9.99145347 9.0 HAILLAN1
1 16629 11.08738881 4.373211983e-06 10.08464889 9.0 HAILLAN1
1 16630 11.02819404 4.373211983e-06 10.02892125 9.0 HAILLAN1
1 16628 10.97552296 4.373211983e-06 9.97933518 9.0 HAILLAN1
1 16609 10.92681425 4.373211983e-06 9.93347941 9.0 HAILLAN1
1 16631 10.92469077 4.373211983e-06 9.93148031 9.0 HAILLAN1
1 16609 10.90019412 4.373211983e-06 9.90841846 9.0 HAILLAN1
1 16607 10.88574569 4.373211983e-06 9.8948163 9.0 HAILLAN1
1 16602 10.79207172 4.373211983e-06 9.80662895 9.0 HAILLAN1
1 16601 10.79504897 4.373211983e-06 9.80943182 9.0 HAILLAN1
1 16602 10.79758839 4.373211983e-06 9.8118225 9.0 HAILLAN1
1 16600 10.76021951 4.373211983e-06 9.77664237 9.0 HAILLAN1
1 16941 10.67061737 4.373211983e-06 9.69228836 9.0 HAILLAN1
1 16258 10.67155871 4.373211983e-06 9.69317456 9.0 HAILLAN1
1 16941 10.67092385 4.373211983e-06 9.69257689 9.0 HAILLAN1
1 16939 10.63874327 4.373211983e-06 9.66228116 9.0 HAILLAN1
1 16932 10.49765219 4.373211983e-06 9.52945399 9.0 HAILLAN1
1 16933 10.56759571 4.373211983e-06 9.59530082 9.0 HAILLAN1
1 16934 10.528234699999999 4.373211983e-06 9.55824524 9.0 HAILLAN1
1 16932 10.50822581 4.373211983e-06 9.539408300000002 9.0 HAILLAN1
1 16913 10.42941621 4.373211983e-06 9.46521469 9.0 HAILLAN1
1 16910 10.43683745 4.373211983e-06 9.47220126 9.0 HAILLAN1
1 16913 10.38416637 4.373211983e-06 9.4226152 9.0 HAILLAN1
1 16912 10.34500238 4.373211983e-06 9.38574509 9.0 HAILLAN1
1 16911 10.34738856 4.373211983e-06 9.38799151 9.0 HAILLAN1
1 16912 10.34506805 4.373211983e-06 9.38580692 9.0 HAILLAN1
1 16906 10.27733558 4.373211983e-06 9.32204164 9.0 HAILLAN1
1 16917 10.27667883 4.373211983e-06 9.32142336 9.0 HAILLAN1
1 16915 10.21864432 4.373211983e-06 9.26678801 9.0 HAILLAN1
1 16916 10.19629304 4.373211983e-06 9.24574588 9.0 HAILLAN1
1 16919 10.14154226 4.373211983e-06 9.19420193 9.0 HAILLAN1
1 16920 10.08676959 4.373211983e-06 9.14263737 9.0 HAILLAN1
1 16963 10.02120438 4.373211983e-06 9.08091241 9.0 HAILLAN1
1 16878 9.95896669 4.373211983e-06 9.02232007 9.0 HAILLAN1
1 16877 9.96343256 4.373211983e-06 9.02652437 9.0 HAILLAN1
1 16878 9.927048800000001 4.373211983e-06 8.99227166 9.0 HAILLAN1
1 16881 9.89953111 4.373211983e-06 8.96636572 9.0 HAILLAN1
1 16879 9.85123834 4.373211983e-06 8.92090153 9.0 HAILLAN1
1 16880 9.84883027 4.373211983e-06 8.9186345 9.0 HAILLAN1
1 16891 9.78525719 4.373211983e-06 8.85878499 9.0 HAILLAN1
1 16892 9.72801078 4.373211983e-06 8.80489157 9.0 HAILLAN1
1 16889 9.63860566 4.373211983e-06 8.72072305 9.0 HAILLAN1
1 16895 9.65434569 4.373211983e-06 8.73554116 9.0 HAILLAN1
1 16889 9.61728329 4.373211983e-06 8.70064955 9.0 HAILLAN1
1 16888 9.55587748 4.373211983e-06 8.64284037 9.0 HAILLAN1
1 16890 9.5804398 4.373211983e-06 8.66596404 9.0 HAILLAN1
1 16888 9.56277332 4.373211983e-06 8.64933231 9.0 HAILLAN1
1 17059 9.50861361 4.373211983e-06 8.59834481 9.0 HAILLAN1
1 17037 9.49797431 4.373211983e-06 8.58832867 9.0 HAILLAN1
1 17035 9.43641526 4.373211983e-06 8.53037522 9.0 HAILLAN1
1 17030 9.36463285 4.373211983e-06 8.46279721 9.0 HAILLAN1
1 17036 9.36522392 4.373211983e-06 8.46335366 9.0 HAILLAN1
1 17030 9.3365022 4.373211983e-06 8.43631421 9.0 HAILLAN1
1 17031 9.27190022 4.373211983e-06 8.37549606 9.0 HAILLAN1
1 17033 9.2926753 4.373211983e-06 8.39505432 9.0 HAILLAN1
1 17031 9.23113814 4.373211983e-06 8.33712148 9.0 HAILLAN1
1 17032 9.24847625 4.373211983e-06 8.35344407 9.0 HAILLAN1
1 17045 9.14882589 4.373211983e-06 8.25963038 9.0 HAILLAN1
1 17043 9.17356335 4.373211983e-06 8.28291893 9.0 HAILLAN1
1 17045 9.14716214 4.373211983e-06 8.25806407 9.0 HAILLAN1
1 17046 9.11217943 4.373211983e-06 8.22513035 9.0 HAILLAN1
1 17055 9.03466143 4.373211983e-06 8.15215269 9.0 HAILLAN1
1 17052 9.07408812 4.373211983e-06 8.1892701 9.0 HAILLAN1
1 17055 9.02583913 4.373211983e-06 8.14384713 9.0 HAILLAN1
1 17056 8.99376801 4.373211983e-06 8.11365445 9.0 HAILLAN1
1 17093 8.96881163 8.746423966e-06 8.09015981 9.0 HAILLAN1
1 17094 8.80620116 8.746423966e-06 7.93707366 9.0 HAILLAN1
1 17092 8.82443682 8.746423966e-06 7.95424124 9.0 HAILLAN1
1 17095 8.63382705 8.746423966e-06 7.77479575 9.0 HAILLAN1
1 12600 8.63419921 8.746423966e-06 7.77514611 9.0 HAILLAN1
1 12259 8.97614209 0.006280979510749997 7.83008306 0.0 BUSSAGUET_AMONT
1 12257 8.95985966 0.006280979510749997 7.82889888 0.0 BUSSAGUET_AMONT
1 12253 8.97318019 0.006280979510749997 7.82986765 0.0 BUSSAGUET_AMONT
1 12256 8.97784755 0.006280979510749997 7.83020709 0.0 BUSSAGUET_AMONT
1 12257 8.96482009 0.006280979510749997 7.82925964 0.0 BUSSAGUET_AMONT
1 12269 8.93876166 0.006280979510749997 7.82736448 0.0 BUSSAGUET_AMONT
1 12268 8.9539208 0.006280979510749997 7.82846697 0.0 BUSSAGUET_AMONT
1 12269 8.9362215 0.006280979510749997 7.82717975 0.0 BUSSAGUET_AMONT
1 12271 8.91804615 0.006280979510749997 7.8258579 0.0 BUSSAGUET_AMONT
1 12267 8.92592875 0.006280979510749997 7.82643118 0.0 BUSSAGUET_AMONT
1 12270 8.93103295 0.006280979510749997 7.8268024 0.0 BUSSAGUET_AMONT
1 12271 8.90731117 0.006280979510749997 7.82507718 0.0 BUSSAGUET_AMONT
1 12446 8.88390683 0.006280979510749997 7.82337504 0.0 BUSSAGUET_AMONT
1 12442 8.90824388 0.006280979510749997 7.82514501 0.0 BUSSAGUET_AMONT
1 12443 8.89682066 0.006280979510749997 7.82431423 0.0 BUSSAGUET_AMONT
1 12446 8.87271495 0.006280979510749997 7.82256109 0.0 BUSSAGUET_AMONT
1 12164 8.85358379 0.006280979510749997 7.82116973 0.0 BUSSAGUET_AMONT
1 12447 8.87394226 0.006280979510749997 7.82265035 0.0 BUSSAGUET_AMONT
1 12458 8.85929864 0.006280979510749997 7.82158536 0.0 BUSSAGUET_AMONT
1 12164 8.85238571 0.006280979510749997 7.8210826 0.0 BUSSAGUET_AMONT
1 12168 8.8375263 0.006280979510749997 7.82000191 0.0 BUSSAGUET_AMONT
1 12165 8.85139847 0.006280979510749997 7.821010799999999 0.0 BUSSAGUET_AMONT
1 12168 8.82931908 0.006280979510749997 7.81940502 0.0 BUSSAGUET_AMONT
1 12180 8.81157392 0.012561959021499994 7.81811447 0.0 BUSSAGUET_AMONT
1 12169 8.82824102 0.006280979510749997 7.81932662 0.0 BUSSAGUET_AMONT
1 12180 8.81930146 0.012561959021499994 7.81867647 0.0 BUSSAGUET_AMONT
1 12181 8.799399300000001 0.012561959021499994 7.81722904 0.0 BUSSAGUET_AMONT
1 12185 8.74776383 0.012561959021499994 7.81347373 0.0 BUSSAGUET_AMONT
1 12184 8.77687035 0.012561959021499994 7.81559057 0.0 BUSSAGUET_AMONT
1 12185 8.74016532 0.012561959021499994 7.81292111 0.0 BUSSAGUET_AMONT
1 12638 8.73188796 0.012561959021499994 7.81231912 0.0 BUSSAGUET_AMONT
1 12642 8.6794235 0.012561959021499994 7.80850353 0.0 BUSSAGUET_AMONT
1 12639 8.70953883 0.012561959021499994 7.81069373 0.0 BUSSAGUET_AMONT
1 12642 8.67018542 0.012561959021499994 7.80783167 0.0 BUSSAGUET_AMONT
1 12675 8.65964677 0.012561959021499994 7.80706522 0.0 BUSSAGUET_AMONT
1 12674 8.65468179 0.012561959021499994 7.80670413 0.0 BUSSAGUET_AMONT
1 12675 8.63606673 0.012561959021499994 7.80535031 0.0 BUSSAGUET_AMONT
1 12689 8.59956086 0.012561959021499994 7.80269534 0.0 BUSSAGUET_AMONT
1 12686 8.63539059 0.012561959021499994 7.80530113 0.0 BUSSAGUET_AMONT
1 12688 8.6101665 0.012561959021499994 7.80346665 0.0 BUSSAGUET_AMONT
1 12689 8.60922377 0.012561959021499994 7.80339809 0.0 BUSSAGUET_AMONT
1 12695 8.57646006 0.025123918042999988 7.80101528 0.0 BUSSAGUET_AMONT
1 12692 8.57114128 0.012561959021499994 7.80062846 0.0 BUSSAGUET_AMONT
1 12695 8.57515003 0.025123918042999988 7.80092 0.0 BUSSAGUET_AMONT
1 12716 8.52087428 0.025123918042999988 7.79697267 0.0 BUSSAGUET_AMONT
1 12732 8.46060854 0.025123918042999988 7.79258971 0.0 BUSSAGUET_AMONT
1 12730 8.51277855 0.025123918042999988 7.79638389 0.0 BUSSAGUET_AMONT
1 12732 8.46915069 0.025123918042999988 7.79321096 0.0 BUSSAGUET_AMONT
1 12768 5.06310961 0.21025768377999998 4.38709519 13.0 NOIR_AMONT
1 12769 4.99437474 0.21025768377999998 4.35983826 13.0 NOIR_AMONT
1 12772 4.87065344 0.21025768377999998 4.31077636 13.0 NOIR_AMONT
1 17772 4.70102059 0.21025768377999998 4.20102059 13.0 NOIR_AMONT
1 17771 4.70106721 0.21025768377999998 4.20106721 13.0 NOIR_AMONT
1 17772 4.71003372 0.21025768377999998 4.21003372 13.0 NOIR_AMONT
1 17775 4.6188458 0.21025768377999998 4.1188458 13.0 NOIR_AMONT
1 14991 9.27544141 0.008233232329249997 8.13022445 7.0 THIL_AVAL
1 15028 9.25203861 0.008233232329249997 8.11832472 7.0 THIL_AVAL
1 14992 9.277788099999999 0.008233232329249997 8.13141768 7.0 THIL_AVAL
1 15006 9.25300015 0.008233232329249997 8.11881363 7.0 THIL_AVAL
1 14994 9.26875024 0.008233232329249997 8.12682216 7.0 THIL_AVAL
1 15005 9.26847137 0.008233232329249997 8.12668036 7.0 THIL_AVAL
1 15028 9.24246856 0.008233232329249997 8.11345859 7.0 THIL_AVAL
1 15034 9.22939595 0.008233232329249997 8.106811500000001 7.0 THIL_AVAL
1 15031 9.24513964 0.008233232329249997 8.11481677 7.0 THIL_AVAL
1 15033 9.231195300000001 0.008233232329249997 8.10772642 7.0 THIL_AVAL
1 15034 9.23248409 0.008233232329249997 8.10838174 7.0 THIL_AVAL
1 15078 9.21301034 0.008233232329249997 8.09847983 7.0 THIL_AVAL
1 15077 9.22397668 0.008233232329249997 8.10405594 7.0 THIL_AVAL
1 15078 9.20370071 0.008233232329249997 8.09374612 7.0 THIL_AVAL
1 15091 9.18125997 0.008233232329249997 8.08233558 7.0 THIL_AVAL
1 15081 9.20466156 0.008233232329249997 8.09423469 7.0 THIL_AVAL
1 15093 9.18053794 0.008233232329249997 8.08196844 7.0 THIL_AVAL
1 15082 9.19487414 0.008233232329249997 8.08925804 7.0 THIL_AVAL
1 15091 9.17875627 0.008233232329249997 8.08106251 7.0 THIL_AVAL
1 15779 9.14605979 0.008233232329249997 8.06443718 7.0 THIL_AVAL
1 15092 9.17530343 0.008233232329249997 8.07930683 7.0 THIL_AVAL
1 15096 9.15587468 0.008233232329249997 8.0694278 7.0 THIL_AVAL
1 15095 9.16558982 0.008233232329249997 8.07436771 7.0 THIL_AVAL
1 15779 9.13190045 0.008233232329249997 8.05723752 7.0 THIL_AVAL
1 15762 9.11458599 0.008233232329249997 8.04843355 7.0 THIL_AVAL
1 15780 9.1338375 0.008233232329249997 8.05822246 7.0 THIL_AVAL
1 15761 9.12635404 0.008233232329249997 8.05441731 7.0 THIL_AVAL
1 15758 9.13000139 0.008233232329249997 8.05627189 7.0 THIL_AVAL
1 15762 9.1029691 0.008233232329249997 8.04252666 7.0 THIL_AVAL
1 15767 9.0700501 0.008233232329249997 8.02578818 7.0 THIL_AVAL
1 15760 9.10424665 0.008233232329249997 8.04317626 7.0 THIL_AVAL
1 15769 9.07980015 0.008233232329249997 8.03074584 7.0 THIL_AVAL
1 15771 9.10579774 0.008233232329249997 8.04396495 7.0 THIL_AVAL
1 15766 9.09111972 0.008233232329249997 8.03650155 7.0 THIL_AVAL
1 15772 9.0891397 0.008233232329249997 8.03549476 7.0 THIL_AVAL
1 15767 9.07099464 0.008233232329249997 8.02626846 7.0 THIL_AVAL
1 11492 9.05665346 0.008233232329249997 8.01897633 7.0 THIL_AVAL
1 15768 9.06918267 0.008233232329249997 8.02534712 7.0 THIL_AVAL
1 11449 9.05619576 0.008233232329249997 8.01874361 7.0 THIL_AVAL
1 11492 9.04299287 0.008233232329249997 8.01203027 7.0 THIL_AVAL
1 11488 9.02958126 0.008233232329249997 8.00521081 7.0 THIL_AVAL
1 11490 9.04067179 0.008233232329249997 8.01085006 7.0 THIL_AVAL
1 11485 9.027274 0.008233232329249997 8.00403763 7.0 THIL_AVAL
1 11491 9.04512288 0.008233232329249997 8.01311333 7.0 THIL_AVAL
1 11488 9.01878998 0.008233232329249997 7.99972372 7.0 THIL_AVAL
1 11498 9.00539066 0.008233232329249997 7.9929105 7.0 THIL_AVAL
1 11489 9.0133625 0.008233232329249997 7.99696398 7.0 THIL_AVAL
1 11487 9.01610252 0.008233232329249997 7.99835721 7.0 THIL_AVAL
1 11498 8.9960864 0.008233232329249997 7.98817953 7.0 THIL_AVAL
1 11478 8.97537051 0.008233232329249997 7.97764602 7.0 THIL_AVAL
1 11476 8.9920132 0.008233232329249997 7.98610841 7.0 THIL_AVAL
1 11480 8.9818795 0.008233232329249997 7.98095568 7.0 THIL_AVAL
1 11477 8.99642862 0.008233232329249997 7.98835353 7.0 THIL_AVAL
1 11478 8.97330916 0.008233232329249997 7.97659788 7.0 THIL_AVAL
1 11644 8.95579443 0.008233232329249997 7.96769208 7.0 THIL_AVAL
1 11479 8.97109781 0.008233232329249997 7.97547346 7.0 THIL_AVAL
1 11473 8.96235406 0.008233232329249997 7.97102749 7.0 THIL_AVAL
1 11644 8.9522898 0.008233232329249997 7.96591007 7.0 THIL_AVAL
1 11558 8.92189406 0.008233232329249997 7.9504546000000005 7.0 THIL_AVAL
1 11642 8.95084651 0.008233232329249997 7.96517619 7.0 THIL_AVAL
1 11555 8.92497629 0.008233232329249997 7.95202184 7.0 THIL_AVAL
1 11643 8.9391456 0.008233232329249997 7.95922658 7.0 THIL_AVAL
1 11557 8.94072547 0.008233232329249997 7.9600299 7.0 THIL_AVAL
1 11558 8.92050371 0.008233232329249997 7.94974765 7.0 THIL_AVAL
1 11553 8.90749456 0.008233232329249997 7.94313283 7.0 THIL_AVAL
1 11552 8.91434269 0.008233232329249997 7.94661493 7.0 THIL_AVAL
1 11553 8.90258615 0.008233232329249997 7.94063703 7.0 THIL_AVAL
1 11562 8.89327614 0.008233232329249997 7.93590312 7.0 THIL_AVAL
1 11551 8.90130438 0.008233232329249997 7.93998528 7.0 THIL_AVAL
1 11562 8.89381095 0.008233232329249997 7.93617506 7.0 THIL_AVAL
1 11563 8.88662942 0.008233232329249997 7.93252344 7.0 THIL_AVAL
1 11545 8.86399183 0.008233232329249997 7.92101279 7.0 THIL_AVAL
1 11566 8.87496189 0.008233232329249997 7.92659079 7.0 THIL_AVAL
1 11544 8.86800365 0.008233232329249997 7.9230527 7.0 THIL_AVAL
1 11545 8.86229303 0.008233232329249997 7.920149 7.0 THIL_AVAL
1 11610 8.84783023 0.008233232329249997 7.91279503 7.0 THIL_AVAL
1 11588 8.85554771 0.008233232329249997 7.91671918 7.0 THIL_AVAL
1 11610 8.84699464 0.008233232329249997 7.91237016 7.0 THIL_AVAL
1 11614 8.836749300000001 0.008233232329249997 7.90716066 7.0 THIL_AVAL
1 11611 8.84793573 0.008233232329249997 7.91284868 7.0 THIL_AVAL
1 11614 8.82858103 0.008233232329249997 7.9030073000000005 7.0 THIL_AVAL
1 11604 8.81735776 0.008233232329249997 7.89730055 7.0 THIL_AVAL
1 11615 8.82739133 0.008233232329249997 7.90240237 7.0 THIL_AVAL
1 11593 8.81807211 0.008233232329249997 7.89766379 7.0 THIL_AVAL
1 11604 8.80931647 0.008233232329249997 7.89321177 7.0 THIL_AVAL
1 11609 8.7859323 0.008233232329249997 7.88132151 7.0 THIL_AVAL
1 11605 8.80927773 0.008233232329249997 7.89319206 7.0 THIL_AVAL
1 11608 8.79954647 0.008233232329249997 7.88824397 7.0 THIL_AVAL
1 11609 8.7868285 0.008233232329249997 7.88177721 7.0 THIL_AVAL
1 12200 8.75922074 0.008233232329249997 7.86773936 7.0 THIL_AVAL
1 12196 8.78011925 0.008233232329249997 7.87836572 7.0 THIL_AVAL
1 12197 8.770502699999998 0.008233232329249997 7.87347595 7.0 THIL_AVAL
1 12200 8.75147371 0.008233232329249997 7.86380019 7.0 THIL_AVAL
1 12214 8.71792246 0.008233232329249997 7.84674023 7.0 THIL_AVAL
1 12201 8.74978451 0.008233232329249997 7.86294127 7.0 THIL_AVAL
1 12211 8.73186388 0.008233232329249997 7.85382909 7.0 THIL_AVAL
1 12199 8.74121801 0.008233232329249997 7.85858543 7.0 THIL_AVAL
1 12210 8.74157403 0.008233232329249997 7.85876646 7.0 THIL_AVAL
1 12214 8.72023701 0.008233232329249997 7.84791712 7.0 THIL_AVAL
1 12259 8.69003463 0.008233232329249997 7.83255998 7.0 THIL_AVAL
1 12215 8.712482699999999 0.008233232329249997 7.84397425 7.0 THIL_AVAL
1 12258 8.70287497 0.008233232329249997 7.83908897 7.0 THIL_AVAL
1 17744 7.11047862 0.09201710442899998 6.15301156 12.0 JPT_SEUIL_AVAL
1 12753 7.19251055 0.09201710442899998 6.16507508 12.0 JPT_SEUIL_AVAL
1 12756 6.76806687 0.18403420885799995 6.10265689 12.0 JPT_SEUIL_AVAL
1 17743 7.39014644 0.09045066266500001 6.35801044 16.0 JPT_ECL_AVAL
1 17744 7.2919377999999995 0.09045066266500001 6.33594108 16.0 JPT_ECL_AVAL
1 12259 8.85794915 0.019505386753749993 7.70914379 10.0 MOULINAT_AMONT
1 12262 8.85027698 0.019505386753749993 7.7113712 10.0 MOULINAT_AMONT
1 12264 8.85098396 0.019505386753749993 7.71116595 10.0 MOULINAT_AMONT
1 12287 8.83550986 0.019505386753749993 7.71565843 10.0 MOULINAT_AMONT
1 12265 8.83977738 0.019505386753749993 7.71441947 10.0 MOULINAT_AMONT
1 12287 8.83756373 0.019505386753749993 7.71506214 10.0 MOULINAT_AMONT
1 12299 8.82360859 0.019505386753749993 7.71911364 10.0 MOULINAT_AMONT
1 12298 8.83366985 0.019505386753749993 7.71619262 10.0 MOULINAT_AMONT
1 12299 8.81725898 0.019505386753749993 7.72095707 10.0 MOULINAT_AMONT
1 12482 8.79729428 0.019505386753749993 7.72675327 10.0 MOULINAT_AMONT
1 12301 8.81608903 0.019505386753749993 7.72129673 10.0 MOULINAT_AMONT
1 12311 8.79825248 0.019505386753749993 7.72647509 10.0 MOULINAT_AMONT
1 12304 8.81711868 0.019505386753749993 7.7209978 10.0 MOULINAT_AMONT
1 12305 8.80771105 0.019505386753749993 7.72372905 10.0 MOULINAT_AMONT
1 12482 8.79540113 0.019505386753749993 7.727302900000001 10.0 MOULINAT_AMONT
1 12488 8.77924149 0.019505386753749993 7.73199441 10.0 MOULINAT_AMONT
1 12483 8.78936982 0.019505386753749993 7.72905392 10.0 MOULINAT_AMONT
1 12485 8.78385496 0.019505386753749993 7.73065501 10.0 MOULINAT_AMONT
1 12488 8.778227699999999 0.019505386753749993 7.73228873 10.0 MOULINAT_AMONT
1 12550 8.73980013 0.019505386753749993 7.74344512 10.0 MOULINAT_AMONT
1 12489 8.76930408 0.019505386753749993 7.73487946 10.0 MOULINAT_AMONT
1 12544 8.74190469 0.019505386753749993 7.74283412 10.0 MOULINAT_AMONT
1 12527 8.7714687 0.019505386753749993 7.73425102 10.0 MOULINAT_AMONT
1 12541 8.75488316 0.019505386753749993 7.73906618 10.0 MOULINAT_AMONT
1 12538 8.7625109 0.019505386753749993 7.73685167 10.0 MOULINAT_AMONT
1 12540 8.75501958 0.019505386753749993 7.73902657 10.0 MOULINAT_AMONT
1 12550 8.74210456 0.019505386753749993 7.7427760999999995 10.0 MOULINAT_AMONT
1 12594 8.71547721 0.039010773507499985 7.75050662 10.0 MOULINAT_AMONT
1 12551 8.73431391 0.019505386753749993 7.7450379 10.0 MOULINAT_AMONT
1 12588 8.72656976 0.039010773507499985 7.7472862000000005 10.0 MOULINAT_AMONT
1 12553 8.72835005 0.019505386753749993 7.74676934 10.0 MOULINAT_AMONT
1 12594 8.71145193 0.039010773507499985 7.75167525 10.0 MOULINAT_AMONT
1 12597 8.68974232 0.039010773507499985 7.75797804 10.0 MOULINAT_AMONT
1 12595 8.71043414 0.039010773507499985 7.75197073 10.0 MOULINAT_AMONT
1 12597 8.68472419 0.039010773507499985 7.75943491 10.0 MOULINAT_AMONT
1 17605 8.64629508 0.039010773507499985 7.77059175 10.0 MOULINAT_AMONT
1 12600 8.69281017 0.039010773507499985 7.75708737 10.0 MOULINAT_AMONT
1 17603 8.64248999 0.039010773507499985 7.77169646 10.0 MOULINAT_AMONT
1 17095 8.66537814 0.039010773507499985 7.76505151 10.0 MOULINAT_AMONT
1 17096 8.67305916 0.039010773507499985 7.76282154 10.0 MOULINAT_AMONT
1 17605 8.63703918 0.039010773507499985 7.77327895 10.0 MOULINAT_AMONT
1 17612 8.62419714 0.039010773507499985 7.77700728 10.0 MOULINAT_AMONT
1 17606 8.62085829 0.039010773507499985 7.77797663 10.0 MOULINAT_AMONT
1 17612 8.61606097 0.039010773507499985 7.7793694 10.0 MOULINAT_AMONT
1 17617 8.60107463 0.039010773507499985 7.78372027 10.0 MOULINAT_AMONT
1 17615 8.59885459 0.039010773507499985 7.7843648000000005 10.0 MOULINAT_AMONT
1 17617 8.59837849 0.039010773507499985 7.78450302 10.0 MOULINAT_AMONT
1 17634 8.5772115 0.039010773507499985 7.79064828 10.0 MOULINAT_AMONT
1 17618 8.57770053 0.039010773507499985 7.7905063 10.0 MOULINAT_AMONT
1 17634 8.58081118 0.039010773507499985 7.789603200000001 10.0 MOULINAT_AMONT
1 17647 8.55248762 0.039010773507499985 7.79782617 10.0 MOULINAT_AMONT
1 17645 8.55868984 0.039010773507499985 7.79602553 10.0 MOULINAT_AMONT
1 17647 8.55588529 0.039010773507499985 7.79683975 10.0 MOULINAT_AMONT
1 17775 3.26184876 0.20991704993999996 2.31412802 11.0 NOIR_AVAL
1 17776 3.30786412 0.20991704993999996 2.3418633 11.0 NOIR_AVAL
1 17779 3.17448561 0.20991704993999996 2.26147078 11.0 NOIR_AVAL
1 12780 2.99840263 0.20991704993999996 2.15533857 11.0 NOIR_AVAL
1 12781 3.00754044 0.20991704993999996 2.16084629 11.0 NOIR_AVAL
1 12784 2.84105951 0.20991704993999996 2.06050163 11.0 NOIR_AVAL
1 12785 2.69062741 0.20991704993999996 1.96983022 11.0 NOIR_AVAL
1 12783 2.55299101 0.20991704993999996 1.88687129 11.0 NOIR_AVAL
1 12756 7.10432512 0.2072679770999999 6.1079503 8.0 BLANC_AMONT
1 12757 6.97947533 0.2072679770999999 6.09251942 8.0 BLANC_AMONT
1 12760 6.84091872 0.2072679770999999 6.07539445 8.0 BLANC_AMONT
1 12761 6.71521963 0.2072679770999999 6.05985861 8.0 BLANC_AMONT
1 12764 6.57619905 0.2072679770999999 6.04267629 8.0 BLANC_AMONT
1 12765 6.42634517 0.2072679770999999 5.92634517 8.0 BLANC_AMONT
1 12768 6.20905904 0.2072679770999999 5.70905904 8.0 BLANC_AMONT
1 12756 7.09866701 0.39334274031999983 6.15060377 2.0 MAJOLAN
1 12757 6.93235346 0.39334274031999983 6.00714848 2.0 MAJOLAN
1 12755 6.95029706 0.39334274031999983 6.0226259 2.0 MAJOLAN
1 12758 6.85917621 0.39334274031999983 5.94402877 2.0 MAJOLAN
1 7759 6.70496094 0.39334274031999983 5.81100896 2.0 MAJOLAN
1 7758 6.7119819000000005 0.39334274031999983 5.81706496 2.0 MAJOLAN
1 7759 6.75599854 0.39334274031999983 5.85503192 2.0 MAJOLAN
1 7762 6.64791889 0.39334274031999983 5.76180682 2.0 MAJOLAN
1 7761 6.48656338 0.39334274031999983 5.62262813 2.0 MAJOLAN
1 7763 6.50952963 0.39334274031999983 5.64243788 2.0 MAJOLAN
1 7761 6.50469134 0.39334274031999983 5.63826456 2.0 MAJOLAN
1 7764 6.41612675 0.39334274031999983 5.56187236 2.0 MAJOLAN
1 7766 6.4105172 0.39334274031999983 5.55703379 2.0 MAJOLAN
1 7767 6.35372691 0.39334274031999983 5.50804881 2.0 MAJOLAN
1 7768 6.22156675 0.39334274031999983 5.39405283 2.0 MAJOLAN
1 7770 6.21357627 0.39334274031999983 5.38716057 2.0 MAJOLAN
1 7768 6.23173665 0.39334274031999983 5.40282498 2.0 MAJOLAN
1 7769 6.166006299999999 0.39334274031999983 5.34612866 2.0 MAJOLAN
1 7774 6.02020905 0.39334274031999983 5.22036989 2.0 MAJOLAN
1 7772 6.02488058 0.39334274031999983 5.22439937 2.0 MAJOLAN
1 7774 6.00911503 0.39334274031999983 5.21080064 2.0 MAJOLAN
1 7772 5.97877669 0.39334274031999983 5.18463203 2.0 MAJOLAN
1 7773 5.9522900000000005 0.39334274031999983 5.16178569 2.0 MAJOLAN
1 7769 7.04780389 0.39334274031999983 6.10673132 2.0 MAJOLAN
1 7771 7.07482407 0.39334274031999983 6.13003783 2.0 MAJOLAN
1 7774 6.95037418 0.39334274031999983 6.02269242 2.0 MAJOLAN
1 12774 6.89930415 0.39334274031999983 5.97864149 2.0 MAJOLAN
1 12775 6.85261244 0.39334274031999983 5.93836713 2.0 MAJOLAN
1 7775 6.77584851 0.39334274031999983 5.87215369 2.0 MAJOLAN
1 7773 6.64166501 0.39334274031999983 5.75641248 2.0 MAJOLAN
1 7773 7.05803235 0.39334274031999983 6.11555397 2.0 MAJOLAN
1 7776 7.05140632 0.39334274031999983 6.10983863 2.0 MAJOLAN
1 7777 6.95885659 0.39334274031999983 6.03000901 2.0 MAJOLAN
1 7780 6.85693355 0.39334274031999983 5.94209434 2.0 MAJOLAN
1 7781 6.76314319 0.39334274031999983 5.861194599999999 2.0 MAJOLAN
1 7784 6.65464711 0.39334274031999983 5.767610299999999 2.0 MAJOLAN
1 17864 11.33477269 0.0017480083387999995 10.25404955 14.0 THIL_AMONT
1 17993 11.33309677 0.0017480083387999995 10.25262756 14.0 THIL_AMONT
1 17992 11.29238834 0.0017480083387999995 10.21808708 14.0 THIL_AMONT
1 17994 11.29662084 0.0017480083387999995 10.22167829 14.0 THIL_AMONT
1 17992 11.30371119 0.0017480083387999995 10.22769434 14.0 THIL_AMONT
1 17989 11.26118884 0.0017480083387999995 10.19161477 14.0 THIL_AMONT
1 17995 11.27311135 0.0017480083387999995 10.20173084 14.0 THIL_AMONT
1 17989 11.26278092 0.0017480083387999995 10.19296563 14.0 THIL_AMONT
1 17990 11.25581878 0.0017480083387999995 10.18705836 14.0 THIL_AMONT
1 18004 11.23402097 0.0017480083387999995 10.16856324 14.0 THIL_AMONT
1 18027 11.19451493 0.0008740041693999997 10.13504297 14.0 THIL_AMONT
1 18025 11.20761639 0.0017480083387999995 10.14615936 14.0 THIL_AMONT
1 18026 11.20853154 0.0008740041693999997 10.14693585 14.0 THIL_AMONT
1 18027 11.18995674 0.0008740041693999997 10.13117542 14.0 THIL_AMONT
1 18037 11.18012687 0.0008740041693999997 10.12283492 14.0 THIL_AMONT
1 18035 11.18236576 0.0008740041693999997 10.12473458 14.0 THIL_AMONT
1 18037 11.17636995 0.0008740041693999997 10.11964723 14.0 THIL_AMONT
1 18189 11.13577855 0.0008740041693999997 10.08520605 14.0 THIL_AMONT
1 18035 11.173554300000001 0.0008740041693999997 10.11725819 14.0 THIL_AMONT
1 18024 11.15284226 0.0008740041693999997 10.09968434 14.0 THIL_AMONT
1 18036 11.17563032 0.0008740041693999997 10.11901967 14.0 THIL_AMONT
1 18023 11.15053847 0.0008740041693999997 10.09772961 14.0 THIL_AMONT
1 18039 11.16310521 0.0008740041693999997 10.1083923 14.0 THIL_AMONT
1 18189 11.14087064 0.0008740041693999997 10.08952661 14.0 THIL_AMONT
1 18191 11.11742009 0.0008740041693999997 10.06962917 14.0 THIL_AMONT
1 18187 11.12570581 0.0008740041693999997 10.07665948 14.0 THIL_AMONT
1 18188 11.13019175 0.0008740041693999997 10.08046572 14.0 THIL_AMONT
1 18191 11.10722571 0.0008740041693999997 10.06097939 14.0 THIL_AMONT
1 18204 11.08266899 0.0008740041693999997 10.04014338 14.0 THIL_AMONT
1 18192 11.10777268 0.0008740041693999997 10.06144349 14.0 THIL_AMONT
1 18203 11.09756809 0.0008740041693999997 10.05278505 14.0 THIL_AMONT
1 18204 11.08617079 0.0008740041693999997 10.04311461 14.0 THIL_AMONT
1 18207 11.07714096 0.0008740041693999997 10.03545294 14.0 THIL_AMONT
1 18245 11.05425575 0.0008740041693999997 10.01603518 14.0 THIL_AMONT
1 18208 11.06175163 0.0008740041693999997 10.02239532 14.0 THIL_AMONT
1 18202 11.06671636 0.0008740041693999997 10.02660782 14.0 THIL_AMONT
1 18245 11.04801993 0.0008740041693999997 10.01074418 14.0 THIL_AMONT
1 18246 11.04628882 0.0008740041693999997 10.00927536 14.0 THIL_AMONT
1 18248 11.02326687 0.0008740041693999997 9.98974158 14.0 THIL_AMONT
1 18249 11.03515317 0.0008740041693999997 9.99982693 14.0 THIL_AMONT
1 18247 11.02172883 0.0008740041693999997 9.98843658 14.0 THIL_AMONT
1 18248 11.01248103 0.0008740041693999997 9.98058996 14.0 THIL_AMONT
1 18174 10.99665779 0.0008740041693999997 9.96716419 14.0 THIL_AMONT
1 18259 11.01231694 0.0008740041693999997 9.98045073 14.0 THIL_AMONT
1 18173 11.00001388 0.0008740041693999997 9.97001178 14.0 THIL_AMONT
1 18174 11.00005306 0.0008740041693999997 9.97004502 14.0 THIL_AMONT
1 18172 10.98971663 0.0008740041693999997 9.96127472 14.0 THIL_AMONT
1 18166 10.97603596 0.0008740041693999997 9.94966687 14.0 THIL_AMONT
1 18167 10.96606893 0.0008740041693999997 9.94121 14.0 THIL_AMONT
1 18169 10.97179575 0.0008740041693999997 9.94606912 14.0 THIL_AMONT
1 18167 10.96037192 0.0008740041693999997 9.93637617 14.0 THIL_AMONT
1 18146 10.94865542 0.0008740041693999997 9.9264349 14.0 THIL_AMONT
1 18145 10.95264337 0.0008740041693999997 9.92981862 14.0 THIL_AMONT
1 18146 10.95040775 0.0008740041693999997 9.92792173 14.0 THIL_AMONT
1 18707 10.93158804 0.0008740041693999997 9.91195349 14.0 THIL_AMONT
1 18709 10.93785366 0.0008740041693999997 9.91726977 14.0 THIL_AMONT
1 18707 10.93457472 0.0008740041693999997 9.91448764 14.0 THIL_AMONT
1 18708 10.92981653 0.0008740041693999997 9.91045039 14.0 THIL_AMONT
1 18702 10.91953684 0.0008740041693999997 9.90172822 14.0 THIL_AMONT
1 14381 10.89113012 0.0008740041693999997 9.87762556 14.0 THIL_AMONT
1 18700 10.90327113 0.0008740041693999997 9.88792702 14.0 THIL_AMONT
1 18699 10.90657538 0.0008740041693999997 9.89073062 14.0 THIL_AMONT
1 14381 10.89391353 0.0008740041693999997 9.87998723 14.0 THIL_AMONT
1 13696 10.88126474 0.0008740041693999997 9.86925493 14.0 THIL_AMONT
1 13698 10.88302482 0.0008740041693999997 9.87074834 14.0 THIL_AMONT
1 13696 10.87670329 0.0008740041693999997 9.86538461 14.0 THIL_AMONT
1 13690 10.87285616 0.0008740041693999997 9.86212038 14.0 THIL_AMONT
1 13688 10.8625883 0.0008740041693999997 9.85340826 14.0 THIL_AMONT
1 13666 10.85135224 0.0008740041693999997 9.84387463 14.0 THIL_AMONT
1 14349 10.84216199 0.0008740041693999997 9.83607684 14.0 THIL_AMONT
1 14351 10.81589171 0.0008740041693999997 9.8137869 14.0 THIL_AMONT
1 14350 10.8277474 0.0008740041693999997 9.82384628 14.0 THIL_AMONT
1 14348 10.82563627 0.0008740041693999997 9.82205502 14.0 THIL_AMONT
1 14351 10.81880369 0.0008740041693999997 9.81625768 14.0 THIL_AMONT
1 14343 10.79578786 0.0008740041693999997 9.79672909 14.0 THIL_AMONT
1 14345 10.81110739 0.0008740041693999997 9.80972748 14.0 THIL_AMONT
1 14343 10.80013746 0.0008740041693999997 9.80041966 14.0 THIL_AMONT
1 14252 10.77773758 0.0008740041693999997 9.781413699999998 14.0 THIL_AMONT
1 14257 10.78752704 0.0008740041693999997 9.78971991 14.0 THIL_AMONT
1 14254 10.78238393 0.0008740041693999997 9.78535606 14.0 THIL_AMONT
1 14252 10.76919797 0.0008740041693999997 9.77416797 14.0 THIL_AMONT
1 14243 10.75091462 0.0008740041693999997 9.75865483 14.0 THIL_AMONT
1 14246 10.76897224 0.0008740041693999997 9.77397645 14.0 THIL_AMONT
1 14244 10.75493318 0.0008740041693999997 9.76206452 14.0 THIL_AMONT
1 14243 10.74276727 0.0008740041693999997 9.75174193 14.0 THIL_AMONT
1 14219 10.73567427 0.0008740041693999997 9.74572362 14.0 THIL_AMONT
1 14221 10.74722137 0.0008740041693999997 9.75552116 14.0 THIL_AMONT
1 14219 10.7218744 0.0008740041693999997 9.73401465 14.0 THIL_AMONT
1 13306 10.70115705 0.0008740041693999997 9.71643629 14.0 THIL_AMONT
1 14213 10.72071271 0.0008740041693999997 9.73302897 14.0 THIL_AMONT
1 13528 10.71466262 0.0008740041693999997 9.72789555 14.0 THIL_AMONT
1 13530 10.72315447 0.0008740041693999997 9.73510076 14.0 THIL_AMONT
1 13306 10.69655029 0.0008740041693999997 9.71252752 14.0 THIL_AMONT
1 13859 10.6707531 0.0008740041693999997 9.69063899 14.0 THIL_AMONT
1 13304 10.69335136 0.0008740041693999997 9.70981327 14.0 THIL_AMONT
1 13861 10.66730803 0.0008740041693999997 9.6877159 14.0 THIL_AMONT
1 13298 10.68260552 0.0008740041693999997 9.70069559 14.0 THIL_AMONT
1 13859 10.66063546 0.0008740041693999997 9.68205433 14.0 THIL_AMONT
1 13272 10.64645149 0.0008740041693999997 9.67001944 14.0 THIL_AMONT
1 13837 10.65660179 0.0008740041693999997 9.67863182 14.0 THIL_AMONT
1 13274 10.65990685 0.0008740041693999997 9.68143611 14.0 THIL_AMONT
1 13272 10.64316479 0.0008740041693999997 9.66723073 14.0 THIL_AMONT
1 13263 10.62366261 0.0008740041693999997 9.65068342 14.0 THIL_AMONT
1 13266 10.63319328 0.0008740041693999997 9.65877006 14.0 THIL_AMONT
1 13265 10.63758452 0.0008740041693999997 9.66249596 14.0 THIL_AMONT
1 13263 10.62176333 0.0008740041693999997 9.64907191 14.0 THIL_AMONT
1 13175 10.60157661 0.0008740041693999997 9.63194379 14.0 THIL_AMONT
1 13177 10.61649939 0.0008740041693999997 9.64460555 14.0 THIL_AMONT
1 13175 10.60512822 0.0008740041693999997 9.63495728 14.0 THIL_AMONT
1 13169 10.59312803 0.0008740041693999997 9.624775300000001 14.0 THIL_AMONT
1 13168 10.58202667 0.0008740041693999997 9.61535596 14.0 THIL_AMONT
1 13170 10.58834698 0.0008740041693999997 9.62071865 14.0 THIL_AMONT
1 13168 10.57935796 0.0008740041693999997 9.61309161 14.0 THIL_AMONT
1 13731 10.57354951 0.0008740041693999997 9.60816322 14.0 THIL_AMONT
1 13732 10.56378332 0.0008740041693999997 9.59987675 14.0 THIL_AMONT
1 13737 10.5447236 0.0008740041693999997 9.58370487 14.0 THIL_AMONT
1 13735 10.54849399 0.0008740041693999997 9.58690399 14.0 THIL_AMONT
1 13737 10.54070136 0.0008740041693999997 9.58029206 14.0 THIL_AMONT
1 13744 10.52649331 0.0008740041693999997 9.56823675 14.0 THIL_AMONT
1 13738 10.53821675 0.0008740041693999997 9.57818391 14.0 THIL_AMONT
1 13744 10.52591859 0.0008740041693999997 9.5677491 14.0 THIL_AMONT
1 13757 10.51119214 0.0008740041693999997 9.55525394 14.0 THIL_AMONT
1 13755 10.52575939 0.0008740041693999997 9.56761403 14.0 THIL_AMONT
1 13757 10.51156359 0.0008740041693999997 9.55556911 14.0 THIL_AMONT
1 13758 10.51328612 0.0008740041693999997 9.55703065 14.0 THIL_AMONT
1 13847 10.49759963 0.0008740041693999997 9.5437209 14.0 THIL_AMONT
1 13844 10.49426886 0.0008740041693999997 9.54089479 14.0 THIL_AMONT
1 13847 10.48904411 0.0008740041693999997 9.53646167 14.0 THIL_AMONT
1 13891 10.47365151 0.0008740041693999997 9.52340128 14.0 THIL_AMONT
1 13848 10.48819509 0.0008740041693999997 9.53574129 14.0 THIL_AMONT
1 13891 10.47170039 0.0008740041693999997 9.52174579 14.0 THIL_AMONT
1 13907 10.43353932 0.0008740041693999997 9.489366699999998 14.0 THIL_AMONT
1 13892 10.46652871 0.0008740041693999997 9.51735769 14.0 THIL_AMONT
1 13896 10.44611137 0.0008740041693999997 9.50003389 14.0 THIL_AMONT
1 13895 10.4563282 0.0008740041693999997 9.50870272 14.0 THIL_AMONT
1 13907 10.42776761 0.0008740041693999997 9.48446949 14.0 THIL_AMONT
1 14002 10.357707000000001 0.0008740041693999997 9.42502412 14.0 THIL_AMONT
1 13908 10.42571036 0.0008740041693999997 9.48272394 14.0 THIL_AMONT
1 14001 10.37328328 0.0008740041693999997 9.43824036 14.0 THIL_AMONT
1 13911 10.41523229 0.0008740041693999997 9.47383346 14.0 THIL_AMONT
1 13998 10.38377768 0.0008740041693999997 9.44714469 14.0 THIL_AMONT
1 13912 10.4047379 0.0008740041693999997 9.46492912 14.0 THIL_AMONT
1 13997 10.38994533 0.0008740041693999997 9.45237785 14.0 THIL_AMONT
1 14083 10.39045148 0.0008740041693999997 9.45280731 14.0 THIL_AMONT
1 14002 10.36229498 0.0008740041693999997 9.42891695 14.0 THIL_AMONT
1 14063 10.28642592 0.0008740041693999997 9.36454321 14.0 THIL_AMONT
1 14013 10.352380199999999 0.0008740041693999997 9.42050442 14.0 THIL_AMONT
1 14060 10.30065111 0.0008740041693999997 9.37661307 14.0 THIL_AMONT
1 14014 10.33746926 0.0008740041693999997 9.40785271 14.0 THIL_AMONT
1 14059 10.310990400000001 0.0008740041693999997 9.3853858 14.0 THIL_AMONT
1 14012 10.34022858 0.0008740041693999997 9.41019395 14.0 THIL_AMONT
1 14016 10.32134602 0.0008740041693999997 9.39417238 14.0 THIL_AMONT
1 14015 10.3316853 0.0008740041693999997 9.40294511 14.0 THIL_AMONT
1 14063 10.28638918 0.0008740041693999997 9.36451204 14.0 THIL_AMONT
1 14070 10.25549378 0.0008740041693999997 9.33829775 14.0 THIL_AMONT
1 14064 10.27521312 0.0008740041693999997 9.35502931 14.0 THIL_AMONT
1 14069 10.26960876 0.0008740041693999997 9.3502741 14.0 THIL_AMONT
1 14058 10.27865411 0.0008740041693999997 9.35794894 14.0 THIL_AMONT
1 14070 10.25518764 0.0008740041693999997 9.338038000000001 14.0 THIL_AMONT
1 14072 10.2295578 0.0008740041693999997 9.31629147 14.0 THIL_AMONT
1 14073 10.24884039 0.0008740041693999997 9.33265245 14.0 THIL_AMONT
1 14074 10.23471316 0.0008740041693999997 9.32066571 14.0 THIL_AMONT
1 14072 10.23129666 0.0008740041693999997 9.31776687 14.0 THIL_AMONT
1 14734 10.20700567 0.0008740041693999997 9.29715632 14.0 THIL_AMONT
1 14755 10.22746382 0.0008740041693999997 9.31451476 14.0 THIL_AMONT
1 14756 10.21284677 0.0008740041693999997 9.30211241 14.0 THIL_AMONT
1 14734 10.20468718 0.0008740041693999997 9.29518913 14.0 THIL_AMONT
1 14736 10.18701692 0.0008740041693999997 9.28019618 14.0 THIL_AMONT
1 14737 10.20414022 0.0008740041693999997 9.29472503 14.0 THIL_AMONT
1 14735 10.18847414 0.0008740041693999997 9.2814326 14.0 THIL_AMONT
1 14736 10.18952725 0.0008740041693999997 9.28232615 14.0 THIL_AMONT
1 14741 10.17682458 0.0008740041693999997 9.27154813 14.0 THIL_AMONT
1 14747 10.172640699999999 0.0008740041693999997 9.26799817 14.0 THIL_AMONT
1 14741 10.16353004 0.0008740041693999997 9.26026792 14.0 THIL_AMONT
1 14743 10.1522601 0.0008740041693999997 9.25070554 14.0 THIL_AMONT
1 14742 10.16475051 0.0008740041693999997 9.26130347 14.0 THIL_AMONT
1 14740 10.14897014 0.0008740041693999997 9.24791406 14.0 THIL_AMONT
1 14743 10.14390458 0.0008740041693999997 9.24361601 14.0 THIL_AMONT
1 14787 10.13212849 0.0008740041693999997 9.23362417 14.0 THIL_AMONT
1 14744 10.14353314 0.0008740041693999997 9.24330084 14.0 THIL_AMONT
1 14787 10.119723800000001 0.0008740041693999997 9.22309898 14.0 THIL_AMONT
1 10472 10.10984576 0.0008740041693999997 9.21471761 14.0 THIL_AMONT
1 14788 10.1223974 0.0008740041693999997 9.22536749 14.0 THIL_AMONT
1 14791 10.1068252 0.0008740041693999997 9.21215471 14.0 THIL_AMONT
1 10472 10.10227395 0.0008740041693999997 9.20829305 14.0 THIL_AMONT
1 14804 10.07691351 0.0008740041693999997 9.186775099999998 14.0 THIL_AMONT
1 10473 10.09796762 0.0008740041693999997 9.20463919 14.0 THIL_AMONT
1 14803 10.09118361 0.0008740041693999997 9.19888306 14.0 THIL_AMONT
1 14792 10.09677164 0.0008740041693999997 9.20362442 14.0 THIL_AMONT
1 14804 10.07710944 0.0008740041693999997 9.18694135 14.0 THIL_AMONT
1 14810 10.05760236 0.0008740041693999997 9.17038988 14.0 THIL_AMONT
1 14807 10.07031319 0.0008740041693999997 9.18117483 14.0 THIL_AMONT
1 14808 10.05402259 0.0008740041693999997 9.1673525 14.0 THIL_AMONT
1 14810 10.04842639 0.0008740041693999997 9.16260421 14.0 THIL_AMONT
1 14985 10.02182507 0.0008740041693999997 9.1400334 14.0 THIL_AMONT
1 14981 10.04853252 0.0008740041693999997 9.16269426 14.0 THIL_AMONT
1 14982 10.03783811 0.0008740041693999997 9.15362022 14.0 THIL_AMONT
1 14985 10.02195161 0.0008740041693999997 9.14014076 14.0 THIL_AMONT
1 14991 10.02660898 0.0008740041693999997 9.14409247 14.0 THIL_AMONT
1 17670 7.88086762 0.05251580195500001 6.99726487 3.0 JPT_ECL_AMONT
1 17741 7.87855738 0.10503160391000002 7.01015354 3.0 JPT_ECL_AMONT
1 17742 7.84139242 0.10503160391000002 7.21749491 3.0 JPT_ECL_AMONT
1 17740 7.82093016 0.10503160391000002 7.32093016 3.0 JPT_ECL_AMONT
1 17743 7.81582516 0.10503160391000002 7.31582516 3.0 JPT_ECL_AMONT
1 17647 8.44985604 0.028044371464999995 7.14325496 1.0 MOULINAT_AVAL
1 17650 8.39441365 0.028044371464999995 7.13599464 1.0 MOULINAT_AVAL
1 17651 8.3808392 0.028044371464999995 7.13421704 1.0 MOULINAT_AVAL
1 17654 8.32787011 0.05608874292999999 7.12728061 1.0 MOULINAT_AVAL
1 17665 8.17180489 0.05608874292999999 7.1068435 1.0 MOULINAT_AVAL
1 17666 8.01650309 0.05608874292999999 7.08650636 1.0 MOULINAT_AVAL
1 17669 7.84748004 0.05608874292999999 7.06437239 1.0 MOULINAT_AVAL
1 17670 7.62595603 0.05608874292999999 7.03536329 1.0 MOULINAT_AVAL
