1 10745 9.64 0.2938278884750001 BAR
1 11430 9.64 0.2938278884750001 BAR
1 11428 9.64 0.2938278884750001 BAR
1 11427 9.64 0.2938278884750001 BAR
1 11426 9.64 0.2938278884750001 BAR
1 11430 9.64 0.2938278884750001 BAR
1 11443 9.64 0.2938278884750001 BAR
1 11431 9.64 0.2938278884750001 BAR
1 11442 9.64 0.2938278884750001 BAR
1 11443 9.64 0.2938278884750001 BAR
1 11441 9.64 0.2938278884750001 BAR
1 11437 9.64 0.2938278884750001 BAR
1 11440 9.64 0.2938278884750001 BAR
1 11441 9.64 0.2938278884750001 BAR
1 11482 9.64 0.2938278884750001 BAR
1 11439 9.64 0.2938278884750001 BAR
1 11482 9.64 0.2938278884750001 BAR
1 11461 9.64 0.2938278884750001 BAR
1 11460 9.64 0.2938278884750001 BAR
1 11461 9.64 0.2938278884750001 BAR
1 11462 9.64 0.2938278884750001 BAR
1 11459 9.64 0.2938278884750001 BAR
1 11462 9.64 0.2938278884750001 BAR
1 11457 9.64 0.2938278884750001 BAR
1 11456 9.64 0.2938278884750001 BAR
1 11457 9.64 0.2938278884750001 BAR
1 11380 9.64 0.2938278884750001 BAR
1 11455 9.64 0.2938278884750001 BAR
1 11466 9.64 0.2938278884750001 BAR
1 11380 9.64 0.2938278884750001 BAR
1 11378 9.64 0.2938278884750001 BAR
1 11373 9.64 0.2938278884750001 BAR
1 11379 9.64 0.2938278884750001 BAR
1 11373 9.64 0.2938278884750001 BAR
1 11374 9.64 0.2938278884750001 BAR
1 11371 9.64 0.2938278884750001 BAR
1 11374 9.64 0.2938278884750001 BAR
1 11352 9.64 0.2938278884750001 BAR
1 11351 9.64 0.2938278884750001 BAR
1 11353 9.64 0.2938278884750001 BAR
1 11351 9.64 0.2938278884750001 BAR
1 11514 9.64 0.2938278884750001 BAR
1 11345 9.64 0.2938278884750001 BAR
1 11516 9.64 0.2938278884750001 BAR
1 11514 9.64 0.2938278884750001 BAR
1 11173 9.64 0.2938278884750001 BAR
1 11172 9.64 0.2938278884750001 BAR
1 11173 9.64 0.2938278884750001 BAR
1 11174 9.64 0.2938278884750001 BAR
1 11176 9.64 0.2938278884750001 BAR
1 11174 9.64 0.2938278884750001 BAR
1 11175 9.64 0.2938278884750001 BAR
1 11180 9.64 0.2938278884750001 BAR
1 11186 9.64 0.2938278884750001 BAR
1 11180 9.64 0.2938278884750001 BAR
1 11181 9.64 0.2938278884750001 BAR
1 11184 9.64 0.2938278884750001 BAR
1 11185 9.64 0.2938278884750001 BAR
1 11235 9.64 0.2938278884750001 BAR
1 11228 9.64 0.2938278884750001 BAR
1 11234 9.64 0.2938278884750001 BAR
1 11235 9.64 0.2938278884750001 BAR
1 11238 9.64 0.2938278884750001 BAR
1 11239 9.64 0.2938278884750001 BAR
1 11250 9.64 0.2938278884750001 BAR
1 11251 9.64 0.2938278884750001 BAR
1 11248 9.64 0.2938278884750001 BAR
1 11245 9.64 0.2938278884750001 BAR
1 11248 9.64 0.2938278884750001 BAR
1 11249 9.64 0.2938278884750001 BAR
1 11932 9.64 0.2938278884750001 BAR
1 11936 9.64 0.2938278884750001 BAR
1 11933 9.64 0.2938278884750001 BAR
1 11936 9.64 0.2938278884750001 BAR
1 11937 9.64 0.2938278884750001 BAR
1 15206 7.96 0.17124753333749995 GAL
1 15209 7.96 0.17124753333749995 GAL
1 15216 7.96 0.17124753333749995 GAL
1 15215 7.96 0.17124753333749995 GAL
1 15216 7.96 0.17124753333749995 GAL
1 15221 7.96 0.17124753333749995 GAL
1 15227 7.96 0.17124753333749995 GAL
1 15221 7.96 0.17124753333749995 GAL
1 15222 7.96 0.17124753333749995 GAL
1 15226 7.96 0.17124753333749995 GAL
1 15225 7.96 0.17124753333749995 GAL
1 15226 7.96 0.17124753333749995 GAL
1 15910 7.96 0.17124753333749995 GAL
1 15909 7.96 0.17124753333749995 GAL
1 15910 7.96 0.17124753333749995 GAL
1 15913 7.96 0.17124753333749995 GAL
1 15912 7.96 0.17124753333749995 GAL
1 15911 7.96 0.17124753333749995 GAL
1 15912 7.96 0.17124753333749995 GAL
1 15923 7.96 0.17124753333749995 GAL
1 15924 7.96 0.17124753333749995 GAL
1 15927 7.96 0.17124753333749995 GAL
1 15928 7.96 0.17124753333749995 GAL
1 15971 7.96 0.17124753333749995 GAL
1 15975 7.96 0.17124753333749995 GAL
1 15972 7.96 0.17124753333749995 GAL
1 15975 7.96 0.17124753333749995 GAL
1 15976 7.96 0.17124753333749995 GAL
1 15987 7.96 0.17124753333749995 GAL
1 15988 7.96 0.17124753333749995 GAL
1 15991 7.96 0.17124753333749995 GAL
1 16163 7.96 0.17124753333749995 GAL
1 15992 7.96 0.17124753333749995 GAL
1 16163 7.96 0.17124753333749995 GAL
1 16164 7.96 0.17124753333749995 GAL
1 16167 7.96 0.17124753333749995 GAL
1 16146 7.96 0.17124753333749995 GAL
1 16145 7.96 0.17124753333749995 GAL
1 16146 7.96 0.17124753333749995 GAL
1 16157 7.96 0.17124753333749995 GAL
1 16161 7.96 0.17124753333749995 GAL
1 16158 7.96 0.17124753333749995 GAL
1 16161 7.96 0.17124753333749995 GAL
1 16160 7.96 0.17124753333749995 GAL
1 16159 7.96 0.17124753333749995 GAL
1 16160 7.96 0.17124753333749995 GAL
1 16203 7.96 0.17124753333749995 GAL
1 16204 7.96 0.17124753333749995 GAL
1 16201 7.96 0.17124753333749995 GAL
1 16198 7.96 0.17124753333749995 GAL
1 16201 7.96 0.17124753333749995 GAL
1 16213 7.96 0.17124753333749995 GAL
1 16202 7.96 0.17124753333749995 GAL
1 16213 7.96 0.17124753333749995 GAL
1 16212 7.96 0.17124753333749995 GAL
1 16214 7.96 0.17124753333749995 GAL
1 16212 7.96 0.17124753333749995 GAL
1 16215 7.96 0.17124753333749995 GAL
