1 22789 15.17655383 0.12278821035999998 13.65685412 18.0 GAJAC
1 22787 15.15503688 0.12278821035999998 13.64002884 18.0 GAJAC
1 22788 15.0781757 0.12278821035999998 13.57992687 18.0 GAJAC
1 22791 14.95692211 0.12278821035999998 13.48511202 18.0 GAJAC
1 17793 14.89664591 0.12278821035999998 13.43797876 18.0 GAJAC
1 17794 14.76859066 0.12278821035999998 13.33784533 18.0 GAJAC
1 17792 14.758942999999999 0.12278821035999998 13.33030129 18.0 GAJAC
1 17795 14.639312400000001 0.12278821035999998 13.23675556 18.0 GAJAC
1 12797 14.61396679 0.12278821035999998 13.21693643 18.0 GAJAC
1 12798 14.51849846 0.12278821035999998 13.14228451 18.0 GAJAC
1 12807 14.37732153 0.06139410517999999 13.03189052 18.0 GAJAC
1 12810 14.30815083 0.06139410517999999 12.97780215 18.0 GAJAC
1 12809 14.3248082 0.06139410517999999 12.99082746 18.0 GAJAC
1 12810 14.30466785 0.06139410517999999 12.97507862 18.0 GAJAC
1 17800 14.26216071 0.06139410517999999 12.94183996 18.0 GAJAC
1 17803 14.22259146 0.06139410517999999 12.91089858 18.0 GAJAC
1 17805 14.16545377 0.06139410517999999 12.86621949 18.0 GAJAC
1 17806 14.13860339 0.06139410517999999 12.8452237 18.0 GAJAC
1 17820 14.06161966 0.06139410517999999 12.7850259 18.0 GAJAC
1 17821 13.99044259 0.030697052589999996 12.72936865 18.0 GAJAC
1 17824 13.95799795 0.030697052589999996 12.7039984 18.0 GAJAC
1 17822 13.95254957 0.030697052589999996 12.69973801 18.0 GAJAC
1 17824 13.93786272 0.030697052589999996 12.68825356 18.0 GAJAC
1 17847 13.93865861 0.030697052589999996 12.68887591 18.0 GAJAC
1 17848 13.91104561 0.030697052589999996 12.66728378 18.0 GAJAC
1 17859 13.87853187 0.015348526294999998 12.64185951 18.0 GAJAC
1 17860 13.86552637 0.015348526294999998 12.6316898 18.0 GAJAC
1 17883 13.84308793 0.015348526294999998 12.61414394 18.0 GAJAC
1 17863 13.84878711 0.015348526294999998 12.61860044 18.0 GAJAC
1 17883 13.83550523 0.015348526294999998 12.60821461 18.0 GAJAC
1 17864 13.83275928 0.015348526294999998 12.60606741 18.0 GAJAC
1 17884 13.83416936 0.015348526294999998 12.60717003 18.0 GAJAC
1 12732 8.08517056 0.04568046112149999 6.17831887 15.0 BUSSAGUET_AVAL
1 17656 8.10342003 0.04568046112149999 6.29803538 15.0 BUSSAGUET_AVAL
1 17655 8.09586563 0.04568046112149999 6.2484785 15.0 BUSSAGUET_AVAL
1 17656 8.1059895 0.04568046112149999 6.31489111 15.0 BUSSAGUET_AVAL
1 17658 8.11967339 0.04568046112149999 6.40465745 15.0 BUSSAGUET_AVAL
1 17667 8.16098391 0.04568046112149999 6.67565448 15.0 BUSSAGUET_AVAL
1 17661 8.15488843 0.04568046112149999 6.63566809 15.0 BUSSAGUET_AVAL
1 17667 8.16638284 0.04568046112149999 6.71107146 15.0 BUSSAGUET_AVAL
1 17670 8.20412013 0.04568046112149999 6.95862802 15.0 BUSSAGUET_AVAL
1 17669 8.1967883 0.04568046112149999 6.91053127 15.0 BUSSAGUET_AVAL
1 26629 22.88671118 0.020113477882000002 21.75671118 5.0 HAILLAN4
1 26601 22.28878519 0.020113477882000002 21.15878519 5.0 HAILLAN4
1 26602 22.00607306 0.020113477882000002 20.87607306 5.0 HAILLAN4
1 26601 21.91517972 0.020113477882000002 20.78517972 5.0 HAILLAN4
1 26599 21.77960563 0.020113477882000002 20.64960563 5.0 HAILLAN4
1 26600 21.70812273 0.020113477882000002 20.57812273 5.0 HAILLAN4
1 26562 21.32561713 0.020113477882000002 20.19561713 5.0 HAILLAN4
1 26565 21.22233584 0.020113477882000002 20.09233584 5.0 HAILLAN4
1 26563 20.82138069 0.020113477882000002 19.69138069 5.0 HAILLAN4
1 26564 20.4452843 0.020113477882000002 19.3152843 5.0 HAILLAN4
1 26516 20.43911553 0.020113477882000002 19.30911553 5.0 HAILLAN4
1 26519 19.87070685 0.020113477882000002 18.74070685 5.0 HAILLAN4
1 26517 19.7379929 0.020113477882000002 18.607992899999996 5.0 HAILLAN4
1 26519 19.74808806 0.020113477882000002 18.61808806 5.0 HAILLAN4
1 26517 19.89639952 0.020113477882000002 18.76639952 5.0 HAILLAN4
1 26457 19.51318879 0.020113477882000002 18.38318879 5.0 HAILLAN4
1 26458 18.88437126 0.020113477882000002 17.75437126 5.0 HAILLAN4
1 26611 21.38634217 0.020158777786 20.36195296 17.0 HAILLAN5
1 26573 21.16836997 0.020158777786 20.13501071 17.0 HAILLAN5
1 26571 20.80777912 0.020158777786 19.75958073 17.0 HAILLAN5
1 26523 20.19754375 0.020158777786 19.12423279 17.0 HAILLAN5
1 26520 20.27885751 0.020158777786 19.2088928 17.0 HAILLAN5
1 26518 20.03569561 0.020158777786 18.95572423 17.0 HAILLAN5
1 26458 19.52641483 0.020158777786 18.4254854 17.0 HAILLAN5
1 26550 22.11678048 0.01789990728560001 21.12158962 6.0 HAILLAN2
1 26553 21.98416276 0.01789990728560001 20.98351057 6.0 HAILLAN2
1 26552 21.38851568 0.01789990728560001 20.36333412 6.0 HAILLAN2
1 26554 21.33897367 0.01789990728560001 20.31175192 6.0 HAILLAN2
1 26552 21.32106572 0.01789990728560001 20.2931065 6.0 HAILLAN2
1 26507 20.78356496 0.01789990728560001 19.733470899999997 6.0 HAILLAN2
1 26555 20.94904995 0.01789990728560001 19.90577073 6.0 HAILLAN2
1 26507 20.54693694 0.01789990728560001 19.48709829 6.0 HAILLAN2
1 26508 20.58152902 0.01789990728560001 19.52311491 6.0 HAILLAN2
1 26506 20.21366032 0.01789990728560001 19.14009699 6.0 HAILLAN2
1 26509 19.72282719 0.01789990728560001 18.62905085 6.0 HAILLAN2
1 26449 19.75861114 0.01789990728560001 18.66630841 6.0 HAILLAN2
1 26447 19.09196954 0.01789990728560001 17.97221382 6.0 HAILLAN2
1 26448 19.01145332 0.01789990728560001 17.88838185 6.0 HAILLAN2
1 26380 18.73175203 0.01789990728560001 17.59716218 6.0 HAILLAN2
1 26378 18.18186178 0.01789990728560001 17.02462687 6.0 HAILLAN2
1 26381 17.77349057 0.01789990728560001 16.59943851 6.0 HAILLAN2
1 26289 17.56273471 0.01789990728560001 16.38000351 6.0 HAILLAN2
1 26381 17.62905767 0.01789990728560001 16.44905771 6.0 HAILLAN2
1 26289 17.55355139 0.01789990728560001 16.370442 6.0 HAILLAN2
1 26284 17.03460432 0.008949953642800004 15.83012416 6.0 HAILLAN2
1 26285 16.73998601 0.008949953642800004 15.52337316 6.0 HAILLAN2
1 26287 16.75682994 0.008949953642800004 15.54091074 6.0 HAILLAN2
1 26285 16.82073722 0.008949953642800004 15.60744979 6.0 HAILLAN2
1 26090 16.62425922 0.008949953642800004 15.40288062 6.0 HAILLAN2
1 26088 16.37277527 0.008949953642800004 15.141040300000002 6.0 HAILLAN2
1 26085 16.3530833 0.008949953642800004 15.12053739 6.0 HAILLAN2
1 26067 16.1488413 0.004474976821400002 14.90788449 6.0 HAILLAN2
1 26065 16.05134956 0.004474976821400002 14.80637794 6.0 HAILLAN2
1 26070 15.91018768 0.004474976821400002 14.65940287 6.0 HAILLAN2
1 26076 15.89579703 0.004474976821400002 14.644419599999999 6.0 HAILLAN2
1 26070 15.88217714 0.004474976821400002 14.63023882 6.0 HAILLAN2
1 26068 15.80264787 0.004474976821400002 14.54743445 6.0 HAILLAN2
1 25161 15.64713294 0.002237488410700001 14.38551526 6.0 HAILLAN2
1 26069 15.76121482 0.004474976821400002 14.50429515 6.0 HAILLAN2
1 25160 15.66658993 0.002237488410700001 14.40577351 6.0 HAILLAN2
1 25161 15.661269800000001 0.002237488410700001 14.40023429 6.0 HAILLAN2
1 25159 15.62881329 0.002237488410700001 14.36644119 6.0 HAILLAN2
1 26458 18.83756329 0.010108710268599998 17.70829172 4.0 HAILLAN3
1 26456 19.02189235 0.010108710268599998 17.90026576 4.0 HAILLAN3
1 26388 18.5183999 0.010108710268599998 17.37589114 4.0 HAILLAN3
1 26386 18.11269914 0.010108710268599998 16.95336408 4.0 HAILLAN3
1 26300 17.60098959 0.010108710268599998 16.42043156 4.0 HAILLAN3
1 26299 17.279476199999998 0.010108710268599998 16.08558351 4.0 HAILLAN3
1 26294 17.08673395 0.005054355134299999 15.88484734 4.0 HAILLAN3
1 26292 16.89926735 0.005054355134299999 15.68960563 4.0 HAILLAN3
1 26127 16.67020434 0.005054355134299999 15.45104231 4.0 HAILLAN3
1 26126 16.49044468 0.005054355134299999 15.26382718 4.0 HAILLAN3
1 26124 16.46215171 0.005054355134299999 15.23436076 4.0 HAILLAN3
1 26103 16.22989903 0.0025271775671499995 14.99247549 4.0 HAILLAN3
1 26101 16.11278474 0.0025271775671499995 14.87050393 4.0 HAILLAN3
1 26100 16.00000802 0.0025271775671499995 14.75304983 4.0 HAILLAN3
1 26094 16.02390698 0.0025271775671499995 14.77793998 4.0 HAILLAN3
1 26075 15.88952711 0.0025271775671499995 14.63798676 4.0 HAILLAN3
1 26073 15.84796739 0.0025271775671499995 14.59470336 4.0 HAILLAN3
1 26072 15.76057625 0.0025271775671499995 14.50368771 4.0 HAILLAN3
1 25172 15.67871762 0.0012635887835749998 14.41843402 4.0 HAILLAN3
1 25173 15.68268824 0.0012635887835749998 14.42256932 4.0 HAILLAN3
1 25172 15.655053899999999 0.0012635887835749998 14.39378885 4.0 HAILLAN3
1 25159 15.60177052 0.0012635887835749998 14.33829556 4.0 HAILLAN3
1 25170 15.61627925 0.0012635887835749998 14.35340604 4.0 HAILLAN3
1 25159 15.60479082 0.0012635887835749998 14.34144113 4.0 HAILLAN3
1 25159 15.58897192 8.746423966e-06 14.32479983 9.0 HAILLAN1
1 25153 15.53446082 8.746423966e-06 14.26840609 9.0 HAILLAN1
1 25152 15.51910587 8.746423966e-06 14.25252083 9.0 HAILLAN1
1 25150 15.47339243 8.746423966e-06 14.20522859 9.0 HAILLAN1
1 25128 15.29737824 8.746423966e-06 14.02313542 9.0 HAILLAN1
1 25123 15.16414727 8.746423966e-06 13.88530307 9.0 HAILLAN1
1 25125 15.28159419 8.746423966e-06 14.00680623 9.0 HAILLAN1
1 25123 15.20742434 8.746423966e-06 13.93007479 9.0 HAILLAN1
1 25116 15.0461334 8.746423966e-06 13.76321336 9.0 HAILLAN1
1 25122 15.06260833 8.746423966e-06 13.78025728 9.0 HAILLAN1
1 25116 15.09614387 8.746423966e-06 13.81495104 9.0 HAILLAN1
1 25114 14.93575338 8.746423966e-06 13.64902115 9.0 HAILLAN1
1 25071 14.92146581 8.746423966e-06 13.63424014 9.0 HAILLAN1
1 24817 14.85760604 8.746423966e-06 13.56817485 9.0 HAILLAN1
1 24811 14.68150559 4.373211983e-06 13.38599244 9.0 HAILLAN1
1 24816 14.71228403 8.746423966e-06 13.41783387 9.0 HAILLAN1
1 24811 14.68936057 4.373211983e-06 13.39411871 9.0 HAILLAN1
1 24809 14.63719461 4.373211983e-06 13.3401511 9.0 HAILLAN1
1 24792 14.56879079 4.373211983e-06 13.26938482 9.0 HAILLAN1
1 24808 14.59819465 4.373211983e-06 13.299804199999999 9.0 HAILLAN1
1 24792 14.58695704 4.373211983e-06 13.28817848 9.0 HAILLAN1
1 24790 14.5416739 4.373211983e-06 13.24133139 9.0 HAILLAN1
1 24784 14.489390400000001 4.373211983e-06 13.18724219 9.0 HAILLAN1
1 24782 14.43838984 4.373211983e-06 13.13448023 9.0 HAILLAN1
1 24697 14.36687033 4.373211983e-06 13.06049066 9.0 HAILLAN1
1 24708 14.36540611 4.373211983e-06 13.05897587 9.0 HAILLAN1
1 24697 14.35458087 4.373211983e-06 13.04777676 9.0 HAILLAN1
1 24695 14.33632099 4.373211983e-06 13.02888624 9.0 HAILLAN1
1 24689 14.29067927 4.373211983e-06 12.98166819 9.0 HAILLAN1
1 24686 14.21046211 4.373211983e-06 12.89868058 9.0 HAILLAN1
1 24688 14.201603099999998 4.373211983e-06 12.88951561 9.0 HAILLAN1
1 24686 14.19816667 4.373211983e-06 12.8859605 9.0 HAILLAN1
1 24659 14.0877229 4.373211983e-06 12.77170234 9.0 HAILLAN1
1 24664 14.16633042 4.373211983e-06 12.85302472 9.0 HAILLAN1
1 24662 14.08727666 4.373211983e-06 12.77124069 9.0 HAILLAN1
1 24659 14.09148803 4.373211983e-06 12.7755975 9.0 HAILLAN1
1 24653 14.05923542 4.373211983e-06 12.74223099 9.0 HAILLAN1
1 24651 14.00763921 4.373211983e-06 12.68885281 9.0 HAILLAN1
1 21494 13.95971649 4.373211983e-06 12.63927499 9.0 HAILLAN1
1 21495 13.87810882 4.373211983e-06 12.55484885 9.0 HAILLAN1
1 21492 13.88324852 4.373211983e-06 12.56016605 9.0 HAILLAN1
1 21495 13.85934095 4.373211983e-06 12.53543279 9.0 HAILLAN1
1 21489 13.846569400000002 4.373211983e-06 12.52222014 9.0 HAILLAN1
1 21488 13.75440542 4.373211983e-06 12.42687311 9.0 HAILLAN1
1 21487 13.77219516 4.373211983e-06 12.44527725 9.0 HAILLAN1
1 21488 13.75904908 4.373211983e-06 12.43167715 9.0 HAILLAN1
1 21466 13.74304828 4.373211983e-06 12.41512373 9.0 HAILLAN1
1 21477 13.67538752 4.373211983e-06 12.34512618 9.0 HAILLAN1
1 21476 13.60706538 4.373211983e-06 12.2744444 9.0 HAILLAN1
1 21475 13.63173195 4.373211983e-06 12.29996288 9.0 HAILLAN1
1 21476 13.56412897 4.373211983e-06 12.230025099999999 9.0 HAILLAN1
1 21470 13.55529586 4.373211983e-06 12.22088692 9.0 HAILLAN1
1 21473 13.54337096 4.373211983e-06 12.20855018 9.0 HAILLAN1
1 21471 13.50544476 4.373211983e-06 12.16931412 9.0 HAILLAN1
1 21386 13.4052764 4.373211983e-06 12.06568626 9.0 HAILLAN1
1 21472 13.43925818 4.373211983e-06 12.10084166 9.0 HAILLAN1
1 21386 13.41879102 4.373211983e-06 12.07966763 9.0 HAILLAN1
1 21557 13.40549753 4.373211983e-06 12.06591502 9.0 HAILLAN1
1 21555 13.34462197 4.373211983e-06 12.00293701 9.0 HAILLAN1
1 21549 13.28947778 4.373211983e-06 11.94588831 9.0 HAILLAN1
1 21550 13.2399753 4.373211983e-06 11.89467617 9.0 HAILLAN1
1 21548 13.20583415 4.373211983e-06 11.85935589 9.0 HAILLAN1
1 21529 13.11464831 4.373211983e-06 11.76502078 9.0 HAILLAN1
1 21526 13.12357505 4.373211983e-06 11.77425582 9.0 HAILLAN1
1 21529 13.13628884 4.373211983e-06 11.7874087 9.0 HAILLAN1
1 21527 13.09196789 4.373211983e-06 11.74155705 9.0 HAILLAN1
1 21519 12.97681871 4.373211983e-06 11.62243097 9.0 HAILLAN1
1 21521 13.04145939 4.373211983e-06 11.68930414 9.0 HAILLAN1
1 21519 12.96146933 4.373211983e-06 11.60655148 9.0 HAILLAN1
1 21169 12.81749799 4.373211983e-06 11.45760781 9.0 HAILLAN1
1 21177 12.94185082 4.373211983e-06 11.5862554 9.0 HAILLAN1
1 21175 12.89202562 4.373211983e-06 11.53470939 9.0 HAILLAN1
1 21169 12.84164262 4.373211983e-06 11.48258632 9.0 HAILLAN1
1 21145 12.72299127 4.373211983e-06 11.35983712 9.0 HAILLAN1
1 21167 12.79234932 4.373211983e-06 11.43159058 9.0 HAILLAN1
1 21145 12.72594161 4.373211983e-06 11.36288936 9.0 HAILLAN1
1 21137 12.61934863 4.373211983e-06 11.25261499 9.0 HAILLAN1
1 21143 12.69255747 4.373211983e-06 11.32835224 9.0 HAILLAN1
1 21137 12.63791729 4.373211983e-06 11.27182495 9.0 HAILLAN1
1 21049 12.53551973 4.373211983e-06 11.1658909 9.0 HAILLAN1
1 21135 12.59282141 4.373211983e-06 11.2251716 9.0 HAILLAN1
1 21049 12.49108723 4.373211983e-06 11.11992384 9.0 HAILLAN1
1 21047 12.49524879 4.373211983e-06 11.12422913 9.0 HAILLAN1
1 21042 12.43130137 4.373211983e-06 11.05807316 9.0 HAILLAN1
1 21041 12.41219683 4.373211983e-06 11.03830881 9.0 HAILLAN1
1 21042 12.35929777 4.373211983e-06 10.98358278 9.0 HAILLAN1
1 21029 12.29790227 4.373211983e-06 10.92006687 9.0 HAILLAN1
1 21040 12.35994322 4.373211983e-06 10.98425052 9.0 HAILLAN1
1 21051 12.32598136 4.373211983e-06 10.94911573 9.0 HAILLAN1
1 21029 12.296880300000002 4.373211983e-06 10.91900961 9.0 HAILLAN1
1 21022 12.17700578 4.373211983e-06 10.79499499 9.0 HAILLAN1
1 21027 12.26443844 4.373211983e-06 10.885447300000001 9.0 HAILLAN1
1 21021 12.19485528 4.373211983e-06 10.81346095 9.0 HAILLAN1
1 21022 12.15242686 4.373211983e-06 10.76956719 9.0 HAILLAN1
1 16702 12.10063941 4.373211983e-06 10.71599116 9.0 HAILLAN1
1 21020 12.15908456 4.373211983e-06 10.77645483 9.0 HAILLAN1
1 16702 12.04657893 4.373211983e-06 10.66006361 9.0 HAILLAN1
1 16698 11.96703113 4.373211983e-06 10.57776847 9.0 HAILLAN1
1 16705 12.02637474 4.373211983e-06 10.63916162 9.0 HAILLAN1
1 16697 11.9600766 4.373211983e-06 10.57057375 9.0 HAILLAN1
1 16703 12.05807951 4.373211983e-06 10.67196138 9.0 HAILLAN1
1 16698 11.93330235 4.373211983e-06 10.5428748 9.0 HAILLAN1
1 16696 11.91804661 4.373211983e-06 10.52709217 9.0 HAILLAN1
1 16715 11.79732344 4.373211983e-06 10.4021996 9.0 HAILLAN1
1 16739 11.85476057 4.373211983e-06 10.46162043 9.0 HAILLAN1
1 16717 11.86741061 4.373211983e-06 10.47470736 9.0 HAILLAN1
1 16715 11.79269571 4.373211983e-06 10.39741205 9.0 HAILLAN1
1 16710 11.72623422 4.373211983e-06 10.32865518 9.0 HAILLAN1
1 16709 11.74650217 4.373211983e-06 10.34962312 9.0 HAILLAN1
1 16710 11.68382174 4.373211983e-06 10.28477791 9.0 HAILLAN1
1 16625 11.62954612 4.373211983e-06 10.22862777 9.0 HAILLAN1
1 16708 11.70490845 4.373211983e-06 10.30659289 9.0 HAILLAN1
1 16711 11.633171800000001 4.373211983e-06 10.23237867 9.0 HAILLAN1
1 16625 11.59093661 4.373211983e-06 10.18868482 9.0 HAILLAN1
1 16635 11.49134996 4.373211983e-06 10.08565875 9.0 HAILLAN1
1 16626 11.55969999 4.373211983e-06 10.15636938 9.0 HAILLAN1
1 16624 11.56983994 4.373211983e-06 10.16685953 9.0 HAILLAN1
1 16635 11.48407868 4.373211983e-06 10.07813634 9.0 HAILLAN1
1 16628 11.40028963 4.373211983e-06 9.99145347 9.0 HAILLAN1
1 16629 11.49037381 4.373211983e-06 10.08464889 9.0 HAILLAN1
1 16630 11.43650658 4.373211983e-06 10.02892125 9.0 HAILLAN1
1 16628 11.38857589 4.373211983e-06 9.97933518 9.0 HAILLAN1
1 16609 11.34425096 4.373211983e-06 9.93347941 9.0 HAILLAN1
1 16631 11.3423186 4.373211983e-06 9.93148031 9.0 HAILLAN1
1 16609 11.32002665 4.373211983e-06 9.90841846 9.0 HAILLAN1
1 16607 11.30687858 4.373211983e-06 9.8948163 9.0 HAILLAN1
1 16602 11.22163527 4.373211983e-06 9.80662895 9.0 HAILLAN1
1 16601 11.22434457 4.373211983e-06 9.80943182 9.0 HAILLAN1
1 16602 11.22665544 4.373211983e-06 9.8118225 9.0 HAILLAN1
1 16600 11.19264975 4.373211983e-06 9.77664237 9.0 HAILLAN1
1 16941 11.11111181 4.373211983e-06 9.69228836 9.0 HAILLAN1
1 16258 11.11196843 4.373211983e-06 9.69317456 9.0 HAILLAN1
1 16941 11.11139071 4.373211983e-06 9.69257689 9.0 HAILLAN1
1 16939 11.08210637 4.373211983e-06 9.66228116 9.0 HAILLAN1
1 16932 10.9537135 4.373211983e-06 9.52945399 9.0 HAILLAN1
1 16933 11.0173621 4.373211983e-06 9.59530082 9.0 HAILLAN1
1 16934 10.98154357 4.373211983e-06 9.55824524 9.0 HAILLAN1
1 16932 10.96333549 4.373211983e-06 9.539408300000002 9.0 HAILLAN1
1 16913 10.89161876 4.373211983e-06 9.46521469 9.0 HAILLAN1
1 16910 10.89837208 4.373211983e-06 9.47220126 9.0 HAILLAN1
1 16913 10.850441400000001 4.373211983e-06 9.4226152 9.0 HAILLAN1
1 16912 10.81480216 4.373211983e-06 9.38574509 9.0 HAILLAN1
1 16911 10.81697359 4.373211983e-06 9.38799151 9.0 HAILLAN1
1 16912 10.81486193 4.373211983e-06 9.38580692 9.0 HAILLAN1
1 16906 10.75322538 4.373211983e-06 9.32204164 9.0 HAILLAN1
1 16917 10.75262774 4.373211983e-06 9.32142336 9.0 HAILLAN1
1 16915 10.69981633 4.373211983e-06 9.26678801 9.0 HAILLAN1
1 16916 10.67947667 4.373211983e-06 9.24574588 9.0 HAILLAN1
1 16919 10.62965346 4.373211983e-06 9.19420193 9.0 HAILLAN1
1 16920 10.57981033 4.373211983e-06 9.14263737 9.0 HAILLAN1
1 16963 10.52014599 4.373211983e-06 9.08091241 9.0 HAILLAN1
1 16878 10.46350969 4.373211983e-06 9.02232007 9.0 HAILLAN1
1 16877 10.46757363 4.373211983e-06 9.02652437 9.0 HAILLAN1
1 16878 10.43446441 4.373211983e-06 8.99227166 9.0 HAILLAN1
1 16881 10.40942331 4.373211983e-06 8.96636572 9.0 HAILLAN1
1 16879 10.36547689 4.373211983e-06 8.92090153 9.0 HAILLAN1
1 16880 10.36328555 4.373211983e-06 8.9186345 9.0 HAILLAN1
1 16891 10.30543405 4.373211983e-06 8.85878499 9.0 HAILLAN1
1 16892 10.25333981 4.373211983e-06 8.80489157 9.0 HAILLAN1
1 16889 10.17198115 4.373211983e-06 8.72072305 9.0 HAILLAN1
1 16895 10.18630458 4.373211983e-06 8.73554116 9.0 HAILLAN1
1 16889 10.15257779 4.373211983e-06 8.70064955 9.0 HAILLAN1
1 16888 10.0966985 4.373211983e-06 8.64284037 9.0 HAILLAN1
1 16890 10.11905022 4.373211983e-06 8.66596404 9.0 HAILLAN1
1 16888 10.10297372 4.373211983e-06 8.64933231 9.0 HAILLAN1
1 17059 10.05368838 4.373211983e-06 8.59834481 9.0 HAILLAN1
1 17037 10.04400662 4.373211983e-06 8.58832867 9.0 HAILLAN1
1 17035 9.98798788 4.373211983e-06 8.53037522 9.0 HAILLAN1
1 17030 9.92266589 4.373211983e-06 8.46279721 9.0 HAILLAN1
1 17036 9.92320377 4.373211983e-06 8.46335366 9.0 HAILLAN1
1 17030 9.897067 4.373211983e-06 8.43631421 9.0 HAILLAN1
1 17031 9.838279199999999 4.373211983e-06 8.37549606 9.0 HAILLAN1
1 17033 9.85718453 4.373211983e-06 8.39505432 9.0 HAILLAN1
1 17031 9.80118571 4.373211983e-06 8.33712148 9.0 HAILLAN1
1 17032 9.81696339 4.373211983e-06 8.35344407 9.0 HAILLAN1
1 17045 9.72628156 4.373211983e-06 8.25963038 9.0 HAILLAN1
1 17043 9.74879265 4.373211983e-06 8.28291893 9.0 HAILLAN1
1 17045 9.72476754 4.373211983e-06 8.25806407 9.0 HAILLAN1
1 17046 9.69293328 4.373211983e-06 8.22513035 9.0 HAILLAN1
1 17055 9.6223919 4.373211983e-06 8.15215269 9.0 HAILLAN1
1 17052 9.65827019 4.373211983e-06 8.1892701 9.0 HAILLAN1
1 17055 9.61436361 4.373211983e-06 8.14384713 9.0 HAILLAN1
1 17056 9.58517889 4.373211983e-06 8.11365445 9.0 HAILLAN1
1 17093 9.56246859 8.746423966e-06 8.09015981 9.0 HAILLAN1
1 17094 9.41449305 8.746423966e-06 7.93707366 9.0 HAILLAN1
1 17092 9.43108751 8.746423966e-06 7.95424124 9.0 HAILLAN1
1 17095 9.25763262 8.746423966e-06 7.77479575 9.0 HAILLAN1
1 12600 9.25797128 8.746423966e-06 7.77514611 9.0 HAILLAN1
1 12259 9.60614209 0.006280979510749997 7.83008306 0.0 BUSSAGUET_AMONT
1 12257 9.58985966 0.006280979510749997 7.82889888 0.0 BUSSAGUET_AMONT
1 12253 9.60318019 0.006280979510749997 7.82986765 0.0 BUSSAGUET_AMONT
1 12256 9.60784755 0.006280979510749997 7.83020709 0.0 BUSSAGUET_AMONT
1 12257 9.59482009 0.006280979510749997 7.82925964 0.0 BUSSAGUET_AMONT
1 12269 9.56876166 0.006280979510749997 7.82736448 0.0 BUSSAGUET_AMONT
1 12268 9.583920800000001 0.006280979510749997 7.82846697 0.0 BUSSAGUET_AMONT
1 12269 9.5662215 0.006280979510749997 7.82717975 0.0 BUSSAGUET_AMONT
1 12271 9.54804615 0.006280979510749997 7.8258579 0.0 BUSSAGUET_AMONT
1 12267 9.55592875 0.006280979510749997 7.82643118 0.0 BUSSAGUET_AMONT
1 12270 9.56103295 0.006280979510749997 7.8268024 0.0 BUSSAGUET_AMONT
1 12271 9.53731117 0.006280979510749997 7.82507718 0.0 BUSSAGUET_AMONT
1 12446 9.51390683 0.006280979510749997 7.82337504 0.0 BUSSAGUET_AMONT
1 12442 9.53824388 0.006280979510749997 7.82514501 0.0 BUSSAGUET_AMONT
1 12443 9.52682066 0.006280979510749997 7.82431423 0.0 BUSSAGUET_AMONT
1 12446 9.50271495 0.006280979510749997 7.82256109 0.0 BUSSAGUET_AMONT
1 12164 9.48358379 0.006280979510749997 7.82116973 0.0 BUSSAGUET_AMONT
1 12447 9.50394226 0.006280979510749997 7.82265035 0.0 BUSSAGUET_AMONT
1 12458 9.48929864 0.006280979510749997 7.82158536 0.0 BUSSAGUET_AMONT
1 12164 9.48238571 0.006280979510749997 7.8210826 0.0 BUSSAGUET_AMONT
1 12168 9.467526300000001 0.006280979510749997 7.82000191 0.0 BUSSAGUET_AMONT
1 12165 9.48139847 0.006280979510749997 7.821010799999999 0.0 BUSSAGUET_AMONT
1 12168 9.45931908 0.006280979510749997 7.81940502 0.0 BUSSAGUET_AMONT
1 12180 9.44157392 0.012561959021499994 7.81811447 0.0 BUSSAGUET_AMONT
1 12169 9.45824102 0.006280979510749997 7.81932662 0.0 BUSSAGUET_AMONT
1 12180 9.44930146 0.012561959021499994 7.81867647 0.0 BUSSAGUET_AMONT
1 12181 9.4293993 0.012561959021499994 7.81722904 0.0 BUSSAGUET_AMONT
1 12185 9.37776383 0.012561959021499994 7.81347373 0.0 BUSSAGUET_AMONT
1 12184 9.40687035 0.012561959021499994 7.81559057 0.0 BUSSAGUET_AMONT
1 12185 9.37016532 0.012561959021499994 7.81292111 0.0 BUSSAGUET_AMONT
1 12638 9.36188796 0.012561959021499994 7.81231912 0.0 BUSSAGUET_AMONT
1 12642 9.3094235 0.012561959021499994 7.80850353 0.0 BUSSAGUET_AMONT
1 12639 9.33953883 0.012561959021499994 7.81069373 0.0 BUSSAGUET_AMONT
1 12642 9.30018542 0.012561959021499994 7.80783167 0.0 BUSSAGUET_AMONT
1 12675 9.28964677 0.012561959021499994 7.80706522 0.0 BUSSAGUET_AMONT
1 12674 9.28468179 0.012561959021499994 7.80670413 0.0 BUSSAGUET_AMONT
1 12675 9.26606673 0.012561959021499994 7.80535031 0.0 BUSSAGUET_AMONT
1 12689 9.22956086 0.012561959021499994 7.80269534 0.0 BUSSAGUET_AMONT
1 12686 9.26539059 0.012561959021499994 7.80530113 0.0 BUSSAGUET_AMONT
1 12688 9.240166499999999 0.012561959021499994 7.80346665 0.0 BUSSAGUET_AMONT
1 12689 9.23922377 0.012561959021499994 7.80339809 0.0 BUSSAGUET_AMONT
1 12695 9.20646006 0.025123918042999988 7.80101528 0.0 BUSSAGUET_AMONT
1 12692 9.20114128 0.012561959021499994 7.80062846 0.0 BUSSAGUET_AMONT
1 12695 9.20515003 0.025123918042999988 7.80092 0.0 BUSSAGUET_AMONT
1 12716 9.15087428 0.025123918042999988 7.79697267 0.0 BUSSAGUET_AMONT
1 12732 9.09060854 0.025123918042999988 7.79258971 0.0 BUSSAGUET_AMONT
1 12730 9.14277855 0.025123918042999988 7.79638389 0.0 BUSSAGUET_AMONT
1 12732 9.09915069 0.025123918042999988 7.79321096 0.0 BUSSAGUET_AMONT
1 12768 5.69310961 0.21025768377999998 4.38709519 13.0 NOIR_AMONT
1 12769 5.62437474 0.21025768377999998 4.35983826 13.0 NOIR_AMONT
1 12772 5.50065344 0.21025768377999998 4.31077636 13.0 NOIR_AMONT
1 17772 5.33102059 0.21025768377999998 4.24350816 13.0 NOIR_AMONT
1 17771 5.33106721 0.21025768377999998 4.24352665 13.0 NOIR_AMONT
1 17772 5.34003372 0.21025768377999998 4.24708234 13.0 NOIR_AMONT
1 17775 5.2488458 0.21025768377999998 4.21092161 13.0 NOIR_AMONT
1 14991 9.90544141 0.008233232329249997 8.13022445 7.0 THIL_AVAL
1 15028 9.88203861 0.008233232329249997 8.11832472 7.0 THIL_AVAL
1 14992 9.9077881 0.008233232329249997 8.13141768 7.0 THIL_AVAL
1 15006 9.88300015 0.008233232329249997 8.11881363 7.0 THIL_AVAL
1 14994 9.89875024 0.008233232329249997 8.12682216 7.0 THIL_AVAL
1 15005 9.89847137 0.008233232329249997 8.12668036 7.0 THIL_AVAL
1 15028 9.87246856 0.008233232329249997 8.11345859 7.0 THIL_AVAL
1 15034 9.85939595 0.008233232329249997 8.106811500000001 7.0 THIL_AVAL
1 15031 9.87513964 0.008233232329249997 8.11481677 7.0 THIL_AVAL
1 15033 9.8611953 0.008233232329249997 8.10772642 7.0 THIL_AVAL
1 15034 9.86248409 0.008233232329249997 8.10838174 7.0 THIL_AVAL
1 15078 9.84301034 0.008233232329249997 8.09847983 7.0 THIL_AVAL
1 15077 9.85397668 0.008233232329249997 8.10405594 7.0 THIL_AVAL
1 15078 9.83370071 0.008233232329249997 8.09374612 7.0 THIL_AVAL
1 15091 9.81125997 0.008233232329249997 8.08233558 7.0 THIL_AVAL
1 15081 9.83466156 0.008233232329249997 8.09423469 7.0 THIL_AVAL
1 15093 9.81053794 0.008233232329249997 8.08196844 7.0 THIL_AVAL
1 15082 9.82487414 0.008233232329249997 8.08925804 7.0 THIL_AVAL
1 15091 9.80875627 0.008233232329249997 8.08106251 7.0 THIL_AVAL
1 15779 9.77605979 0.008233232329249997 8.06443718 7.0 THIL_AVAL
1 15092 9.80530343 0.008233232329249997 8.07930683 7.0 THIL_AVAL
1 15096 9.78587468 0.008233232329249997 8.0694278 7.0 THIL_AVAL
1 15095 9.79558982 0.008233232329249997 8.07436771 7.0 THIL_AVAL
1 15779 9.76190045 0.008233232329249997 8.05723752 7.0 THIL_AVAL
1 15762 9.74458599 0.008233232329249997 8.04843355 7.0 THIL_AVAL
1 15780 9.7638375 0.008233232329249997 8.05822246 7.0 THIL_AVAL
1 15761 9.75635404 0.008233232329249997 8.05441731 7.0 THIL_AVAL
1 15758 9.76000139 0.008233232329249997 8.05627189 7.0 THIL_AVAL
1 15762 9.7329691 0.008233232329249997 8.04252666 7.0 THIL_AVAL
1 15767 9.700050099999999 0.008233232329249997 8.02578818 7.0 THIL_AVAL
1 15760 9.73424665 0.008233232329249997 8.04317626 7.0 THIL_AVAL
1 15769 9.70980015 0.008233232329249997 8.03074584 7.0 THIL_AVAL
1 15771 9.73579774 0.008233232329249997 8.04396495 7.0 THIL_AVAL
1 15766 9.72111972 0.008233232329249997 8.03650155 7.0 THIL_AVAL
1 15772 9.7191397 0.008233232329249997 8.03549476 7.0 THIL_AVAL
1 15767 9.70099464 0.008233232329249997 8.02626846 7.0 THIL_AVAL
1 11492 9.68665346 0.008233232329249997 8.01897633 7.0 THIL_AVAL
1 15768 9.69918267 0.008233232329249997 8.02534712 7.0 THIL_AVAL
1 11449 9.68619576 0.008233232329249997 8.01874361 7.0 THIL_AVAL
1 11492 9.67299287 0.008233232329249997 8.01203027 7.0 THIL_AVAL
1 11488 9.65958126 0.008233232329249997 8.00521081 7.0 THIL_AVAL
1 11490 9.67067179 0.008233232329249997 8.01085006 7.0 THIL_AVAL
1 11485 9.657274000000001 0.008233232329249997 8.00403763 7.0 THIL_AVAL
1 11491 9.67512288 0.008233232329249997 8.01311333 7.0 THIL_AVAL
1 11488 9.64878998 0.008233232329249997 7.99972372 7.0 THIL_AVAL
1 11498 9.63539066 0.008233232329249997 7.9929105 7.0 THIL_AVAL
1 11489 9.6433625 0.008233232329249997 7.99696398 7.0 THIL_AVAL
1 11487 9.64610252 0.008233232329249997 7.99835721 7.0 THIL_AVAL
1 11498 9.6260864 0.008233232329249997 7.98817953 7.0 THIL_AVAL
1 11478 9.60537051 0.008233232329249997 7.97764602 7.0 THIL_AVAL
1 11476 9.6220132 0.008233232329249997 7.98610841 7.0 THIL_AVAL
1 11480 9.6118795 0.008233232329249997 7.98095568 7.0 THIL_AVAL
1 11477 9.62642862 0.008233232329249997 7.98835353 7.0 THIL_AVAL
1 11478 9.60330916 0.008233232329249997 7.97659788 7.0 THIL_AVAL
1 11644 9.58579443 0.008233232329249997 7.96769208 7.0 THIL_AVAL
1 11479 9.60109781 0.008233232329249997 7.97547346 7.0 THIL_AVAL
1 11473 9.59235406 0.008233232329249997 7.97102749 7.0 THIL_AVAL
1 11644 9.5822898 0.008233232329249997 7.96591007 7.0 THIL_AVAL
1 11558 9.55189406 0.008233232329249997 7.9504546000000005 7.0 THIL_AVAL
1 11642 9.58084651 0.008233232329249997 7.96517619 7.0 THIL_AVAL
1 11555 9.55497629 0.008233232329249997 7.95202184 7.0 THIL_AVAL
1 11643 9.569145599999999 0.008233232329249997 7.95922658 7.0 THIL_AVAL
1 11557 9.57072547 0.008233232329249997 7.9600299 7.0 THIL_AVAL
1 11558 9.55050371 0.008233232329249997 7.94974765 7.0 THIL_AVAL
1 11553 9.53749456 0.008233232329249997 7.94313283 7.0 THIL_AVAL
1 11552 9.54434269 0.008233232329249997 7.94661493 7.0 THIL_AVAL
1 11553 9.53258615 0.008233232329249997 7.94063703 7.0 THIL_AVAL
1 11562 9.52327614 0.008233232329249997 7.93590312 7.0 THIL_AVAL
1 11551 9.53130438 0.008233232329249997 7.93998528 7.0 THIL_AVAL
1 11562 9.52381095 0.008233232329249997 7.93617506 7.0 THIL_AVAL
1 11563 9.51662942 0.008233232329249997 7.93252344 7.0 THIL_AVAL
1 11545 9.49399183 0.008233232329249997 7.92101279 7.0 THIL_AVAL
1 11566 9.50496189 0.008233232329249997 7.92659079 7.0 THIL_AVAL
1 11544 9.49800365 0.008233232329249997 7.9230527 7.0 THIL_AVAL
1 11545 9.49229303 0.008233232329249997 7.920149 7.0 THIL_AVAL
1 11610 9.47783023 0.008233232329249997 7.91279503 7.0 THIL_AVAL
1 11588 9.48554771 0.008233232329249997 7.91671918 7.0 THIL_AVAL
1 11610 9.47699464 0.008233232329249997 7.91237016 7.0 THIL_AVAL
1 11614 9.4667493 0.008233232329249997 7.90716066 7.0 THIL_AVAL
1 11611 9.47793573 0.008233232329249997 7.91284868 7.0 THIL_AVAL
1 11614 9.45858103 0.008233232329249997 7.9030073000000005 7.0 THIL_AVAL
1 11604 9.44735776 0.008233232329249997 7.89730055 7.0 THIL_AVAL
1 11615 9.45739133 0.008233232329249997 7.90240237 7.0 THIL_AVAL
1 11593 9.44807211 0.008233232329249997 7.89766379 7.0 THIL_AVAL
1 11604 9.43931647 0.008233232329249997 7.89321177 7.0 THIL_AVAL
1 11609 9.4159323 0.008233232329249997 7.88132151 7.0 THIL_AVAL
1 11605 9.43927773 0.008233232329249997 7.89319206 7.0 THIL_AVAL
1 11608 9.42954647 0.008233232329249997 7.88824397 7.0 THIL_AVAL
1 11609 9.416828500000001 0.008233232329249997 7.88177721 7.0 THIL_AVAL
1 12200 9.38922074 0.008233232329249997 7.86773936 7.0 THIL_AVAL
1 12196 9.41011925 0.008233232329249997 7.87836572 7.0 THIL_AVAL
1 12197 9.400502699999999 0.008233232329249997 7.87347595 7.0 THIL_AVAL
1 12200 9.38147371 0.008233232329249997 7.86380019 7.0 THIL_AVAL
1 12214 9.34792246 0.008233232329249997 7.84674023 7.0 THIL_AVAL
1 12201 9.37978451 0.008233232329249997 7.86294127 7.0 THIL_AVAL
1 12211 9.36186388 0.008233232329249997 7.85382909 7.0 THIL_AVAL
1 12199 9.37121801 0.008233232329249997 7.85858543 7.0 THIL_AVAL
1 12210 9.37157403 0.008233232329249997 7.85876646 7.0 THIL_AVAL
1 12214 9.35023701 0.008233232329249997 7.84791712 7.0 THIL_AVAL
1 12259 9.32003463 0.008233232329249997 7.83255998 7.0 THIL_AVAL
1 12215 9.3424827 0.008233232329249997 7.84397425 7.0 THIL_AVAL
1 12258 9.33287497 0.008233232329249997 7.83908897 7.0 THIL_AVAL
1 17744 7.74047862 0.09201710442899998 6.15301156 12.0 JPT_SEUIL_AVAL
1 12753 7.82251055 0.09201710442899998 6.16507508 12.0 JPT_SEUIL_AVAL
1 12756 7.39806687 0.18403420885799995 6.10265689 12.0 JPT_SEUIL_AVAL
1 17743 8.02014644 0.09045066266500001 6.35801044 16.0 JPT_ECL_AVAL
1 17744 7.921937799999999 0.09045066266500001 6.33594108 16.0 JPT_ECL_AVAL
1 12259 9.48794915 0.019505386753749993 7.70914379 10.0 MOULINAT_AMONT
1 12262 9.48027698 0.019505386753749993 7.7113712 10.0 MOULINAT_AMONT
1 12264 9.48098396 0.019505386753749993 7.71116595 10.0 MOULINAT_AMONT
1 12287 9.46550986 0.019505386753749993 7.71565843 10.0 MOULINAT_AMONT
1 12265 9.46977738 0.019505386753749993 7.71441947 10.0 MOULINAT_AMONT
1 12287 9.46756373 0.019505386753749993 7.71506214 10.0 MOULINAT_AMONT
1 12299 9.45360859 0.019505386753749993 7.71911364 10.0 MOULINAT_AMONT
1 12298 9.46366985 0.019505386753749993 7.71619262 10.0 MOULINAT_AMONT
1 12299 9.44725898 0.019505386753749993 7.72095707 10.0 MOULINAT_AMONT
1 12482 9.42729428 0.019505386753749993 7.72675327 10.0 MOULINAT_AMONT
1 12301 9.44608903 0.019505386753749993 7.72129673 10.0 MOULINAT_AMONT
1 12311 9.42825248 0.019505386753749993 7.72647509 10.0 MOULINAT_AMONT
1 12304 9.44711868 0.019505386753749993 7.7209978 10.0 MOULINAT_AMONT
1 12305 9.43771105 0.019505386753749993 7.72372905 10.0 MOULINAT_AMONT
1 12482 9.42540113 0.019505386753749993 7.727302900000001 10.0 MOULINAT_AMONT
1 12488 9.40924149 0.019505386753749993 7.73199441 10.0 MOULINAT_AMONT
1 12483 9.41936982 0.019505386753749993 7.72905392 10.0 MOULINAT_AMONT
1 12485 9.41385496 0.019505386753749993 7.73065501 10.0 MOULINAT_AMONT
1 12488 9.4082277 0.019505386753749993 7.73228873 10.0 MOULINAT_AMONT
1 12550 9.36980013 0.019505386753749993 7.74344512 10.0 MOULINAT_AMONT
1 12489 9.39930408 0.019505386753749993 7.73487946 10.0 MOULINAT_AMONT
1 12544 9.37190469 0.019505386753749993 7.74283412 10.0 MOULINAT_AMONT
1 12527 9.401468699999999 0.019505386753749993 7.73425102 10.0 MOULINAT_AMONT
1 12541 9.38488316 0.019505386753749993 7.73906618 10.0 MOULINAT_AMONT
1 12538 9.3925109 0.019505386753749993 7.73685167 10.0 MOULINAT_AMONT
1 12540 9.38501958 0.019505386753749993 7.73902657 10.0 MOULINAT_AMONT
1 12550 9.37210456 0.019505386753749993 7.7427760999999995 10.0 MOULINAT_AMONT
1 12594 9.34547721 0.039010773507499985 7.75050662 10.0 MOULINAT_AMONT
1 12551 9.36431391 0.019505386753749993 7.7450379 10.0 MOULINAT_AMONT
1 12588 9.35656976 0.039010773507499985 7.7472862000000005 10.0 MOULINAT_AMONT
1 12553 9.35835005 0.019505386753749993 7.74676934 10.0 MOULINAT_AMONT
1 12594 9.34145193 0.039010773507499985 7.75167525 10.0 MOULINAT_AMONT
1 12597 9.31974232 0.039010773507499985 7.75797804 10.0 MOULINAT_AMONT
1 12595 9.34043414 0.039010773507499985 7.75197073 10.0 MOULINAT_AMONT
1 12597 9.31472419 0.039010773507499985 7.75943491 10.0 MOULINAT_AMONT
1 17605 9.27629508 0.039010773507499985 7.77059175 10.0 MOULINAT_AMONT
1 12600 9.32281017 0.039010773507499985 7.75708737 10.0 MOULINAT_AMONT
1 17603 9.27248999 0.039010773507499985 7.77169646 10.0 MOULINAT_AMONT
1 17095 9.29537814 0.039010773507499985 7.76505151 10.0 MOULINAT_AMONT
1 17096 9.30305916 0.039010773507499985 7.76282154 10.0 MOULINAT_AMONT
1 17605 9.26703918 0.039010773507499985 7.77327895 10.0 MOULINAT_AMONT
1 17612 9.25419714 0.039010773507499985 7.77700728 10.0 MOULINAT_AMONT
1 17606 9.25085829 0.039010773507499985 7.77797663 10.0 MOULINAT_AMONT
1 17612 9.24606097 0.039010773507499985 7.7793694 10.0 MOULINAT_AMONT
1 17617 9.23107463 0.039010773507499985 7.78372027 10.0 MOULINAT_AMONT
1 17615 9.22885459 0.039010773507499985 7.7843648000000005 10.0 MOULINAT_AMONT
1 17617 9.22837849 0.039010773507499985 7.78450302 10.0 MOULINAT_AMONT
1 17634 9.2072115 0.039010773507499985 7.79064828 10.0 MOULINAT_AMONT
1 17618 9.20770053 0.039010773507499985 7.7905063 10.0 MOULINAT_AMONT
1 17634 9.21081118 0.039010773507499985 7.789603200000001 10.0 MOULINAT_AMONT
1 17647 9.18248762 0.039010773507499985 7.79782617 10.0 MOULINAT_AMONT
1 17645 9.18868984 0.039010773507499985 7.79602553 10.0 MOULINAT_AMONT
1 17647 9.18588529 0.039010773507499985 7.79683975 10.0 MOULINAT_AMONT
1 17775 3.89184876 0.20991704993999996 2.31412802 11.0 NOIR_AVAL
1 17776 3.93786412 0.20991704993999996 2.3418633 11.0 NOIR_AVAL
1 17779 3.80448561 0.20991704993999996 2.26147078 11.0 NOIR_AVAL
1 12780 3.62840263 0.20991704993999996 2.15533857 11.0 NOIR_AVAL
1 12781 3.63754044 0.20991704993999996 2.16084629 11.0 NOIR_AVAL
1 12784 3.47105951 0.20991704993999996 2.06050163 11.0 NOIR_AVAL
1 12785 3.32062741 0.20991704993999996 1.96983022 11.0 NOIR_AVAL
1 12783 3.18299101 0.20991704993999996 1.88687129 11.0 NOIR_AVAL
1 12756 7.73432512 0.2072679770999999 6.1079503 8.0 BLANC_AMONT
1 12757 7.60947533 0.2072679770999999 6.09251942 8.0 BLANC_AMONT
1 12760 7.47091872 0.2072679770999999 6.07539445 8.0 BLANC_AMONT
1 12761 7.34521963 0.2072679770999999 6.05985861 8.0 BLANC_AMONT
1 12764 7.20619905 0.2072679770999999 6.04267629 8.0 BLANC_AMONT
1 12765 7.05634517 0.2072679770999999 6.02415502 8.0 BLANC_AMONT
1 12768 6.83905904 0.2072679770999999 5.99729943 8.0 BLANC_AMONT
1 12756 7.72866701 0.39334274031999983 6.15060377 2.0 MAJOLAN
1 12757 7.56235346 0.39334274031999983 6.00714848 2.0 MAJOLAN
1 12755 7.58029706 0.39334274031999983 6.0226259 2.0 MAJOLAN
1 12758 7.48917621 0.39334274031999983 5.94402877 2.0 MAJOLAN
1 7759 7.33496094 0.39334274031999983 5.81100896 2.0 MAJOLAN
1 7758 7.3419819 0.39334274031999983 5.81706496 2.0 MAJOLAN
1 7759 7.38599854 0.39334274031999983 5.85503192 2.0 MAJOLAN
1 7762 7.27791889 0.39334274031999983 5.76180682 2.0 MAJOLAN
1 7761 7.11656338 0.39334274031999983 5.62262813 2.0 MAJOLAN
1 7763 7.13952963 0.39334274031999983 5.64243788 2.0 MAJOLAN
1 7761 7.13469134 0.39334274031999983 5.63826456 2.0 MAJOLAN
1 7764 7.04612675 0.39334274031999983 5.56187236 2.0 MAJOLAN
1 7766 7.040517200000001 0.39334274031999983 5.55703379 2.0 MAJOLAN
1 7767 6.98372691 0.39334274031999983 5.50804881 2.0 MAJOLAN
1 7768 6.85156675 0.39334274031999983 5.39405283 2.0 MAJOLAN
1 7770 6.84357627 0.39334274031999983 5.38716057 2.0 MAJOLAN
1 7768 6.86173665 0.39334274031999983 5.40282498 2.0 MAJOLAN
1 7769 6.796006299999999 0.39334274031999983 5.34612866 2.0 MAJOLAN
1 7774 6.65020905 0.39334274031999983 5.22036989 2.0 MAJOLAN
1 7772 6.65488058 0.39334274031999983 5.22439937 2.0 MAJOLAN
1 7774 6.63911503 0.39334274031999983 5.21080064 2.0 MAJOLAN
1 7772 6.60877669 0.39334274031999983 5.18463203 2.0 MAJOLAN
1 7773 6.5822899999999995 0.39334274031999983 5.16178569 2.0 MAJOLAN
1 7769 7.67780389 0.39334274031999983 6.10673132 2.0 MAJOLAN
1 7771 7.70482407 0.39334274031999983 6.13003783 2.0 MAJOLAN
1 7774 7.58037418 0.39334274031999983 6.02269242 2.0 MAJOLAN
1 12774 7.52930415 0.39334274031999983 5.97864149 2.0 MAJOLAN
1 12775 7.48261244 0.39334274031999983 5.93836713 2.0 MAJOLAN
1 7775 7.40584851 0.39334274031999983 5.87215369 2.0 MAJOLAN
1 7773 7.27166501 0.39334274031999983 5.75641248 2.0 MAJOLAN
1 7773 7.68803235 0.39334274031999983 6.11555397 2.0 MAJOLAN
1 7776 7.68140632 0.39334274031999983 6.10983863 2.0 MAJOLAN
1 7777 7.58885659 0.39334274031999983 6.03000901 2.0 MAJOLAN
1 7780 7.48693355 0.39334274031999983 5.94209434 2.0 MAJOLAN
1 7781 7.39314319 0.39334274031999983 5.861194599999999 2.0 MAJOLAN
1 7784 7.28464711 0.39334274031999983 5.767610299999999 2.0 MAJOLAN
1 17864 11.96477269 0.0017480083387999995 10.25404955 14.0 THIL_AMONT
1 17993 11.96309677 0.0017480083387999995 10.25262756 14.0 THIL_AMONT
1 17992 11.92238834 0.0017480083387999995 10.21808708 14.0 THIL_AMONT
1 17994 11.92662084 0.0017480083387999995 10.22167829 14.0 THIL_AMONT
1 17992 11.93371119 0.0017480083387999995 10.22769434 14.0 THIL_AMONT
1 17989 11.89118884 0.0017480083387999995 10.19161477 14.0 THIL_AMONT
1 17995 11.90311135 0.0017480083387999995 10.20173084 14.0 THIL_AMONT
1 17989 11.89278092 0.0017480083387999995 10.19296563 14.0 THIL_AMONT
1 17990 11.88581878 0.0017480083387999995 10.18705836 14.0 THIL_AMONT
1 18004 11.86402097 0.0017480083387999995 10.16856324 14.0 THIL_AMONT
1 18027 11.82451493 0.0008740041693999997 10.13504297 14.0 THIL_AMONT
1 18025 11.83761639 0.0017480083387999995 10.14615936 14.0 THIL_AMONT
1 18026 11.83853154 0.0008740041693999997 10.14693585 14.0 THIL_AMONT
1 18027 11.81995674 0.0008740041693999997 10.13117542 14.0 THIL_AMONT
1 18037 11.81012687 0.0008740041693999997 10.12283492 14.0 THIL_AMONT
1 18035 11.81236576 0.0008740041693999997 10.12473458 14.0 THIL_AMONT
1 18037 11.80636995 0.0008740041693999997 10.11964723 14.0 THIL_AMONT
1 18189 11.76577855 0.0008740041693999997 10.08520605 14.0 THIL_AMONT
1 18035 11.8035543 0.0008740041693999997 10.11725819 14.0 THIL_AMONT
1 18024 11.78284226 0.0008740041693999997 10.09968434 14.0 THIL_AMONT
1 18036 11.80563032 0.0008740041693999997 10.11901967 14.0 THIL_AMONT
1 18023 11.78053847 0.0008740041693999997 10.09772961 14.0 THIL_AMONT
1 18039 11.79310521 0.0008740041693999997 10.1083923 14.0 THIL_AMONT
1 18189 11.77087064 0.0008740041693999997 10.08952661 14.0 THIL_AMONT
1 18191 11.74742009 0.0008740041693999997 10.06962917 14.0 THIL_AMONT
1 18187 11.75570581 0.0008740041693999997 10.07665948 14.0 THIL_AMONT
1 18188 11.76019175 0.0008740041693999997 10.08046572 14.0 THIL_AMONT
1 18191 11.73722571 0.0008740041693999997 10.06097939 14.0 THIL_AMONT
1 18204 11.71266899 0.0008740041693999997 10.04014338 14.0 THIL_AMONT
1 18192 11.73777268 0.0008740041693999997 10.06144349 14.0 THIL_AMONT
1 18203 11.72756809 0.0008740041693999997 10.05278505 14.0 THIL_AMONT
1 18204 11.71617079 0.0008740041693999997 10.04311461 14.0 THIL_AMONT
1 18207 11.70714096 0.0008740041693999997 10.03545294 14.0 THIL_AMONT
1 18245 11.68425575 0.0008740041693999997 10.01603518 14.0 THIL_AMONT
1 18208 11.69175163 0.0008740041693999997 10.02239532 14.0 THIL_AMONT
1 18202 11.69671636 0.0008740041693999997 10.02660782 14.0 THIL_AMONT
1 18245 11.67801993 0.0008740041693999997 10.01074418 14.0 THIL_AMONT
1 18246 11.67628882 0.0008740041693999997 10.00927536 14.0 THIL_AMONT
1 18248 11.65326687 0.0008740041693999997 9.98974158 14.0 THIL_AMONT
1 18249 11.66515317 0.0008740041693999997 9.99982693 14.0 THIL_AMONT
1 18247 11.65172883 0.0008740041693999997 9.98843658 14.0 THIL_AMONT
1 18248 11.64248103 0.0008740041693999997 9.98058996 14.0 THIL_AMONT
1 18174 11.62665779 0.0008740041693999997 9.96716419 14.0 THIL_AMONT
1 18259 11.64231694 0.0008740041693999997 9.98045073 14.0 THIL_AMONT
1 18173 11.63001388 0.0008740041693999997 9.97001178 14.0 THIL_AMONT
1 18174 11.63005306 0.0008740041693999997 9.97004502 14.0 THIL_AMONT
1 18172 11.61971663 0.0008740041693999997 9.96127472 14.0 THIL_AMONT
1 18166 11.60603596 0.0008740041693999997 9.94966687 14.0 THIL_AMONT
1 18167 11.59606893 0.0008740041693999997 9.94121 14.0 THIL_AMONT
1 18169 11.60179575 0.0008740041693999997 9.94606912 14.0 THIL_AMONT
1 18167 11.59037192 0.0008740041693999997 9.93637617 14.0 THIL_AMONT
1 18146 11.57865542 0.0008740041693999997 9.9264349 14.0 THIL_AMONT
1 18145 11.58264337 0.0008740041693999997 9.92981862 14.0 THIL_AMONT
1 18146 11.58040775 0.0008740041693999997 9.92792173 14.0 THIL_AMONT
1 18707 11.56158804 0.0008740041693999997 9.91195349 14.0 THIL_AMONT
1 18709 11.56785366 0.0008740041693999997 9.91726977 14.0 THIL_AMONT
1 18707 11.56457472 0.0008740041693999997 9.91448764 14.0 THIL_AMONT
1 18708 11.55981653 0.0008740041693999997 9.91045039 14.0 THIL_AMONT
1 18702 11.54953684 0.0008740041693999997 9.90172822 14.0 THIL_AMONT
1 14381 11.52113012 0.0008740041693999997 9.87762556 14.0 THIL_AMONT
1 18700 11.53327113 0.0008740041693999997 9.88792702 14.0 THIL_AMONT
1 18699 11.53657538 0.0008740041693999997 9.89073062 14.0 THIL_AMONT
1 14381 11.52391353 0.0008740041693999997 9.87998723 14.0 THIL_AMONT
1 13696 11.51126474 0.0008740041693999997 9.86925493 14.0 THIL_AMONT
1 13698 11.51302482 0.0008740041693999997 9.87074834 14.0 THIL_AMONT
1 13696 11.50670329 0.0008740041693999997 9.86538461 14.0 THIL_AMONT
1 13690 11.50285616 0.0008740041693999997 9.86212038 14.0 THIL_AMONT
1 13688 11.4925883 0.0008740041693999997 9.85340826 14.0 THIL_AMONT
1 13666 11.48135224 0.0008740041693999997 9.84387463 14.0 THIL_AMONT
1 14349 11.47216199 0.0008740041693999997 9.83607684 14.0 THIL_AMONT
1 14351 11.44589171 0.0008740041693999997 9.8137869 14.0 THIL_AMONT
1 14350 11.4577474 0.0008740041693999997 9.82384628 14.0 THIL_AMONT
1 14348 11.45563627 0.0008740041693999997 9.82205502 14.0 THIL_AMONT
1 14351 11.44880369 0.0008740041693999997 9.81625768 14.0 THIL_AMONT
1 14343 11.42578786 0.0008740041693999997 9.79672909 14.0 THIL_AMONT
1 14345 11.44110739 0.0008740041693999997 9.80972748 14.0 THIL_AMONT
1 14343 11.43013746 0.0008740041693999997 9.80041966 14.0 THIL_AMONT
1 14252 11.40773758 0.0008740041693999997 9.781413699999998 14.0 THIL_AMONT
1 14257 11.41752704 0.0008740041693999997 9.78971991 14.0 THIL_AMONT
1 14254 11.41238393 0.0008740041693999997 9.78535606 14.0 THIL_AMONT
1 14252 11.39919797 0.0008740041693999997 9.77416797 14.0 THIL_AMONT
1 14243 11.38091462 0.0008740041693999997 9.75865483 14.0 THIL_AMONT
1 14246 11.39897224 0.0008740041693999997 9.77397645 14.0 THIL_AMONT
1 14244 11.38493318 0.0008740041693999997 9.76206452 14.0 THIL_AMONT
1 14243 11.37276727 0.0008740041693999997 9.75174193 14.0 THIL_AMONT
1 14219 11.36567427 0.0008740041693999997 9.74572362 14.0 THIL_AMONT
1 14221 11.37722137 0.0008740041693999997 9.75552116 14.0 THIL_AMONT
1 14219 11.3518744 0.0008740041693999997 9.73401465 14.0 THIL_AMONT
1 13306 11.33115705 0.0008740041693999997 9.71643629 14.0 THIL_AMONT
1 14213 11.35071271 0.0008740041693999997 9.73302897 14.0 THIL_AMONT
1 13528 11.34466262 0.0008740041693999997 9.72789555 14.0 THIL_AMONT
1 13530 11.35315447 0.0008740041693999997 9.73510076 14.0 THIL_AMONT
1 13306 11.32655029 0.0008740041693999997 9.71252752 14.0 THIL_AMONT
1 13859 11.3007531 0.0008740041693999997 9.69063899 14.0 THIL_AMONT
1 13304 11.32335136 0.0008740041693999997 9.70981327 14.0 THIL_AMONT
1 13861 11.29730803 0.0008740041693999997 9.6877159 14.0 THIL_AMONT
1 13298 11.31260552 0.0008740041693999997 9.70069559 14.0 THIL_AMONT
1 13859 11.29063546 0.0008740041693999997 9.68205433 14.0 THIL_AMONT
1 13272 11.27645149 0.0008740041693999997 9.67001944 14.0 THIL_AMONT
1 13837 11.28660179 0.0008740041693999997 9.67863182 14.0 THIL_AMONT
1 13274 11.28990685 0.0008740041693999997 9.68143611 14.0 THIL_AMONT
1 13272 11.27316479 0.0008740041693999997 9.66723073 14.0 THIL_AMONT
1 13263 11.25366261 0.0008740041693999997 9.65068342 14.0 THIL_AMONT
1 13266 11.26319328 0.0008740041693999997 9.65877006 14.0 THIL_AMONT
1 13265 11.26758452 0.0008740041693999997 9.66249596 14.0 THIL_AMONT
1 13263 11.25176333 0.0008740041693999997 9.64907191 14.0 THIL_AMONT
1 13175 11.23157661 0.0008740041693999997 9.63194379 14.0 THIL_AMONT
1 13177 11.24649939 0.0008740041693999997 9.64460555 14.0 THIL_AMONT
1 13175 11.23512822 0.0008740041693999997 9.63495728 14.0 THIL_AMONT
1 13169 11.22312803 0.0008740041693999997 9.624775300000001 14.0 THIL_AMONT
1 13168 11.21202667 0.0008740041693999997 9.61535596 14.0 THIL_AMONT
1 13170 11.21834698 0.0008740041693999997 9.62071865 14.0 THIL_AMONT
1 13168 11.20935796 0.0008740041693999997 9.61309161 14.0 THIL_AMONT
1 13731 11.20354951 0.0008740041693999997 9.60816322 14.0 THIL_AMONT
1 13732 11.19378332 0.0008740041693999997 9.59987675 14.0 THIL_AMONT
1 13737 11.174723599999998 0.0008740041693999997 9.58370487 14.0 THIL_AMONT
1 13735 11.17849399 0.0008740041693999997 9.58690399 14.0 THIL_AMONT
1 13737 11.17070136 0.0008740041693999997 9.58029206 14.0 THIL_AMONT
1 13744 11.15649331 0.0008740041693999997 9.56823675 14.0 THIL_AMONT
1 13738 11.16821675 0.0008740041693999997 9.57818391 14.0 THIL_AMONT
1 13744 11.15591859 0.0008740041693999997 9.5677491 14.0 THIL_AMONT
1 13757 11.14119214 0.0008740041693999997 9.55525394 14.0 THIL_AMONT
1 13755 11.15575939 0.0008740041693999997 9.56761403 14.0 THIL_AMONT
1 13757 11.14156359 0.0008740041693999997 9.55556911 14.0 THIL_AMONT
1 13758 11.14328612 0.0008740041693999997 9.55703065 14.0 THIL_AMONT
1 13847 11.12759963 0.0008740041693999997 9.5437209 14.0 THIL_AMONT
1 13844 11.12426886 0.0008740041693999997 9.54089479 14.0 THIL_AMONT
1 13847 11.11904411 0.0008740041693999997 9.53646167 14.0 THIL_AMONT
1 13891 11.10365151 0.0008740041693999997 9.52340128 14.0 THIL_AMONT
1 13848 11.11819509 0.0008740041693999997 9.53574129 14.0 THIL_AMONT
1 13891 11.10170039 0.0008740041693999997 9.52174579 14.0 THIL_AMONT
1 13907 11.06353932 0.0008740041693999997 9.489366699999998 14.0 THIL_AMONT
1 13892 11.09652871 0.0008740041693999997 9.51735769 14.0 THIL_AMONT
1 13896 11.07611137 0.0008740041693999997 9.50003389 14.0 THIL_AMONT
1 13895 11.086328199999999 0.0008740041693999997 9.50870272 14.0 THIL_AMONT
1 13907 11.05776761 0.0008740041693999997 9.48446949 14.0 THIL_AMONT
1 14002 10.987707 0.0008740041693999997 9.42502412 14.0 THIL_AMONT
1 13908 11.05571036 0.0008740041693999997 9.48272394 14.0 THIL_AMONT
1 14001 11.00328328 0.0008740041693999997 9.43824036 14.0 THIL_AMONT
1 13911 11.04523229 0.0008740041693999997 9.47383346 14.0 THIL_AMONT
1 13998 11.01377768 0.0008740041693999997 9.44714469 14.0 THIL_AMONT
1 13912 11.0347379 0.0008740041693999997 9.46492912 14.0 THIL_AMONT
1 13997 11.01994533 0.0008740041693999997 9.45237785 14.0 THIL_AMONT
1 14083 11.02045148 0.0008740041693999997 9.45280731 14.0 THIL_AMONT
1 14002 10.99229498 0.0008740041693999997 9.42891695 14.0 THIL_AMONT
1 14063 10.91642592 0.0008740041693999997 9.36454321 14.0 THIL_AMONT
1 14013 10.9823802 0.0008740041693999997 9.42050442 14.0 THIL_AMONT
1 14060 10.93065111 0.0008740041693999997 9.37661307 14.0 THIL_AMONT
1 14014 10.96746926 0.0008740041693999997 9.40785271 14.0 THIL_AMONT
1 14059 10.9409904 0.0008740041693999997 9.3853858 14.0 THIL_AMONT
1 14012 10.97022858 0.0008740041693999997 9.41019395 14.0 THIL_AMONT
1 14016 10.95134602 0.0008740041693999997 9.39417238 14.0 THIL_AMONT
1 14015 10.961685300000001 0.0008740041693999997 9.40294511 14.0 THIL_AMONT
1 14063 10.91638918 0.0008740041693999997 9.36451204 14.0 THIL_AMONT
1 14070 10.88549378 0.0008740041693999997 9.33829775 14.0 THIL_AMONT
1 14064 10.90521312 0.0008740041693999997 9.35502931 14.0 THIL_AMONT
1 14069 10.89960876 0.0008740041693999997 9.3502741 14.0 THIL_AMONT
1 14058 10.90865411 0.0008740041693999997 9.35794894 14.0 THIL_AMONT
1 14070 10.88518764 0.0008740041693999997 9.338038000000001 14.0 THIL_AMONT
1 14072 10.859557800000001 0.0008740041693999997 9.31629147 14.0 THIL_AMONT
1 14073 10.87884039 0.0008740041693999997 9.33265245 14.0 THIL_AMONT
1 14074 10.86471316 0.0008740041693999997 9.32066571 14.0 THIL_AMONT
1 14072 10.86129666 0.0008740041693999997 9.31776687 14.0 THIL_AMONT
1 14734 10.83700567 0.0008740041693999997 9.29715632 14.0 THIL_AMONT
1 14755 10.85746382 0.0008740041693999997 9.31451476 14.0 THIL_AMONT
1 14756 10.84284677 0.0008740041693999997 9.30211241 14.0 THIL_AMONT
1 14734 10.83468718 0.0008740041693999997 9.29518913 14.0 THIL_AMONT
1 14736 10.81701692 0.0008740041693999997 9.28019618 14.0 THIL_AMONT
1 14737 10.83414022 0.0008740041693999997 9.29472503 14.0 THIL_AMONT
1 14735 10.81847414 0.0008740041693999997 9.2814326 14.0 THIL_AMONT
1 14736 10.81952725 0.0008740041693999997 9.28232615 14.0 THIL_AMONT
1 14741 10.80682458 0.0008740041693999997 9.27154813 14.0 THIL_AMONT
1 14747 10.8026407 0.0008740041693999997 9.26799817 14.0 THIL_AMONT
1 14741 10.79353004 0.0008740041693999997 9.26026792 14.0 THIL_AMONT
1 14743 10.7822601 0.0008740041693999997 9.25070554 14.0 THIL_AMONT
1 14742 10.79475051 0.0008740041693999997 9.26130347 14.0 THIL_AMONT
1 14740 10.77897014 0.0008740041693999997 9.24791406 14.0 THIL_AMONT
1 14743 10.77390458 0.0008740041693999997 9.24361601 14.0 THIL_AMONT
1 14787 10.76212849 0.0008740041693999997 9.23362417 14.0 THIL_AMONT
1 14744 10.77353314 0.0008740041693999997 9.24330084 14.0 THIL_AMONT
1 14787 10.749723800000002 0.0008740041693999997 9.22309898 14.0 THIL_AMONT
1 10472 10.73984576 0.0008740041693999997 9.21471761 14.0 THIL_AMONT
1 14788 10.7523974 0.0008740041693999997 9.22536749 14.0 THIL_AMONT
1 14791 10.7368252 0.0008740041693999997 9.21215471 14.0 THIL_AMONT
1 10472 10.73227395 0.0008740041693999997 9.20829305 14.0 THIL_AMONT
1 14804 10.70691351 0.0008740041693999997 9.186775099999998 14.0 THIL_AMONT
1 10473 10.72796762 0.0008740041693999997 9.20463919 14.0 THIL_AMONT
1 14803 10.72118361 0.0008740041693999997 9.19888306 14.0 THIL_AMONT
1 14792 10.72677164 0.0008740041693999997 9.20362442 14.0 THIL_AMONT
1 14804 10.70710944 0.0008740041693999997 9.18694135 14.0 THIL_AMONT
1 14810 10.68760236 0.0008740041693999997 9.17038988 14.0 THIL_AMONT
1 14807 10.70031319 0.0008740041693999997 9.18117483 14.0 THIL_AMONT
1 14808 10.68402259 0.0008740041693999997 9.1673525 14.0 THIL_AMONT
1 14810 10.67842639 0.0008740041693999997 9.16260421 14.0 THIL_AMONT
1 14985 10.65182507 0.0008740041693999997 9.1400334 14.0 THIL_AMONT
1 14981 10.67853252 0.0008740041693999997 9.16269426 14.0 THIL_AMONT
1 14982 10.66783811 0.0008740041693999997 9.15362022 14.0 THIL_AMONT
1 14985 10.65195161 0.0008740041693999997 9.14014076 14.0 THIL_AMONT
1 14991 10.65660898 0.0008740041693999997 9.14409247 14.0 THIL_AMONT
1 17670 8.51086762 0.05251580195500001 6.99726487 3.0 JPT_ECL_AMONT
1 17741 8.50855738 0.10503160391000002 7.01015354 3.0 JPT_ECL_AMONT
1 17742 8.47139242 0.10503160391000002 7.21749491 3.0 JPT_ECL_AMONT
1 17740 8.45093016 0.10503160391000002 7.33165281 3.0 JPT_ECL_AMONT
1 17743 8.44582516 0.10503160391000002 7.36013332 3.0 JPT_ECL_AMONT
1 17647 9.07985604 0.028044371464999995 7.14325496 1.0 MOULINAT_AVAL
1 17650 9.02441365 0.028044371464999995 7.13599464 1.0 MOULINAT_AVAL
1 17651 9.0108392 0.028044371464999995 7.13421704 1.0 MOULINAT_AVAL
1 17654 8.95787011 0.05608874292999999 7.12728061 1.0 MOULINAT_AVAL
1 17665 8.80180489 0.05608874292999999 7.1068435 1.0 MOULINAT_AVAL
1 17666 8.64650309 0.05608874292999999 7.08650636 1.0 MOULINAT_AVAL
1 17669 8.47748004 0.05608874292999999 7.06437239 1.0 MOULINAT_AVAL
1 17670 8.25595603 0.05608874292999999 7.03536329 1.0 MOULINAT_AVAL
