  1 22789      15.01655383       0.10783561      13.65685412      11.00000000  gajac
  1 22787      14.99503688       0.10783561      13.64002884      11.00000000  gajac
  1 22788      14.91817570       0.10783561      13.57992687      11.00000000  gajac
  1 22791      14.79692211       0.10783561      13.48511202      11.00000000  gajac
  1 17793      14.73664591       0.10783561      13.43797876      11.00000000  gajac
  1 17794      14.60859066       0.10783561      13.33784533      11.00000000  gajac
  1 17792      14.59894300       0.10783561      13.33030129      11.00000000  gajac
  1 17795      14.47931240       0.10783561      13.23675556      11.00000000  gajac
  1 12797      14.45396679       0.10783561      13.21693643      11.00000000  gajac
  1 12798      14.35849846       0.10783561      13.14228451      11.00000000  gajac
  1 12807      14.21732153       0.05391780      13.03189052      11.00000000  gajac
  1 12810      14.14815083       0.05391780      12.97780215      11.00000000  gajac
  1 12809      14.16480820       0.05391780      12.99082746      11.00000000  gajac
  1 12810      14.14466785       0.05391780      12.97507862      11.00000000  gajac
  1 17800      14.10216071       0.05391780      12.94183996      11.00000000  gajac
  1 17803      14.06259146       0.05391780      12.91089858      11.00000000  gajac
  1 17805      14.00545377       0.05391780      12.86621949      11.00000000  gajac
  1 17806      13.97860339       0.05391780      12.84522370      11.00000000  gajac
  1 17820      13.90161966       0.05391780      12.78502590      11.00000000  gajac
  1 17821      13.83044259       0.02695890      12.72936865      11.00000000  gajac
  1 17824      13.79799795       0.02695890      12.70399840      11.00000000  gajac
  1 17822      13.79254957       0.02695890      12.69973801      11.00000000  gajac
  1 17824      13.77786272       0.02695890      12.68825356      11.00000000  gajac
  1 17847      13.77865861       0.02695890      12.68887591      11.00000000  gajac
  1 17848      13.75104561       0.02695890      12.66728378      11.00000000  gajac
  1 17859      13.71853187       0.01347945      12.64185951      11.00000000  gajac
  1 17860      13.70552637       0.01347945      12.63168980      11.00000000  gajac
  1 17883      13.68308793       0.01347945      12.61414394      11.00000000  gajac
  1 17863      13.68878711       0.01347945      12.61860044      11.00000000  gajac
  1 17883      13.67550523       0.01347945      12.60821461      11.00000000  gajac
  1 17864      13.67275928       0.01347945      12.60606741      11.00000000  gajac
  1 17884      13.67416936       0.01347945      12.60717003      11.00000000  gajac
  1 12732       7.92517056       0.05191910       6.17831887       3.00000000  bussaguet_aval
  1 17656       7.94342003       0.05191910       6.29803538       3.00000000  bussaguet_aval
  1 17655       7.93586563       0.05191910       6.24847850       3.00000000  bussaguet_aval
  1 17656       7.94598950       0.05191910       6.31489111       3.00000000  bussaguet_aval
  1 17658       7.95967339       0.05191910       6.40465745       3.00000000  bussaguet_aval
  1 17667       8.00098391       0.05191910       6.67565448       3.00000000  bussaguet_aval
  1 17661       7.99488843       0.05191910       6.63566809       3.00000000  bussaguet_aval
  1 17667       8.00638284       0.05191910       6.71107146       3.00000000  bussaguet_aval
  1 17670       8.04412013       0.05191910       6.95862802       3.00000000  bussaguet_aval
  1 17669       8.03678830       0.05191910       6.91053127       3.00000000  bussaguet_aval
  1 26629      22.88671118       0.03349579      21.75671118      15.00000000  haillan4
  1 26601      22.28878519       0.03349579      21.15878519      15.00000000  haillan4
  1 26602      22.00607306       0.03349579      20.87607306      15.00000000  haillan4
  1 26601      21.91517972       0.03349579      20.78517972      15.00000000  haillan4
  1 26599      21.77960563       0.03349579      20.64960563      15.00000000  haillan4
  1 26600      21.70812273       0.03349579      20.57812273      15.00000000  haillan4
  1 26562      21.32561713       0.03349579      20.19561713      15.00000000  haillan4
  1 26565      21.22233584       0.03349579      20.09233584      15.00000000  haillan4
  1 26563      20.82138069       0.03349579      19.69138069      15.00000000  haillan4
  1 26564      20.44528430       0.03349579      19.31528430      15.00000000  haillan4
  1 26516      20.43911553       0.03349579      19.30911553      15.00000000  haillan4
  1 26519      19.87070685       0.03349579      18.74070685      15.00000000  haillan4
  1 26517      19.73799290       0.03349579      18.60799290      15.00000000  haillan4
  1 26519      19.74808806       0.03349579      18.61808806      15.00000000  haillan4
  1 26517      19.89639952       0.03349579      18.76639952      15.00000000  haillan4
  1 26457      19.51318879       0.03349579      18.38318879      15.00000000  haillan4
  1 26458      18.88437126       0.03349579      17.75437126      15.00000000  haillan4
  1 26611      21.38634217       0.02061268      20.36195296      13.00000000  haillan5
  1 26573      21.16836997       0.02061268      20.13501071      13.00000000  haillan5
  1 26571      20.80777912       0.02061268      19.75958073      13.00000000  haillan5
  1 26523      20.19754375       0.02061268      19.12423279      13.00000000  haillan5
  1 26520      20.27885751       0.02061268      19.20889280      13.00000000  haillan5
  1 26518      20.03569561       0.02061268      18.95572423      13.00000000  haillan5
  1 26458      19.52641483       0.02061268      18.42548540      13.00000000  haillan5
  1 26550      22.11678048       0.00150755      21.12158962      14.00000000  haillan2
  1 26553      21.98416276       0.00150755      20.98351057      14.00000000  haillan2
  1 26552      21.38851568       0.00150755      20.36333412      14.00000000  haillan2
  1 26554      21.33897367       0.00150755      20.31175192      14.00000000  haillan2
  1 26552      21.32106572       0.00150755      20.29310650      14.00000000  haillan2
  1 26507      20.78356496       0.00150755      19.73347090      14.00000000  haillan2
  1 26555      20.94904995       0.00150755      19.90577073      14.00000000  haillan2
  1 26507      20.54693694       0.00150755      19.48709829      14.00000000  haillan2
  1 26508      20.58152902       0.00150755      19.52311491      14.00000000  haillan2
  1 26506      20.21366032       0.00150755      19.14009699      14.00000000  haillan2
  1 26509      19.72282719       0.00150755      18.62905085      14.00000000  haillan2
  1 26449      19.75861114       0.00150755      18.66630841      14.00000000  haillan2
  1 26447      19.09196954       0.00150755      17.97221382      14.00000000  haillan2
  1 26448      19.01145332       0.00150755      17.88838185      14.00000000  haillan2
  1 26380      18.73175203       0.00150755      17.59716218      14.00000000  haillan2
  1 26378      18.18186178       0.00150755      17.02462687      14.00000000  haillan2
  1 26381      17.77349057       0.00150755      16.59943851      14.00000000  haillan2
  1 26289      17.56273471       0.00150755      16.38000351      14.00000000  haillan2
  1 26381      17.62905767       0.00150755      16.44905771      14.00000000  haillan2
  1 26289      17.55355139       0.00150755      16.37044200      14.00000000  haillan2
  1 26284      17.03460432  7.53773344E-04      15.83012416      14.00000000  haillan2
  1 26285      16.73998601  7.53773344E-04      15.52337316      14.00000000  haillan2
  1 26287      16.75682994  7.53773344E-04      15.54091074      14.00000000  haillan2
  1 26285      16.82073722  7.53773344E-04      15.60744979      14.00000000  haillan2
  1 26090      16.62425922  7.53773344E-04      15.40288062      14.00000000  haillan2
  1 26088      16.37277527  7.53773344E-04      15.14104030      14.00000000  haillan2
  1 26085      16.35308330  7.53773344E-04      15.12053739      14.00000000  haillan2
  1 26067      16.14884130  3.76886672E-04      14.90788449      14.00000000  haillan2
  1 26065      16.05134956  3.76886672E-04      14.80637794      14.00000000  haillan2
  1 26070      15.91018768  3.76886672E-04      14.65940287      14.00000000  haillan2
  1 26076      15.89579703  3.76886672E-04      14.64441960      14.00000000  haillan2
  1 26070      15.88217714  3.76886672E-04      14.63023882      14.00000000  haillan2
  1 26068      15.80264787  3.76886672E-04      14.54743445      14.00000000  haillan2
  1 25161      15.64713294  1.88443336E-04      14.38551526      14.00000000  haillan2
  1 26069      15.76121482  3.76886672E-04      14.50429515      14.00000000  haillan2
  1 25160      15.66658993  1.88443336E-04      14.40577351      14.00000000  haillan2
  1 25161      15.66126980  1.88443336E-04      14.40023429      14.00000000  haillan2
  1 25159      15.62881329  1.88443336E-04      14.36644119      14.00000000  haillan2
  1 26458      18.83756329  8.86051940E-04      17.70829172       1.00000000  haillan3
  1 26456      19.02189235  8.86051940E-04      17.90026576       1.00000000  haillan3
  1 26388      18.51839990  8.86051940E-04      17.37589114       1.00000000  haillan3
  1 26386      18.11269914  8.86051940E-04      16.95336408       1.00000000  haillan3
  1 26300      17.60098959  8.86051940E-04      16.42043156       1.00000000  haillan3
  1 26299      17.27947620  8.86051940E-04      16.08558351       1.00000000  haillan3
  1 26294      17.08673395  4.43025970E-04      15.88484734       1.00000000  haillan3
  1 26292      16.89926735  4.43025970E-04      15.68960563       1.00000000  haillan3
  1 26127      16.67020434  4.43025970E-04      15.45104231       1.00000000  haillan3
  1 26126      16.49044468  4.43025970E-04      15.26382718       1.00000000  haillan3
  1 26124      16.46215171  4.43025970E-04      15.23436076       1.00000000  haillan3
  1 26103      16.22989903  2.21512985E-04      14.99247549       1.00000000  haillan3
  1 26101      16.11278474  2.21512985E-04      14.87050393       1.00000000  haillan3
  1 26100      16.00000802  2.21512985E-04      14.75304983       1.00000000  haillan3
  1 26094      16.02390698  2.21512985E-04      14.77793998       1.00000000  haillan3
  1 26075      15.88952711  2.21512985E-04      14.63798676       1.00000000  haillan3
  1 26073      15.84796739  2.21512985E-04      14.59470336       1.00000000  haillan3
  1 26072      15.76057625  2.21512985E-04      14.50368771       1.00000000  haillan3
  1 25172      15.67871762  1.10756492E-04      14.41843402       1.00000000  haillan3
  1 25173      15.68268824  1.10756492E-04      14.42256932       1.00000000  haillan3
  1 25172      15.65505390  1.10756492E-04      14.39378885       1.00000000  haillan3
  1 25159      15.60177052  1.10756492E-04      14.33829556       1.00000000  haillan3
  1 25170      15.61627925  1.10756492E-04      14.35340604       1.00000000  haillan3
  1 25159      15.60479082  1.10756492E-04      14.34144113       1.00000000  haillan3
  1 25159      15.58957404  4.60797536E-05      14.32479983       4.00000000  haillan1
  1 25153      15.53369375  4.60797536E-05      14.26840609       4.00000000  haillan1
  1 25152      15.51795311  4.60797536E-05      14.25252083       4.00000000  haillan1
  1 25150      15.47109145  4.60797536E-05      14.20522859       4.00000000  haillan1
  1 25128      15.29065619  4.60797536E-05      14.02313542       4.00000000  haillan1
  1 25123      15.15407876  4.60797536E-05      13.88530307       4.00000000  haillan1
  1 25125      15.27447567  4.60797536E-05      14.00680623       4.00000000  haillan1
  1 25123      15.19844285  4.60797536E-05      13.93007479       4.00000000  haillan1
  1 25116      15.03310064  4.60797536E-05      13.76321336       4.00000000  haillan1
  1 25122      15.04998939  4.60797536E-05      13.78025728       4.00000000  haillan1
  1 25116      15.08436727  4.60797536E-05      13.81495104       4.00000000  haillan1
  1 25114      14.91994812  4.60797536E-05      13.64902115       4.00000000  haillan1
  1 25071      14.90530168  4.60797536E-05      13.63424014       4.00000000  haillan1
  1 24817      14.83983790  4.60797536E-05      13.56817485       4.00000000  haillan1
  1 24811      14.65931421  2.30398768E-05      13.38599244       4.00000000  haillan1
  1 24816      14.69086573  4.60797536E-05      13.41783387       4.00000000  haillan1
  1 24811      14.66736649  2.30398768E-05      13.39411871       4.00000000  haillan1
  1 24809      14.61389024  2.30398768E-05      13.34015110       4.00000000  haillan1
  1 24792      14.54376827  2.30398768E-05      13.26938482       4.00000000  haillan1
  1 24808      14.57391069  2.30398768E-05      13.29980420       4.00000000  haillan1
  1 24792      14.56239081  2.30398768E-05      13.28817848       4.00000000  haillan1
  1 24790      14.51597026  2.30398768E-05      13.24133139       4.00000000  haillan1
  1 24784      14.46237352  2.30398768E-05      13.18724219       4.00000000  haillan1
  1 24782      14.41009194  2.30398768E-05      13.13448023       4.00000000  haillan1
  1 24697      14.33677602  2.30398768E-05      13.06049066       4.00000000  haillan1
  1 24708      14.33527503  2.30398768E-05      13.05897587       4.00000000  haillan1
  1 24697      14.32417788  2.30398768E-05      13.04777676       4.00000000  haillan1
  1 24695      14.30545935  2.30398768E-05      13.02888624       4.00000000  haillan1
  1 24689      14.25867121  2.30398768E-05      12.98166819       4.00000000  haillan1
  1 24686      14.17643918  2.30398768E-05      12.89868058       4.00000000  haillan1
  1 24688      14.16735765  2.30398768E-05      12.88951561       4.00000000  haillan1
  1 24686      14.16383491  2.30398768E-05      12.88596050       4.00000000  haillan1
  1 24659      14.05061704  2.30398768E-05      12.77170234       4.00000000  haillan1
  1 24664      14.13119900  2.30398768E-05      12.85302472       4.00000000  haillan1
  1 24662      14.05015959  2.30398768E-05      12.77124069       4.00000000  haillan1
  1 24659      14.05447674  2.30398768E-05      12.77559750       4.00000000  haillan1
  1 24653      14.02141401  2.30398768E-05      12.74223099       4.00000000  haillan1
  1 24651      13.96852183  2.30398768E-05      12.68885281       4.00000000  haillan1
  1 21494      13.91939540  2.30398768E-05      12.63927499       4.00000000  haillan1
  1 21495      13.83573793  2.30398768E-05      12.55484885       4.00000000  haillan1
  1 21492      13.84100673  2.30398768E-05      12.56016605       4.00000000  haillan1
  1 21495      13.81649865  2.30398768E-05      12.53543279       4.00000000  haillan1
  1 21489      13.80340630  2.30398768E-05      12.52222014       4.00000000  haillan1
  1 21488      13.70892738  2.30398768E-05      12.42687311       4.00000000  haillan1
  1 21487      13.72716395  2.30398768E-05      12.44527725       4.00000000  haillan1
  1 21488      13.71368768  2.30398768E-05      12.43167715       4.00000000  haillan1
  1 21466      13.69728497  2.30398768E-05      12.41512373       4.00000000  haillan1
  1 21477      13.62792473  2.30398768E-05      12.34512618       4.00000000  haillan1
  1 21476      13.55788649  2.30398768E-05      12.27444440       4.00000000  haillan1
  1 21475      13.58317263  2.30398768E-05      12.29996288       4.00000000  haillan1
  1 21476      13.51387161  2.30398768E-05      12.23002510       4.00000000  haillan1
  1 21470      13.50481663  2.30398768E-05      12.22088692       4.00000000  haillan1
  1 21473      13.49259221  2.30398768E-05      12.20855018       4.00000000  haillan1
  1 21471      13.45371339  2.30398768E-05      12.16931412       4.00000000  haillan1
  1 21386      13.35102903  2.30398768E-05      12.06568626       4.00000000  haillan1
  1 21472      13.38586435  2.30398768E-05      12.10084166       4.00000000  haillan1
  1 21386      13.36488310  2.30398768E-05      12.07966763       4.00000000  haillan1
  1 21557      13.35125571  2.30398768E-05      12.06591502       4.00000000  haillan1
  1 21555      13.28885109  2.30398768E-05      12.00293701       4.00000000  haillan1
  1 21549      13.23232180  2.30398768E-05      11.94588831       4.00000000  haillan1
  1 21550      13.18157594  2.30398768E-05      11.89467617       4.00000000  haillan1
  1 21548      13.14657724  2.30398768E-05      11.85935589       4.00000000  haillan1
  1 21529      13.05310102  2.30398768E-05      11.76502078       4.00000000  haillan1
  1 21526      13.06225198  2.30398768E-05      11.77425582       4.00000000  haillan1
  1 21529      13.07528510  2.30398768E-05      11.78740870       4.00000000  haillan1
  1 21527      13.02985092  2.30398768E-05      11.74155705       4.00000000  haillan1
  1 21519      12.91180944  2.30398768E-05      11.62243097       4.00000000  haillan1
  1 21521      12.97807376  2.30398768E-05      11.68930414       4.00000000  haillan1
  1 21519      12.89607453  2.30398768E-05      11.60655148       4.00000000  haillan1
  1 21169      12.74848695  2.30398768E-05      11.45760781       4.00000000  haillan1
  1 21177      12.87596324  2.30398768E-05      11.58625540       4.00000000  haillan1
  1 21175      12.82488655  2.30398768E-05      11.53470939       4.00000000  haillan1
  1 21169      12.77323804  2.30398768E-05      11.48258632       4.00000000  haillan1
  1 21145      12.65160643  2.30398768E-05      11.35983712       4.00000000  haillan1
  1 21167      12.72270660  2.30398768E-05      11.43159058       4.00000000  haillan1
  1 21145      12.65463088  2.30398768E-05      11.36288936       4.00000000  haillan1
  1 21137      12.54536053  2.30398768E-05      11.25261499       4.00000000  haillan1
  1 21143      12.62040821  2.30398768E-05      11.32835224       4.00000000  haillan1
  1 21137      12.56439559  2.30398768E-05      11.27182495       4.00000000  haillan1
  1 21049      12.45942604  2.30398768E-05      11.16589090       4.00000000  haillan1
  1 21135      12.51816700  2.30398768E-05      11.22517160       4.00000000  haillan1
  1 21049      12.41387749  2.30398768E-05      11.11992384       4.00000000  haillan1
  1 21047      12.41814358  2.30398768E-05      11.12422913       4.00000000  haillan1
  1 21042      12.35258995  2.30398768E-05      11.05807316       4.00000000  haillan1
  1 21041      12.33300554  2.30398768E-05      11.03830881       4.00000000  haillan1
  1 21042      12.27877778  2.30398768E-05      10.98358278       4.00000000  haillan1
  1 21029      12.21584016  2.30398768E-05      10.92006687       4.00000000  haillan1
  1 21040      12.27943944  2.30398768E-05      10.98425052       4.00000000  haillan1
  1 21051      12.24462453  2.30398768E-05      10.94911573       4.00000000  haillan1
  1 21029      12.21479252  2.30398768E-05      10.91900961       4.00000000  haillan1
  1 21022      12.09190702  2.30398768E-05      10.79499499       4.00000000  haillan1
  1 21027      12.18153580  2.30398768E-05      10.88544730       4.00000000  haillan1
  1 21021      12.11020486  2.30398768E-05      10.81346095       4.00000000  haillan1
  1 21022      12.06671074  2.30398768E-05      10.76956719       4.00000000  haillan1
  1 16702      12.01362250  2.30398768E-05      10.71599116       4.00000000  haillan1
  1 21020      12.07353567  2.30398768E-05      10.77645483       4.00000000  haillan1
  1 16702      11.95820415  2.30398768E-05      10.66006361       4.00000000  haillan1
  1 16698      11.87665829  2.30398768E-05      10.57776847       4.00000000  haillan1
  1 16705      11.93749247  2.30398768E-05      10.63916162       4.00000000  haillan1
  1 16697      11.86952907  2.30398768E-05      10.57057375       4.00000000  haillan1
  1 16703      11.96999360  2.30398768E-05      10.67196138       4.00000000  haillan1
  1 16698      11.84208232  2.30398768E-05      10.54287480       4.00000000  haillan1
  1 16696      11.82644338  2.30398768E-05      10.52709217       4.00000000  haillan1
  1 16715      11.70268792  2.30398768E-05      10.40219960       4.00000000  haillan1
  1 16739      11.76156774  2.30398768E-05      10.46162043       4.00000000  haillan1
  1 16717      11.77453552  2.30398768E-05      10.47470736       4.00000000  haillan1
  1 16715      11.69794396  2.30398768E-05      10.39741205       4.00000000  haillan1
  1 16710      11.62981310  2.30398768E-05      10.32865518       4.00000000  haillan1
  1 16709      11.65059013  2.30398768E-05      10.34962312       4.00000000  haillan1
  1 16710      11.58633532  2.30398768E-05      10.28477791       4.00000000  haillan1
  1 16625      11.53069641  2.30398768E-05      10.22862777       4.00000000  haillan1
  1 16708      11.60795168  2.30398768E-05      10.30659289       4.00000000  haillan1
  1 16711      11.53441316  2.30398768E-05      10.23237867       4.00000000  haillan1
  1 16625      11.49111713  2.30398768E-05      10.18868482       4.00000000  haillan1
  1 16635      11.38902908  2.30398768E-05      10.08565875       4.00000000  haillan1
  1 16626      11.45909591  2.30398768E-05      10.15636938       4.00000000  haillan1
  1 16624      11.46949055  2.30398768E-05      10.16685953       4.00000000  haillan1
  1 16635      11.38157516  2.30398768E-05      10.07813634       4.00000000  haillan1
  1 16628      11.29568152  2.30398768E-05       9.99145347       4.00000000  haillan1
  1 16629      11.38802842  2.30398768E-05      10.08464889       4.00000000  haillan1
  1 16630      11.33280815  2.30398768E-05      10.02892125       4.00000000  haillan1
  1 16628      11.28367356  2.30398768E-05       9.97933518       4.00000000  haillan1
  1 16609      11.23823529  2.30398768E-05       9.93347941       4.00000000  haillan1
  1 16631      11.23625439  2.30398768E-05       9.93148031       4.00000000  haillan1
  1 16609      11.21340251  2.30398768E-05       9.90841846       4.00000000  haillan1
  1 16607      11.19992419  2.30398768E-05       9.89481630       4.00000000  haillan1
  1 16602      11.11253976  2.30398768E-05       9.80662895       4.00000000  haillan1
  1 16601      11.11531711  2.30398768E-05       9.80943182       4.00000000  haillan1
  1 16602      11.11768603  2.30398768E-05       9.81182250       4.00000000  haillan1
  1 16600      11.08282620  2.30398768E-05       9.77664237       4.00000000  haillan1
  1 16941      10.99924021  2.30398768E-05       9.69228836       4.00000000  haillan1
  1 16258      11.00011834  2.30398768E-05       9.69317456       4.00000000  haillan1
  1 16941      10.99952611  2.30398768E-05       9.69257689       4.00000000  haillan1
  1 16939      10.96950622  2.30398768E-05       9.66228116       4.00000000  haillan1
  1 16932      10.83788840  2.30398768E-05       9.52945399       4.00000000  haillan1
  1 16933      10.90313572  2.30398768E-05       9.59530082       4.00000000  haillan1
  1 16934      10.86641751  2.30398768E-05       9.55824524       4.00000000  haillan1
  1 16932      10.84775208  2.30398768E-05       9.53940830       4.00000000  haillan1
  1 16913      10.77423398  2.30398768E-05       9.46521469       4.00000000  haillan1
  1 16910      10.78115694  2.30398768E-05       9.47220126       4.00000000  haillan1
  1 16913      10.73202234  2.30398768E-05       9.42261520       4.00000000  haillan1
  1 16912      10.69548793  2.30398768E-05       9.38574509       4.00000000  haillan1
  1 16911      10.69771390  2.30398768E-05       9.38799151       4.00000000  haillan1
  1 16912      10.69554920  2.30398768E-05       9.38580692       4.00000000  haillan1
  1 16906      10.63236448  2.30398768E-05       9.32204164       4.00000000  haillan1
  1 16917      10.63175182  2.30398768E-05       9.32142336       4.00000000  haillan1
  1 16915      10.57761391  2.30398768E-05       9.26678801       4.00000000  haillan1
  1 16916      10.55676336  2.30398768E-05       9.24574588       4.00000000  haillan1
  1 16919      10.50568871  2.30398768E-05       9.19420193       4.00000000  haillan1
  1 16920      10.45459363  2.30398768E-05       9.14263737       4.00000000  haillan1
  1 16963      10.39343066  2.30398768E-05       9.08091241       4.00000000  haillan1
  1 16878      10.33537178  2.30398768E-05       9.02232007       4.00000000  haillan1
  1 16877      10.33953781  2.30398768E-05       9.02652437       4.00000000  haillan1
  1 16878      10.30559695  2.30398768E-05       8.99227166       4.00000000  haillan1
  1 16881      10.27992688  2.30398768E-05       8.96636572       4.00000000  haillan1
  1 16879      10.23487663  2.30398768E-05       8.92090153       4.00000000  haillan1
  1 16880      10.23263024  2.30398768E-05       8.91863450       4.00000000  haillan1
  1 16891      10.17332564  2.30398768E-05       8.85878499       4.00000000  haillan1
  1 16892      10.11992291  2.30398768E-05       8.80489157       4.00000000  haillan1
  1 16889      10.03652071  2.30398768E-05       8.72072305       4.00000000  haillan1
  1 16895      10.05120391  2.30398768E-05       8.73554116       4.00000000  haillan1
  1 16889      10.01662998  2.30398768E-05       8.70064955       4.00000000  haillan1
  1 16888       9.95934713  2.30398768E-05       8.64284037       4.00000000  haillan1
  1 16890       9.98226027  2.30398768E-05       8.66596404       4.00000000  haillan1
  1 16888       9.96577996  2.30398768E-05       8.64933231       4.00000000  haillan1
  1 17059       9.91525669  2.30398768E-05       8.59834481       4.00000000  haillan1
  1 17037       9.90533175  2.30398768E-05       8.58832867       4.00000000  haillan1
  1 17035       9.84790595  2.30398768E-05       8.53037522       4.00000000  haillan1
  1 17030       9.78094321  2.30398768E-05       8.46279721       4.00000000  haillan1
  1 17036       9.78149460  2.30398768E-05       8.46335366       4.00000000  haillan1
  1 17030       9.75470134  2.30398768E-05       8.43631421       4.00000000  haillan1
  1 17031       9.69443692  2.30398768E-05       8.37549606       4.00000000  haillan1
  1 17033       9.71381711  2.30398768E-05       8.39505432       4.00000000  haillan1
  1 17031       9.65641172  2.30398768E-05       8.33712148       4.00000000  haillan1
  1 17032       9.67258571  2.30398768E-05       8.35344407       4.00000000  haillan1
  1 17045       9.57962615  2.30398768E-05       8.25963038       4.00000000  haillan1
  1 17043       9.60270267  2.30398768E-05       8.28291893       4.00000000  haillan1
  1 17045       9.57807411  2.30398768E-05       8.25806407       4.00000000  haillan1
  1 17046       9.54544024  2.30398768E-05       8.22513035       4.00000000  haillan1
  1 17055       9.47312702  2.30398768E-05       8.15215269       4.00000000  haillan1
  1 17052       9.50990649  2.30398768E-05       8.18927010       4.00000000  haillan1
  1 17055       9.46489708  2.30398768E-05       8.14384713       4.00000000  haillan1
  1 17056       9.43497930  2.30398768E-05       8.11365445       4.00000000  haillan1
  1 17093       9.41169857  4.60797536E-05       8.09015981       4.00000000  haillan1
  1 17094       9.26000622  4.60797536E-05       7.93707366       4.00000000  haillan1
  1 17092       9.27701749  4.60797536E-05       7.95424124       4.00000000  haillan1
  1 17095       9.09920581  4.60797536E-05       7.77479575       4.00000000  haillan1
  1 12600       9.09955297  4.60797536E-05       7.77514611       4.00000000  haillan1
  1 12259       9.44614209       0.01024036       7.83008306      10.00000000  bussaguet_amont
  1 12257       9.42985966       0.01024036       7.82889888      10.00000000  bussaguet_amont
  1 12253       9.44318019       0.01024036       7.82986765      10.00000000  bussaguet_amont
  1 12256       9.44784755       0.01024036       7.83020709      10.00000000  bussaguet_amont
  1 12257       9.43482009       0.01024036       7.82925964      10.00000000  bussaguet_amont
  1 12269       9.40876166       0.01024036       7.82736448      10.00000000  bussaguet_amont
  1 12268       9.42392080       0.01024036       7.82846697      10.00000000  bussaguet_amont
  1 12269       9.40622150       0.01024036       7.82717975      10.00000000  bussaguet_amont
  1 12271       9.38804615       0.01024036       7.82585790      10.00000000  bussaguet_amont
  1 12267       9.39592875       0.01024036       7.82643118      10.00000000  bussaguet_amont
  1 12270       9.40103295       0.01024036       7.82680240      10.00000000  bussaguet_amont
  1 12271       9.37731117       0.01024036       7.82507718      10.00000000  bussaguet_amont
  1 12446       9.35390683       0.01024036       7.82337504      10.00000000  bussaguet_amont
  1 12442       9.37824388       0.01024036       7.82514501      10.00000000  bussaguet_amont
  1 12443       9.36682066       0.01024036       7.82431423      10.00000000  bussaguet_amont
  1 12446       9.34271495       0.01024036       7.82256109      10.00000000  bussaguet_amont
  1 12164       9.32358379       0.01024036       7.82116973      10.00000000  bussaguet_amont
  1 12447       9.34394226       0.01024036       7.82265035      10.00000000  bussaguet_amont
  1 12458       9.32929864       0.01024036       7.82158536      10.00000000  bussaguet_amont
  1 12164       9.32238571       0.01024036       7.82108260      10.00000000  bussaguet_amont
  1 12168       9.30752630       0.01024036       7.82000191      10.00000000  bussaguet_amont
  1 12165       9.32139847       0.01024036       7.82101080      10.00000000  bussaguet_amont
  1 12168       9.29931908       0.01024036       7.81940502      10.00000000  bussaguet_amont
  1 12180       9.28157392       0.02048073       7.81811447      10.00000000  bussaguet_amont
  1 12169       9.29824102       0.01024036       7.81932662      10.00000000  bussaguet_amont
  1 12180       9.28930146       0.02048073       7.81867647      10.00000000  bussaguet_amont
  1 12181       9.26939930       0.02048073       7.81722904      10.00000000  bussaguet_amont
  1 12185       9.21776383       0.02048073       7.81347373      10.00000000  bussaguet_amont
  1 12184       9.24687035       0.02048073       7.81559057      10.00000000  bussaguet_amont
  1 12185       9.21016532       0.02048073       7.81292111      10.00000000  bussaguet_amont
  1 12638       9.20188796       0.02048073       7.81231912      10.00000000  bussaguet_amont
  1 12642       9.14942350       0.02048073       7.80850353      10.00000000  bussaguet_amont
  1 12639       9.17953883       0.02048073       7.81069373      10.00000000  bussaguet_amont
  1 12642       9.14018542       0.02048073       7.80783167      10.00000000  bussaguet_amont
  1 12675       9.12964677       0.02048073       7.80706522      10.00000000  bussaguet_amont
  1 12674       9.12468179       0.02048073       7.80670413      10.00000000  bussaguet_amont
  1 12675       9.10606673       0.02048073       7.80535031      10.00000000  bussaguet_amont
  1 12689       9.06956086       0.02048073       7.80269534      10.00000000  bussaguet_amont
  1 12686       9.10539059       0.02048073       7.80530113      10.00000000  bussaguet_amont
  1 12688       9.08016650       0.02048073       7.80346665      10.00000000  bussaguet_amont
  1 12689       9.07922377       0.02048073       7.80339809      10.00000000  bussaguet_amont
  1 12695       9.04646006       0.04096145       7.80101528      10.00000000  bussaguet_amont
  1 12692       9.04114128       0.02048073       7.80062846      10.00000000  bussaguet_amont
  1 12695       9.04515003       0.04096145       7.80092000      10.00000000  bussaguet_amont
  1 12716       8.99087428       0.04096145       7.79697267      10.00000000  bussaguet_amont
  1 12732       8.93060854       0.04096145       7.79258971      10.00000000  bussaguet_amont
  1 12730       8.98277855       0.04096145       7.79638389      10.00000000  bussaguet_amont
  1 12732       8.93915069       0.04096145       7.79321096      10.00000000  bussaguet_amont
  1 12768       5.53310961       0.20154486       4.38709519      12.00000000  noir_amont
  1 12769       5.46437474       0.20154486       4.35983826      12.00000000  noir_amont
  1 12772       5.34065344       0.20154486       4.31077636      12.00000000  noir_amont
  1 17772       5.17102059       0.20154486       4.24350816      12.00000000  noir_amont
  1 17771       5.17106721       0.20154486       4.24352665      12.00000000  noir_amont
  1 17772       5.18003372       0.20154486       4.24708234      12.00000000  noir_amont
  1 17775       5.08884580       0.20154486       4.21092161      12.00000000  noir_amont
  1 14991       9.74544141       0.00695816       8.13022445       5.00000000  thil_aval
  1 15028       9.72203861       0.00695816       8.11832472       5.00000000  thil_aval
  1 14992       9.74778810       0.00695816       8.13141768       5.00000000  thil_aval
  1 15006       9.72300015       0.00695816       8.11881363       5.00000000  thil_aval
  1 14994       9.73875024       0.00695816       8.12682216       5.00000000  thil_aval
  1 15005       9.73847137       0.00695816       8.12668036       5.00000000  thil_aval
  1 15028       9.71246856       0.00695816       8.11345859       5.00000000  thil_aval
  1 15034       9.69939595       0.00695816       8.10681150       5.00000000  thil_aval
  1 15031       9.71513964       0.00695816       8.11481677       5.00000000  thil_aval
  1 15033       9.70119530       0.00695816       8.10772642       5.00000000  thil_aval
  1 15034       9.70248409       0.00695816       8.10838174       5.00000000  thil_aval
  1 15078       9.68301034       0.00695816       8.09847983       5.00000000  thil_aval
  1 15077       9.69397668       0.00695816       8.10405594       5.00000000  thil_aval
  1 15078       9.67370071       0.00695816       8.09374612       5.00000000  thil_aval
  1 15091       9.65125997       0.00695816       8.08233558       5.00000000  thil_aval
  1 15081       9.67466156       0.00695816       8.09423469       5.00000000  thil_aval
  1 15093       9.65053794       0.00695816       8.08196844       5.00000000  thil_aval
  1 15082       9.66487414       0.00695816       8.08925804       5.00000000  thil_aval
  1 15091       9.64875627       0.00695816       8.08106251       5.00000000  thil_aval
  1 15779       9.61605979       0.00695816       8.06443718       5.00000000  thil_aval
  1 15092       9.64530343       0.00695816       8.07930683       5.00000000  thil_aval
  1 15096       9.62587468       0.00695816       8.06942780       5.00000000  thil_aval
  1 15095       9.63558982       0.00695816       8.07436771       5.00000000  thil_aval
  1 15779       9.60190045       0.00695816       8.05723752       5.00000000  thil_aval
  1 15762       9.58458599       0.00695816       8.04843355       5.00000000  thil_aval
  1 15780       9.60383750       0.00695816       8.05822246       5.00000000  thil_aval
  1 15761       9.59635404       0.00695816       8.05441731       5.00000000  thil_aval
  1 15758       9.60000139       0.00695816       8.05627189       5.00000000  thil_aval
  1 15762       9.57296910       0.00695816       8.04252666       5.00000000  thil_aval
  1 15767       9.54005010       0.00695816       8.02578818       5.00000000  thil_aval
  1 15760       9.57424665       0.00695816       8.04317626       5.00000000  thil_aval
  1 15769       9.54980015       0.00695816       8.03074584       5.00000000  thil_aval
  1 15771       9.57579774       0.00695816       8.04396495       5.00000000  thil_aval
  1 15766       9.56111972       0.00695816       8.03650155       5.00000000  thil_aval
  1 15772       9.55913970       0.00695816       8.03549476       5.00000000  thil_aval
  1 15767       9.54099464       0.00695816       8.02626846       5.00000000  thil_aval
  1 11492       9.52665346       0.00695816       8.01897633       5.00000000  thil_aval
  1 15768       9.53918267       0.00695816       8.02534712       5.00000000  thil_aval
  1 11449       9.52619576       0.00695816       8.01874361       5.00000000  thil_aval
  1 11492       9.51299287       0.00695816       8.01203027       5.00000000  thil_aval
  1 11488       9.49958126       0.00695816       8.00521081       5.00000000  thil_aval
  1 11490       9.51067179       0.00695816       8.01085006       5.00000000  thil_aval
  1 11485       9.49727400       0.00695816       8.00403763       5.00000000  thil_aval
  1 11491       9.51512288       0.00695816       8.01311333       5.00000000  thil_aval
  1 11488       9.48878998       0.00695816       7.99972372       5.00000000  thil_aval
  1 11498       9.47539066       0.00695816       7.99291050       5.00000000  thil_aval
  1 11489       9.48336250       0.00695816       7.99696398       5.00000000  thil_aval
  1 11487       9.48610252       0.00695816       7.99835721       5.00000000  thil_aval
  1 11498       9.46608640       0.00695816       7.98817953       5.00000000  thil_aval
  1 11478       9.44537051       0.00695816       7.97764602       5.00000000  thil_aval
  1 11476       9.46201320       0.00695816       7.98610841       5.00000000  thil_aval
  1 11480       9.45187950       0.00695816       7.98095568       5.00000000  thil_aval
  1 11477       9.46642862       0.00695816       7.98835353       5.00000000  thil_aval
  1 11478       9.44330916       0.00695816       7.97659788       5.00000000  thil_aval
  1 11644       9.42579443       0.00695816       7.96769208       5.00000000  thil_aval
  1 11479       9.44109781       0.00695816       7.97547346       5.00000000  thil_aval
  1 11473       9.43235406       0.00695816       7.97102749       5.00000000  thil_aval
  1 11644       9.42228980       0.00695816       7.96591007       5.00000000  thil_aval
  1 11558       9.39189406       0.00695816       7.95045460       5.00000000  thil_aval
  1 11642       9.42084651       0.00695816       7.96517619       5.00000000  thil_aval
  1 11555       9.39497629       0.00695816       7.95202184       5.00000000  thil_aval
  1 11643       9.40914560       0.00695816       7.95922658       5.00000000  thil_aval
  1 11557       9.41072547       0.00695816       7.96002990       5.00000000  thil_aval
  1 11558       9.39050371       0.00695816       7.94974765       5.00000000  thil_aval
  1 11553       9.37749456       0.00695816       7.94313283       5.00000000  thil_aval
  1 11552       9.38434269       0.00695816       7.94661493       5.00000000  thil_aval
  1 11553       9.37258615       0.00695816       7.94063703       5.00000000  thil_aval
  1 11562       9.36327614       0.00695816       7.93590312       5.00000000  thil_aval
  1 11551       9.37130438       0.00695816       7.93998528       5.00000000  thil_aval
  1 11562       9.36381095       0.00695816       7.93617506       5.00000000  thil_aval
  1 11563       9.35662942       0.00695816       7.93252344       5.00000000  thil_aval
  1 11545       9.33399183       0.00695816       7.92101279       5.00000000  thil_aval
  1 11566       9.34496189       0.00695816       7.92659079       5.00000000  thil_aval
  1 11544       9.33800365       0.00695816       7.92305270       5.00000000  thil_aval
  1 11545       9.33229303       0.00695816       7.92014900       5.00000000  thil_aval
  1 11610       9.31783023       0.00695816       7.91279503       5.00000000  thil_aval
  1 11588       9.32554771       0.00695816       7.91671918       5.00000000  thil_aval
  1 11610       9.31699464       0.00695816       7.91237016       5.00000000  thil_aval
  1 11614       9.30674930       0.00695816       7.90716066       5.00000000  thil_aval
  1 11611       9.31793573       0.00695816       7.91284868       5.00000000  thil_aval
  1 11614       9.29858103       0.00695816       7.90300730       5.00000000  thil_aval
  1 11604       9.28735776       0.00695816       7.89730055       5.00000000  thil_aval
  1 11615       9.29739133       0.00695816       7.90240237       5.00000000  thil_aval
  1 11593       9.28807211       0.00695816       7.89766379       5.00000000  thil_aval
  1 11604       9.27931647       0.00695816       7.89321177       5.00000000  thil_aval
  1 11609       9.25593230       0.00695816       7.88132151       5.00000000  thil_aval
  1 11605       9.27927773       0.00695816       7.89319206       5.00000000  thil_aval
  1 11608       9.26954647       0.00695816       7.88824397       5.00000000  thil_aval
  1 11609       9.25682850       0.00695816       7.88177721       5.00000000  thil_aval
  1 12200       9.22922074       0.00695816       7.86773936       5.00000000  thil_aval
  1 12196       9.25011925       0.00695816       7.87836572       5.00000000  thil_aval
  1 12197       9.24050270       0.00695816       7.87347595       5.00000000  thil_aval
  1 12200       9.22147371       0.00695816       7.86380019       5.00000000  thil_aval
  1 12214       9.18792246       0.00695816       7.84674023       5.00000000  thil_aval
  1 12201       9.21978451       0.00695816       7.86294127       5.00000000  thil_aval
  1 12211       9.20186388       0.00695816       7.85382909       5.00000000  thil_aval
  1 12199       9.21121801       0.00695816       7.85858543       5.00000000  thil_aval
  1 12210       9.21157403       0.00695816       7.85876646       5.00000000  thil_aval
  1 12214       9.19023701       0.00695816       7.84791712       5.00000000  thil_aval
  1 12259       9.16003463       0.00695816       7.83255998       5.00000000  thil_aval
  1 12215       9.18248270       0.00695816       7.84397425       5.00000000  thil_aval
  1 12258       9.17287497       0.00695816       7.83908897       5.00000000  thil_aval
  1 17744       7.58047862       0.09889839       6.15301156       7.00000000  jpt_seuil_aval
  1 12753       7.66251055       0.09889839       6.16507508       7.00000000  jpt_seuil_aval
  1 12756       7.23806687       0.19779678       6.10265689       7.00000000  jpt_seuil_aval
  1 17743       7.86014644       0.09823191       6.35801044       9.00000000  jpt_ecl_aval
  1 17744       7.76193780       0.09823191       6.33594108       9.00000000  jpt_ecl_aval
  1 12259       9.32794915       0.02169394       7.70914379      16.00000000  moulinat_amont
  1 12262       9.32027698       0.02169394       7.71137120      16.00000000  moulinat_amont
  1 12264       9.32098396       0.02169394       7.71116595      16.00000000  moulinat_amont
  1 12287       9.30550986       0.02169394       7.71565843      16.00000000  moulinat_amont
  1 12265       9.30977738       0.02169394       7.71441947      16.00000000  moulinat_amont
  1 12287       9.30756373       0.02169394       7.71506214      16.00000000  moulinat_amont
  1 12299       9.29360859       0.02169394       7.71911364      16.00000000  moulinat_amont
  1 12298       9.30366985       0.02169394       7.71619262      16.00000000  moulinat_amont
  1 12299       9.28725898       0.02169394       7.72095707      16.00000000  moulinat_amont
  1 12482       9.26729428       0.02169394       7.72675327      16.00000000  moulinat_amont
  1 12301       9.28608903       0.02169394       7.72129673      16.00000000  moulinat_amont
  1 12311       9.26825248       0.02169394       7.72647509      16.00000000  moulinat_amont
  1 12304       9.28711868       0.02169394       7.72099780      16.00000000  moulinat_amont
  1 12305       9.27771105       0.02169394       7.72372905      16.00000000  moulinat_amont
  1 12482       9.26540113       0.02169394       7.72730290      16.00000000  moulinat_amont
  1 12488       9.24924149       0.02169394       7.73199441      16.00000000  moulinat_amont
  1 12483       9.25936982       0.02169394       7.72905392      16.00000000  moulinat_amont
  1 12485       9.25385496       0.02169394       7.73065501      16.00000000  moulinat_amont
  1 12488       9.24822770       0.02169394       7.73228873      16.00000000  moulinat_amont
  1 12550       9.20980013       0.02169394       7.74344512      16.00000000  moulinat_amont
  1 12489       9.23930408       0.02169394       7.73487946      16.00000000  moulinat_amont
  1 12544       9.21190469       0.02169394       7.74283412      16.00000000  moulinat_amont
  1 12527       9.24146870       0.02169394       7.73425102      16.00000000  moulinat_amont
  1 12541       9.22488316       0.02169394       7.73906618      16.00000000  moulinat_amont
  1 12538       9.23251090       0.02169394       7.73685167      16.00000000  moulinat_amont
  1 12540       9.22501958       0.02169394       7.73902657      16.00000000  moulinat_amont
  1 12550       9.21210456       0.02169394       7.74277610      16.00000000  moulinat_amont
  1 12594       9.18547721       0.04338788       7.75050662      16.00000000  moulinat_amont
  1 12551       9.20431391       0.02169394       7.74503790      16.00000000  moulinat_amont
  1 12588       9.19656976       0.04338788       7.74728620      16.00000000  moulinat_amont
  1 12553       9.19835005       0.02169394       7.74676934      16.00000000  moulinat_amont
  1 12594       9.18145193       0.04338788       7.75167525      16.00000000  moulinat_amont
  1 12597       9.15974232       0.04338788       7.75797804      16.00000000  moulinat_amont
  1 12595       9.18043414       0.04338788       7.75197073      16.00000000  moulinat_amont
  1 12597       9.15472419       0.04338788       7.75943491      16.00000000  moulinat_amont
  1 17605       9.11629508       0.04338788       7.77059175      16.00000000  moulinat_amont
  1 12600       9.16281017       0.04338788       7.75708737      16.00000000  moulinat_amont
  1 17603       9.11248999       0.04338788       7.77169646      16.00000000  moulinat_amont
  1 17095       9.13537814       0.04338788       7.76505151      16.00000000  moulinat_amont
  1 17096       9.14305916       0.04338788       7.76282154      16.00000000  moulinat_amont
  1 17605       9.10703918       0.04338788       7.77327895      16.00000000  moulinat_amont
  1 17612       9.09419714       0.04338788       7.77700728      16.00000000  moulinat_amont
  1 17606       9.09085829       0.04338788       7.77797663      16.00000000  moulinat_amont
  1 17612       9.08606097       0.04338788       7.77936940      16.00000000  moulinat_amont
  1 17617       9.07107463       0.04338788       7.78372027      16.00000000  moulinat_amont
  1 17615       9.06885459       0.04338788       7.78436480      16.00000000  moulinat_amont
  1 17617       9.06837849       0.04338788       7.78450302      16.00000000  moulinat_amont
  1 17634       9.04721150       0.04338788       7.79064828      16.00000000  moulinat_amont
  1 17618       9.04770053       0.04338788       7.79050630      16.00000000  moulinat_amont
  1 17634       9.05081118       0.04338788       7.78960320      16.00000000  moulinat_amont
  1 17647       9.02248762       0.04338788       7.79782617      16.00000000  moulinat_amont
  1 17645       9.02868984       0.04338788       7.79602553      16.00000000  moulinat_amont
  1 17647       9.02588529       0.04338788       7.79683975      16.00000000  moulinat_amont
  1 17775       3.73184876       0.20695124       2.31412802       6.00000000  noir_aval
  1 17776       3.77786412       0.20695124       2.34186330       6.00000000  noir_aval
  1 17779       3.64448561       0.20695124       2.26147078       6.00000000  noir_aval
  1 12780       3.46840263       0.20695124       2.15533857       6.00000000  noir_aval
  1 12781       3.47754044       0.20695124       2.16084629       6.00000000  noir_aval
  1 12784       3.31105951       0.20695124       2.06050163       6.00000000  noir_aval
  1 12785       3.16062741       0.20695124       1.96983022       6.00000000  noir_aval
  1 12783       3.02299101       0.20695124       1.88687129       6.00000000  noir_aval
  1 12756       7.57432512       0.20288674       6.10795030       2.00000000  blanc_amont
  1 12757       7.44947533       0.20288674       6.09251942       2.00000000  blanc_amont
  1 12760       7.31091872       0.20288674       6.07539445       2.00000000  blanc_amont
  1 12761       7.18521963       0.20288674       6.05985861       2.00000000  blanc_amont
  1 12764       7.04619905       0.20288674       6.04267629       2.00000000  blanc_amont
  1 12765       6.89634517       0.20288674       6.02415502       2.00000000  blanc_amont
  1 12768       6.67905904       0.20288674       5.99729943       2.00000000  blanc_amont
  1 12756       7.56866701       0.17946241       6.15060377       0.00000000  majolan
  1 12757       7.40235346       0.17946241       6.00714848       0.00000000  majolan
  1 12755       7.42029706       0.17946241       6.02262590       0.00000000  majolan
  1 12758       7.32917621       0.17946241       5.94402877       0.00000000  majolan
  1 7759       7.17496094       0.17946241       5.81100896       0.00000000  majolan
  1 7758       7.18198190       0.17946241       5.81706496       0.00000000  majolan
  1 7759       7.22599854       0.17946241       5.85503192       0.00000000  majolan
  1 7762       7.11791889       0.17946241       5.76180682       0.00000000  majolan
  1 7761       6.95656338       0.17946241       5.62262813       0.00000000  majolan
  1 7763       6.97952963       0.17946241       5.64243788       0.00000000  majolan
  1 7761       6.97469134       0.17946241       5.63826456       0.00000000  majolan
  1 7764       6.88612675       0.17946241       5.56187236       0.00000000  majolan
  1 7766       6.88051720       0.17946241       5.55703379       0.00000000  majolan
  1 7767       6.82372691       0.17946241       5.50804881       0.00000000  majolan
  1 7768       6.69156675       0.17946241       5.39405283       0.00000000  majolan
  1 7770       6.68357627       0.17946241       5.38716057       0.00000000  majolan
  1 7768       6.70173665       0.17946241       5.40282498       0.00000000  majolan
  1 7769       6.63600630       0.17946241       5.34612866       0.00000000  majolan
  1 7774       6.49020905       0.17946241       5.22036989       0.00000000  majolan
  1 7772       6.49488058       0.17946241       5.22439937       0.00000000  majolan
  1 7774       6.47911503       0.17946241       5.21080064       0.00000000  majolan
  1 7772       6.44877669       0.17946241       5.18463203       0.00000000  majolan
  1 7773       6.42229000       0.17946241       5.16178569       0.00000000  majolan
  1 7769       7.51780389       0.17946241       6.10673132       0.00000000  majolan
  1 7771       7.54482407       0.17946241       6.13003783       0.00000000  majolan
  1 7774       7.42037418       0.17946241       6.02269242       0.00000000  majolan
  1 12774       7.36930415       0.17946241       5.97864149       0.00000000  majolan
  1 12775       7.32261244       0.17946241       5.93836713       0.00000000  majolan
  1 7775       7.24584851       0.17946241       5.87215369       0.00000000  majolan
  1 7773       7.11166501       0.17946241       5.75641248       0.00000000  majolan
  1 7773       7.52803235       0.17946241       6.11555397       0.00000000  majolan
  1 7776       7.52140632       0.17946241       6.10983863       0.00000000  majolan
  1 7777       7.42885659       0.17946241       6.03000901       0.00000000  majolan
  1 7780       7.32693355       0.17946241       5.94209434       0.00000000  majolan
  1 7781       7.23314319       0.17946241       5.86119460       0.00000000  majolan
  1 7784       7.12464711       0.17946241       5.76761030       0.00000000  majolan
  1 17864      11.80477269       0.00189376      10.25404955      18.00000000  thil_amont
  1 17993      11.80309677       0.00189376      10.25262756      18.00000000  thil_amont
  1 17992      11.76238834       0.00189376      10.21808708      18.00000000  thil_amont
  1 17994      11.76662084       0.00189376      10.22167829      18.00000000  thil_amont
  1 17992      11.77371119       0.00189376      10.22769434      18.00000000  thil_amont
  1 17989      11.73118884       0.00189376      10.19161477      18.00000000  thil_amont
  1 17995      11.74311135       0.00189376      10.20173084      18.00000000  thil_amont
  1 17989      11.73278092       0.00189376      10.19296563      18.00000000  thil_amont
  1 17990      11.72581878       0.00189376      10.18705836      18.00000000  thil_amont
  1 18004      11.70402097       0.00189376      10.16856324      18.00000000  thil_amont
  1 18027      11.66451493  9.46878650E-04      10.13504297      18.00000000  thil_amont
  1 18025      11.67761639       0.00189376      10.14615936      18.00000000  thil_amont
  1 18026      11.67853154  9.46878650E-04      10.14693585      18.00000000  thil_amont
  1 18027      11.65995674  9.46878650E-04      10.13117542      18.00000000  thil_amont
  1 18037      11.65012687  9.46878650E-04      10.12283492      18.00000000  thil_amont
  1 18035      11.65236576  9.46878650E-04      10.12473458      18.00000000  thil_amont
  1 18037      11.64636995  9.46878650E-04      10.11964723      18.00000000  thil_amont
  1 18189      11.60577855  9.46878650E-04      10.08520605      18.00000000  thil_amont
  1 18035      11.64355430  9.46878650E-04      10.11725819      18.00000000  thil_amont
  1 18024      11.62284226  9.46878650E-04      10.09968434      18.00000000  thil_amont
  1 18036      11.64563032  9.46878650E-04      10.11901967      18.00000000  thil_amont
  1 18023      11.62053847  9.46878650E-04      10.09772961      18.00000000  thil_amont
  1 18039      11.63310521  9.46878650E-04      10.10839230      18.00000000  thil_amont
  1 18189      11.61087064  9.46878650E-04      10.08952661      18.00000000  thil_amont
  1 18191      11.58742009  9.46878650E-04      10.06962917      18.00000000  thil_amont
  1 18187      11.59570581  9.46878650E-04      10.07665948      18.00000000  thil_amont
  1 18188      11.60019175  9.46878650E-04      10.08046572      18.00000000  thil_amont
  1 18191      11.57722571  9.46878650E-04      10.06097939      18.00000000  thil_amont
  1 18204      11.55266899  9.46878650E-04      10.04014338      18.00000000  thil_amont
  1 18192      11.57777268  9.46878650E-04      10.06144349      18.00000000  thil_amont
  1 18203      11.56756809  9.46878650E-04      10.05278505      18.00000000  thil_amont
  1 18204      11.55617079  9.46878650E-04      10.04311461      18.00000000  thil_amont
  1 18207      11.54714096  9.46878650E-04      10.03545294      18.00000000  thil_amont
  1 18245      11.52425575  9.46878650E-04      10.01603518      18.00000000  thil_amont
  1 18208      11.53175163  9.46878650E-04      10.02239532      18.00000000  thil_amont
  1 18202      11.53671636  9.46878650E-04      10.02660782      18.00000000  thil_amont
  1 18245      11.51801993  9.46878650E-04      10.01074418      18.00000000  thil_amont
  1 18246      11.51628882  9.46878650E-04      10.00927536      18.00000000  thil_amont
  1 18248      11.49326687  9.46878650E-04       9.98974158      18.00000000  thil_amont
  1 18249      11.50515317  9.46878650E-04       9.99982693      18.00000000  thil_amont
  1 18247      11.49172883  9.46878650E-04       9.98843658      18.00000000  thil_amont
  1 18248      11.48248103  9.46878650E-04       9.98058996      18.00000000  thil_amont
  1 18174      11.46665779  9.46878650E-04       9.96716419      18.00000000  thil_amont
  1 18259      11.48231694  9.46878650E-04       9.98045073      18.00000000  thil_amont
  1 18173      11.47001388  9.46878650E-04       9.97001178      18.00000000  thil_amont
  1 18174      11.47005306  9.46878650E-04       9.97004502      18.00000000  thil_amont
  1 18172      11.45971663  9.46878650E-04       9.96127472      18.00000000  thil_amont
  1 18166      11.44603596  9.46878650E-04       9.94966687      18.00000000  thil_amont
  1 18167      11.43606893  9.46878650E-04       9.94121000      18.00000000  thil_amont
  1 18169      11.44179575  9.46878650E-04       9.94606912      18.00000000  thil_amont
  1 18167      11.43037192  9.46878650E-04       9.93637617      18.00000000  thil_amont
  1 18146      11.41865542  9.46878650E-04       9.92643490      18.00000000  thil_amont
  1 18145      11.42264337  9.46878650E-04       9.92981862      18.00000000  thil_amont
  1 18146      11.42040775  9.46878650E-04       9.92792173      18.00000000  thil_amont
  1 18707      11.40158804  9.46878650E-04       9.91195349      18.00000000  thil_amont
  1 18709      11.40785366  9.46878650E-04       9.91726977      18.00000000  thil_amont
  1 18707      11.40457472  9.46878650E-04       9.91448764      18.00000000  thil_amont
  1 18708      11.39981653  9.46878650E-04       9.91045039      18.00000000  thil_amont
  1 18702      11.38953684  9.46878650E-04       9.90172822      18.00000000  thil_amont
  1 14381      11.36113012  9.46878650E-04       9.87762556      18.00000000  thil_amont
  1 18700      11.37327113  9.46878650E-04       9.88792702      18.00000000  thil_amont
  1 18699      11.37657538  9.46878650E-04       9.89073062      18.00000000  thil_amont
  1 14381      11.36391353  9.46878650E-04       9.87998723      18.00000000  thil_amont
  1 13696      11.35126474  9.46878650E-04       9.86925493      18.00000000  thil_amont
  1 13698      11.35302482  9.46878650E-04       9.87074834      18.00000000  thil_amont
  1 13696      11.34670329  9.46878650E-04       9.86538461      18.00000000  thil_amont
  1 13690      11.34285616  9.46878650E-04       9.86212038      18.00000000  thil_amont
  1 13688      11.33258830  9.46878650E-04       9.85340826      18.00000000  thil_amont
  1 13666      11.32135224  9.46878650E-04       9.84387463      18.00000000  thil_amont
  1 14349      11.31216199  9.46878650E-04       9.83607684      18.00000000  thil_amont
  1 14351      11.28589171  9.46878650E-04       9.81378690      18.00000000  thil_amont
  1 14350      11.29774740  9.46878650E-04       9.82384628      18.00000000  thil_amont
  1 14348      11.29563627  9.46878650E-04       9.82205502      18.00000000  thil_amont
  1 14351      11.28880369  9.46878650E-04       9.81625768      18.00000000  thil_amont
  1 14343      11.26578786  9.46878650E-04       9.79672909      18.00000000  thil_amont
  1 14345      11.28110739  9.46878650E-04       9.80972748      18.00000000  thil_amont
  1 14343      11.27013746  9.46878650E-04       9.80041966      18.00000000  thil_amont
  1 14252      11.24773758  9.46878650E-04       9.78141370      18.00000000  thil_amont
  1 14257      11.25752704  9.46878650E-04       9.78971991      18.00000000  thil_amont
  1 14254      11.25238393  9.46878650E-04       9.78535606      18.00000000  thil_amont
  1 14252      11.23919797  9.46878650E-04       9.77416797      18.00000000  thil_amont
  1 14243      11.22091462  9.46878650E-04       9.75865483      18.00000000  thil_amont
  1 14246      11.23897224  9.46878650E-04       9.77397645      18.00000000  thil_amont
  1 14244      11.22493318  9.46878650E-04       9.76206452      18.00000000  thil_amont
  1 14243      11.21276727  9.46878650E-04       9.75174193      18.00000000  thil_amont
  1 14219      11.20567427  9.46878650E-04       9.74572362      18.00000000  thil_amont
  1 14221      11.21722137  9.46878650E-04       9.75552116      18.00000000  thil_amont
  1 14219      11.19187440  9.46878650E-04       9.73401465      18.00000000  thil_amont
  1 13306      11.17115705  9.46878650E-04       9.71643629      18.00000000  thil_amont
  1 14213      11.19071271  9.46878650E-04       9.73302897      18.00000000  thil_amont
  1 13528      11.18466262  9.46878650E-04       9.72789555      18.00000000  thil_amont
  1 13530      11.19315447  9.46878650E-04       9.73510076      18.00000000  thil_amont
  1 13306      11.16655029  9.46878650E-04       9.71252752      18.00000000  thil_amont
  1 13859      11.14075310  9.46878650E-04       9.69063899      18.00000000  thil_amont
  1 13304      11.16335136  9.46878650E-04       9.70981327      18.00000000  thil_amont
  1 13861      11.13730803  9.46878650E-04       9.68771590      18.00000000  thil_amont
  1 13298      11.15260552  9.46878650E-04       9.70069559      18.00000000  thil_amont
  1 13859      11.13063546  9.46878650E-04       9.68205433      18.00000000  thil_amont
  1 13272      11.11645149  9.46878650E-04       9.67001944      18.00000000  thil_amont
  1 13837      11.12660179  9.46878650E-04       9.67863182      18.00000000  thil_amont
  1 13274      11.12990685  9.46878650E-04       9.68143611      18.00000000  thil_amont
  1 13272      11.11316479  9.46878650E-04       9.66723073      18.00000000  thil_amont
  1 13263      11.09366261  9.46878650E-04       9.65068342      18.00000000  thil_amont
  1 13266      11.10319328  9.46878650E-04       9.65877006      18.00000000  thil_amont
  1 13265      11.10758452  9.46878650E-04       9.66249596      18.00000000  thil_amont
  1 13263      11.09176333  9.46878650E-04       9.64907191      18.00000000  thil_amont
  1 13175      11.07157661  9.46878650E-04       9.63194379      18.00000000  thil_amont
  1 13177      11.08649939  9.46878650E-04       9.64460555      18.00000000  thil_amont
  1 13175      11.07512822  9.46878650E-04       9.63495728      18.00000000  thil_amont
  1 13169      11.06312803  9.46878650E-04       9.62477530      18.00000000  thil_amont
  1 13168      11.05202667  9.46878650E-04       9.61535596      18.00000000  thil_amont
  1 13170      11.05834698  9.46878650E-04       9.62071865      18.00000000  thil_amont
  1 13168      11.04935796  9.46878650E-04       9.61309161      18.00000000  thil_amont
  1 13731      11.04354951  9.46878650E-04       9.60816322      18.00000000  thil_amont
  1 13732      11.03378332  9.46878650E-04       9.59987675      18.00000000  thil_amont
  1 13737      11.01472360  9.46878650E-04       9.58370487      18.00000000  thil_amont
  1 13735      11.01849399  9.46878650E-04       9.58690399      18.00000000  thil_amont
  1 13737      11.01070136  9.46878650E-04       9.58029206      18.00000000  thil_amont
  1 13744      10.99649331  9.46878650E-04       9.56823675      18.00000000  thil_amont
  1 13738      11.00821675  9.46878650E-04       9.57818391      18.00000000  thil_amont
  1 13744      10.99591859  9.46878650E-04       9.56774910      18.00000000  thil_amont
  1 13757      10.98119214  9.46878650E-04       9.55525394      18.00000000  thil_amont
  1 13755      10.99575939  9.46878650E-04       9.56761403      18.00000000  thil_amont
  1 13757      10.98156359  9.46878650E-04       9.55556911      18.00000000  thil_amont
  1 13758      10.98328612  9.46878650E-04       9.55703065      18.00000000  thil_amont
  1 13847      10.96759963  9.46878650E-04       9.54372090      18.00000000  thil_amont
  1 13844      10.96426886  9.46878650E-04       9.54089479      18.00000000  thil_amont
  1 13847      10.95904411  9.46878650E-04       9.53646167      18.00000000  thil_amont
  1 13891      10.94365151  9.46878650E-04       9.52340128      18.00000000  thil_amont
  1 13848      10.95819509  9.46878650E-04       9.53574129      18.00000000  thil_amont
  1 13891      10.94170039  9.46878650E-04       9.52174579      18.00000000  thil_amont
  1 13907      10.90353932  9.46878650E-04       9.48936670      18.00000000  thil_amont
  1 13892      10.93652871  9.46878650E-04       9.51735769      18.00000000  thil_amont
  1 13896      10.91611137  9.46878650E-04       9.50003389      18.00000000  thil_amont
  1 13895      10.92632820  9.46878650E-04       9.50870272      18.00000000  thil_amont
  1 13907      10.89776761  9.46878650E-04       9.48446949      18.00000000  thil_amont
  1 14002      10.82770700  9.46878650E-04       9.42502412      18.00000000  thil_amont
  1 13908      10.89571036  9.46878650E-04       9.48272394      18.00000000  thil_amont
  1 14001      10.84328328  9.46878650E-04       9.43824036      18.00000000  thil_amont
  1 13911      10.88523229  9.46878650E-04       9.47383346      18.00000000  thil_amont
  1 13998      10.85377768  9.46878650E-04       9.44714469      18.00000000  thil_amont
  1 13912      10.87473790  9.46878650E-04       9.46492912      18.00000000  thil_amont
  1 13997      10.85994533  9.46878650E-04       9.45237785      18.00000000  thil_amont
  1 14083      10.86045148  9.46878650E-04       9.45280731      18.00000000  thil_amont
  1 14002      10.83229498  9.46878650E-04       9.42891695      18.00000000  thil_amont
  1 14063      10.75642592  9.46878650E-04       9.36454321      18.00000000  thil_amont
  1 14013      10.82238020  9.46878650E-04       9.42050442      18.00000000  thil_amont
  1 14060      10.77065111  9.46878650E-04       9.37661307      18.00000000  thil_amont
  1 14014      10.80746926  9.46878650E-04       9.40785271      18.00000000  thil_amont
  1 14059      10.78099040  9.46878650E-04       9.38538580      18.00000000  thil_amont
  1 14012      10.81022858  9.46878650E-04       9.41019395      18.00000000  thil_amont
  1 14016      10.79134602  9.46878650E-04       9.39417238      18.00000000  thil_amont
  1 14015      10.80168530  9.46878650E-04       9.40294511      18.00000000  thil_amont
  1 14063      10.75638918  9.46878650E-04       9.36451204      18.00000000  thil_amont
  1 14070      10.72549378  9.46878650E-04       9.33829775      18.00000000  thil_amont
  1 14064      10.74521312  9.46878650E-04       9.35502931      18.00000000  thil_amont
  1 14069      10.73960876  9.46878650E-04       9.35027410      18.00000000  thil_amont
  1 14058      10.74865411  9.46878650E-04       9.35794894      18.00000000  thil_amont
  1 14070      10.72518764  9.46878650E-04       9.33803800      18.00000000  thil_amont
  1 14072      10.69955780  9.46878650E-04       9.31629147      18.00000000  thil_amont
  1 14073      10.71884039  9.46878650E-04       9.33265245      18.00000000  thil_amont
  1 14074      10.70471316  9.46878650E-04       9.32066571      18.00000000  thil_amont
  1 14072      10.70129666  9.46878650E-04       9.31776687      18.00000000  thil_amont
  1 14734      10.67700567  9.46878650E-04       9.29715632      18.00000000  thil_amont
  1 14755      10.69746382  9.46878650E-04       9.31451476      18.00000000  thil_amont
  1 14756      10.68284677  9.46878650E-04       9.30211241      18.00000000  thil_amont
  1 14734      10.67468718  9.46878650E-04       9.29518913      18.00000000  thil_amont
  1 14736      10.65701692  9.46878650E-04       9.28019618      18.00000000  thil_amont
  1 14737      10.67414022  9.46878650E-04       9.29472503      18.00000000  thil_amont
  1 14735      10.65847414  9.46878650E-04       9.28143260      18.00000000  thil_amont
  1 14736      10.65952725  9.46878650E-04       9.28232615      18.00000000  thil_amont
  1 14741      10.64682458  9.46878650E-04       9.27154813      18.00000000  thil_amont
  1 14747      10.64264070  9.46878650E-04       9.26799817      18.00000000  thil_amont
  1 14741      10.63353004  9.46878650E-04       9.26026792      18.00000000  thil_amont
  1 14743      10.62226010  9.46878650E-04       9.25070554      18.00000000  thil_amont
  1 14742      10.63475051  9.46878650E-04       9.26130347      18.00000000  thil_amont
  1 14740      10.61897014  9.46878650E-04       9.24791406      18.00000000  thil_amont
  1 14743      10.61390458  9.46878650E-04       9.24361601      18.00000000  thil_amont
  1 14787      10.60212849  9.46878650E-04       9.23362417      18.00000000  thil_amont
  1 14744      10.61353314  9.46878650E-04       9.24330084      18.00000000  thil_amont
  1 14787      10.58972380  9.46878650E-04       9.22309898      18.00000000  thil_amont
  1 10472      10.57984576  9.46878650E-04       9.21471761      18.00000000  thil_amont
  1 14788      10.59239740  9.46878650E-04       9.22536749      18.00000000  thil_amont
  1 14791      10.57682520  9.46878650E-04       9.21215471      18.00000000  thil_amont
  1 10472      10.57227395  9.46878650E-04       9.20829305      18.00000000  thil_amont
  1 14804      10.54691351  9.46878650E-04       9.18677510      18.00000000  thil_amont
  1 10473      10.56796762  9.46878650E-04       9.20463919      18.00000000  thil_amont
  1 14803      10.56118361  9.46878650E-04       9.19888306      18.00000000  thil_amont
  1 14792      10.56677164  9.46878650E-04       9.20362442      18.00000000  thil_amont
  1 14804      10.54710944  9.46878650E-04       9.18694135      18.00000000  thil_amont
  1 14810      10.52760236  9.46878650E-04       9.17038988      18.00000000  thil_amont
  1 14807      10.54031319  9.46878650E-04       9.18117483      18.00000000  thil_amont
  1 14808      10.52402259  9.46878650E-04       9.16735250      18.00000000  thil_amont
  1 14810      10.51842639  9.46878650E-04       9.16260421      18.00000000  thil_amont
  1 14985      10.49182507  9.46878650E-04       9.14003340      18.00000000  thil_amont
  1 14981      10.51853252  9.46878650E-04       9.16269426      18.00000000  thil_amont
  1 14982      10.50783811  9.46878650E-04       9.15362022      18.00000000  thil_amont
  1 14985      10.49195161  9.46878650E-04       9.14014076      18.00000000  thil_amont
  1 14991      10.49660898  9.46878650E-04       9.14409247      18.00000000  thil_amont
  1 17670       8.35086762       0.05040060       6.99726487       8.00000000  jpt_ecl_amont
  1 17741       8.34855738       0.10080119       7.01015354       8.00000000  jpt_ecl_amont
  1 17742       8.31139242       0.10080119       7.21749491       8.00000000  jpt_ecl_amont
  1 17740       8.29093016       0.10080119       7.33165281       8.00000000  jpt_ecl_amont
  1 17743       8.28582516       0.10080119       7.36013332       8.00000000  jpt_ecl_amont
  1 17647       8.91985604       0.02243164       7.14325496      17.00000000  moulinat_aval
  1 17650       8.86441365       0.02243164       7.13599464      17.00000000  moulinat_aval
  1 17651       8.85083920       0.02243164       7.13421704      17.00000000  moulinat_aval
  1 17654       8.79787011       0.04486329       7.12728061      17.00000000  moulinat_aval
  1 17665       8.64180489       0.04486329       7.10684350      17.00000000  moulinat_aval
  1 17666       8.48650309       0.04486329       7.08650636      17.00000000  moulinat_aval
  1 17669       8.31748004       0.04486329       7.06437239      17.00000000  moulinat_aval
  1 17670       8.09595603       0.04486329       7.03536329      17.00000000  moulinat_aval
