single point
pname:hk_inst:0_ptype:pp_pstyle:m_x:409075.68_y:6432495.37_zone:1                      0.2781182713613703    1.000000000000000    0.000000000000000
pname:hk_inst:0_ptype:pp_pstyle:m_x:407575.68_y:6431995.37_zone:1                      0.2781182713613703    1.000000000000000    0.000000000000000
pname:hk_inst:0_ptype:pp_pstyle:m_x:408075.68_y:6431995.37_zone:1                      0.2781182713613703    1.000000000000000    0.000000000000000
pname:hk_inst:0_ptype:pp_pstyle:m_x:408575.68_y:6431995.37_zone:1                      0.2781182713613703    1.000000000000000    0.000000000000000
pname:hk_inst:0_ptype:pp_pstyle:m_x:409075.68_y:6431995.37_zone:1                      0.2781182713613703    1.000000000000000    0.000000000000000
pname:hk_inst:0_ptype:pp_pstyle:m_x:409575.68_y:6431995.37_zone:1                      0.2781182713613703    1.000000000000000    0.000000000000000
pname:hk_inst:0_ptype:pp_pstyle:m_x:410075.68_y:6431995.37_zone:1                      0.2781182713613703    1.000000000000000    0.000000000000000
pname:hk_inst:0_ptype:pp_pstyle:m_x:407075.68_y:6431495.37_zone:1                      0.2781182713613703    1.000000000000000    0.000000000000000
pname:hk_inst:0_ptype:pp_pstyle:m_x:407575.68_y:6431495.37_zone:1                      0.2781182713613703    1.000000000000000    0.000000000000000
pname:hk_inst:0_ptype:pp_pstyle:m_x:408075.68_y:6431495.37_zone:1                      0.2781182713613703    1.000000000000000    0.000000000000000
pname:hk_inst:0_ptype:pp_pstyle:m_x:408575.68_y:6431495.37_zone:1                      0.2781182713613703    1.000000000000000    0.000000000000000
pname:hk_inst:0_ptype:pp_pstyle:m_x:409075.68_y:6431495.37_zone:1                      0.2781182713613703    1.000000000000000    0.000000000000000
pname:hk_inst:0_ptype:pp_pstyle:m_x:409575.68_y:6431495.37_zone:1                      0.2781182713613703    1.000000000000000    0.000000000000000
pname:hk_inst:0_ptype:pp_pstyle:m_x:410075.68_y:6431495.37_zone:1                      0.2781182713613703    1.000000000000000    0.000000000000000
pname:hk_inst:0_ptype:pp_pstyle:m_x:410575.68_y:6431495.37_zone:1                      0.2781182713613703    1.000000000000000    0.000000000000000
pname:hk_inst:0_ptype:pp_pstyle:m_x:407075.68_y:6430995.37_zone:1                      0.2781182713613703    1.000000000000000    0.000000000000000
pname:hk_inst:0_ptype:pp_pstyle:m_x:407575.68_y:6430995.37_zone:1                      0.2781182713613703    1.000000000000000    0.000000000000000
pname:hk_inst:0_ptype:pp_pstyle:m_x:408075.68_y:6430995.37_zone:1                      0.2781182713613703    1.000000000000000    0.000000000000000
pname:hk_inst:0_ptype:pp_pstyle:m_x:408575.68_y:6430995.37_zone:1                      0.2781182713613703    1.000000000000000    0.000000000000000
pname:hk_inst:0_ptype:pp_pstyle:m_x:409075.68_y:6430995.37_zone:1                      0.2781182713613703    1.000000000000000    0.000000000000000
pname:hk_inst:0_ptype:pp_pstyle:m_x:409575.68_y:6430995.37_zone:1                      0.2781182713613703    1.000000000000000    0.000000000000000
pname:hk_inst:0_ptype:pp_pstyle:m_x:410075.68_y:6430995.37_zone:1                      0.2781182713613703    1.000000000000000    0.000000000000000
pname:hk_inst:0_ptype:pp_pstyle:m_x:410575.68_y:6430995.37_zone:1                      0.2781182713613703    1.000000000000000    0.000000000000000
pname:hk_inst:0_ptype:pp_pstyle:m_x:411075.68_y:6430995.37_zone:1                      0.2781182713613703    1.000000000000000    0.000000000000000
pname:hk_inst:0_ptype:pp_pstyle:m_x:407075.68_y:6430495.37_zone:1                      0.2781182713613703    1.000000000000000    0.000000000000000
pname:hk_inst:0_ptype:pp_pstyle:m_x:407575.68_y:6430495.37_zone:1                      0.2781182713613703    1.000000000000000    0.000000000000000
pname:hk_inst:0_ptype:pp_pstyle:m_x:408075.68_y:6430495.37_zone:1                      0.2781182713613703    1.000000000000000    0.000000000000000
pname:hk_inst:0_ptype:pp_pstyle:m_x:408575.68_y:6430495.37_zone:1                      0.2781182713613703    1.000000000000000    0.000000000000000
pname:hk_inst:0_ptype:pp_pstyle:m_x:409075.68_y:6430495.37_zone:1                      0.2781182713613703    1.000000000000000    0.000000000000000
pname:hk_inst:0_ptype:pp_pstyle:m_x:409575.68_y:6430495.37_zone:1                      0.2781182713613703    1.000000000000000    0.000000000000000
pname:hk_inst:0_ptype:pp_pstyle:m_x:410075.68_y:6430495.37_zone:1                      0.2781182713613703    1.000000000000000    0.000000000000000
pname:hk_inst:0_ptype:pp_pstyle:m_x:410575.68_y:6430495.37_zone:1                      0.2781182713613703    1.000000000000000    0.000000000000000
pname:hk_inst:0_ptype:pp_pstyle:m_x:411075.68_y:6430495.37_zone:1                      0.2781182713613703    1.000000000000000    0.000000000000000
pname:hk_inst:0_ptype:pp_pstyle:m_x:411575.68_y:6430495.37_zone:1                      0.2781182713613703    1.000000000000000    0.000000000000000
pname:hk_inst:0_ptype:pp_pstyle:m_x:406575.68_y:6429995.37_zone:1                      0.2781182713613703    1.000000000000000    0.000000000000000
pname:hk_inst:0_ptype:pp_pstyle:m_x:407075.68_y:6429995.37_zone:1                      0.2781182713613703    1.000000000000000    0.000000000000000
pname:hk_inst:0_ptype:pp_pstyle:m_x:407575.68_y:6429995.37_zone:1                      0.2781182713613703    1.000000000000000    0.000000000000000
pname:hk_inst:0_ptype:pp_pstyle:m_x:408075.68_y:6429995.37_zone:1                      0.2781182713613703    1.000000000000000    0.000000000000000
pname:hk_inst:0_ptype:pp_pstyle:m_x:408575.68_y:6429995.37_zone:1                      0.2781182713613703    1.000000000000000    0.000000000000000
pname:hk_inst:0_ptype:pp_pstyle:m_x:409075.68_y:6429995.37_zone:1                      0.2781182713613703    1.000000000000000    0.000000000000000
pname:hk_inst:0_ptype:pp_pstyle:m_x:409575.68_y:6429995.37_zone:1                      0.2781182713613703    1.000000000000000    0.000000000000000
pname:hk_inst:0_ptype:pp_pstyle:m_x:410075.68_y:6429995.37_zone:1                      0.2781182713613703    1.000000000000000    0.000000000000000
pname:hk_inst:0_ptype:pp_pstyle:m_x:410575.68_y:6429995.37_zone:1                      0.2781182713613703    1.000000000000000    0.000000000000000
pname:hk_inst:0_ptype:pp_pstyle:m_x:411075.68_y:6429995.37_zone:1                      0.2781182713613703    1.000000000000000    0.000000000000000
pname:hk_inst:0_ptype:pp_pstyle:m_x:411575.68_y:6429995.37_zone:1                      0.2781182713613703    1.000000000000000    0.000000000000000
pname:hk_inst:0_ptype:pp_pstyle:m_x:412075.68_y:6429995.37_zone:1                      0.2781182713613703    1.000000000000000    0.000000000000000
pname:hk_inst:0_ptype:pp_pstyle:m_x:412575.68_y:6429995.37_zone:1                      0.2781182713613703    1.000000000000000    0.000000000000000
pname:hk_inst:0_ptype:pp_pstyle:m_x:413075.68_y:6429995.37_zone:1                      0.2781182713613703    1.000000000000000    0.000000000000000
pname:hk_inst:0_ptype:pp_pstyle:m_x:406575.68_y:6429495.37_zone:1                      0.2781182713613703    1.000000000000000    0.000000000000000
pname:hk_inst:0_ptype:pp_pstyle:m_x:407075.68_y:6429495.37_zone:1                      0.2781182713613703    1.000000000000000    0.000000000000000
pname:hk_inst:0_ptype:pp_pstyle:m_x:407575.68_y:6429495.37_zone:1                      0.2781182713613703    1.000000000000000    0.000000000000000
pname:hk_inst:0_ptype:pp_pstyle:m_x:408075.68_y:6429495.37_zone:1                      0.2781182713613703    1.000000000000000    0.000000000000000
pname:hk_inst:0_ptype:pp_pstyle:m_x:408575.68_y:6429495.37_zone:1                      0.2781182713613703    1.000000000000000    0.000000000000000
pname:hk_inst:0_ptype:pp_pstyle:m_x:409075.68_y:6429495.37_zone:1                      0.2781182713613703    1.000000000000000    0.000000000000000
pname:hk_inst:0_ptype:pp_pstyle:m_x:409575.68_y:6429495.37_zone:1                      0.2781182713613703    1.000000000000000    0.000000000000000
pname:hk_inst:0_ptype:pp_pstyle:m_x:410075.68_y:6429495.37_zone:1                      0.2781182713613703    1.000000000000000    0.000000000000000
pname:hk_inst:0_ptype:pp_pstyle:m_x:410575.68_y:6429495.37_zone:1                      0.2781182713613703    1.000000000000000    0.000000000000000
pname:hk_inst:0_ptype:pp_pstyle:m_x:411075.68_y:6429495.37_zone:1                      0.2781182713613703    1.000000000000000    0.000000000000000
pname:hk_inst:0_ptype:pp_pstyle:m_x:411575.68_y:6429495.37_zone:1                      0.2781182713613703    1.000000000000000    0.000000000000000
pname:hk_inst:0_ptype:pp_pstyle:m_x:412075.68_y:6429495.37_zone:1                      0.2781182713613703    1.000000000000000    0.000000000000000
pname:hk_inst:0_ptype:pp_pstyle:m_x:412575.68_y:6429495.37_zone:1                      0.2781182713613703    1.000000000000000    0.000000000000000
pname:hk_inst:0_ptype:pp_pstyle:m_x:413075.68_y:6429495.37_zone:1                      0.2781182713613703    1.000000000000000    0.000000000000000
pname:hk_inst:0_ptype:pp_pstyle:m_x:413575.68_y:6429495.37_zone:1                      0.2781182713613703    1.000000000000000    0.000000000000000
pname:hk_inst:0_ptype:pp_pstyle:m_x:406075.68_y:6428995.37_zone:1                      0.2781182713613703    1.000000000000000    0.000000000000000
pname:hk_inst:0_ptype:pp_pstyle:m_x:406575.68_y:6428995.37_zone:1                      0.2781182713613703    1.000000000000000    0.000000000000000
pname:hk_inst:0_ptype:pp_pstyle:m_x:407075.68_y:6428995.37_zone:1                      0.2781182713613703    1.000000000000000    0.000000000000000
pname:hk_inst:0_ptype:pp_pstyle:m_x:407575.68_y:6428995.37_zone:1                      0.2781182713613703    1.000000000000000    0.000000000000000
pname:hk_inst:0_ptype:pp_pstyle:m_x:409575.68_y:6428995.37_zone:1                      0.2781182713613703    1.000000000000000    0.000000000000000
pname:hk_inst:0_ptype:pp_pstyle:m_x:410075.68_y:6428995.37_zone:1                      0.2781182713613703    1.000000000000000    0.000000000000000
pname:hk_inst:0_ptype:pp_pstyle:m_x:410575.68_y:6428995.37_zone:1                      0.2781182713613703    1.000000000000000    0.000000000000000
pname:hk_inst:0_ptype:pp_pstyle:m_x:411075.68_y:6428995.37_zone:1                      0.2781182713613703    1.000000000000000    0.000000000000000
pname:hk_inst:0_ptype:pp_pstyle:m_x:411575.68_y:6428995.37_zone:1                      0.2781182713613703    1.000000000000000    0.000000000000000
pname:hk_inst:0_ptype:pp_pstyle:m_x:412075.68_y:6428995.37_zone:1                      0.2781182713613703    1.000000000000000    0.000000000000000
pname:hk_inst:0_ptype:pp_pstyle:m_x:412575.68_y:6428995.37_zone:1                      0.2781182713613703    1.000000000000000    0.000000000000000
pname:hk_inst:0_ptype:pp_pstyle:m_x:413075.68_y:6428995.37_zone:1                      0.2781182713613703    1.000000000000000    0.000000000000000
pname:hk_inst:0_ptype:pp_pstyle:m_x:413575.68_y:6428995.37_zone:1                      0.2781182713613703    1.000000000000000    0.000000000000000
pname:hk_inst:0_ptype:pp_pstyle:m_x:406075.68_y:6428495.37_zone:1                      0.2781182713613703    1.000000000000000    0.000000000000000
pname:hk_inst:0_ptype:pp_pstyle:m_x:406575.68_y:6428495.37_zone:1                      0.2781182713613703    1.000000000000000    0.000000000000000
pname:hk_inst:0_ptype:pp_pstyle:m_x:407075.68_y:6428495.37_zone:1                      0.2781182713613703    1.000000000000000    0.000000000000000
pname:hk_inst:0_ptype:pp_pstyle:m_x:407575.68_y:6428495.37_zone:1                      0.2781182713613703    1.000000000000000    0.000000000000000
pname:hk_inst:0_ptype:pp_pstyle:m_x:409575.68_y:6428495.37_zone:1                      0.2781182713613703    1.000000000000000    0.000000000000000
pname:hk_inst:0_ptype:pp_pstyle:m_x:410075.68_y:6428495.37_zone:1                      0.2781182713613703    1.000000000000000    0.000000000000000
pname:hk_inst:0_ptype:pp_pstyle:m_x:410575.68_y:6428495.37_zone:1                      0.2781182713613703    1.000000000000000    0.000000000000000
pname:hk_inst:0_ptype:pp_pstyle:m_x:411075.68_y:6428495.37_zone:1                      0.2781182713613703    1.000000000000000    0.000000000000000
pname:hk_inst:0_ptype:pp_pstyle:m_x:411575.68_y:6428495.37_zone:1                      0.2781182713613703    1.000000000000000    0.000000000000000
pname:hk_inst:0_ptype:pp_pstyle:m_x:412075.68_y:6428495.37_zone:1                      0.2781182713613703    1.000000000000000    0.000000000000000
pname:hk_inst:0_ptype:pp_pstyle:m_x:412575.68_y:6428495.37_zone:1                      0.2781182713613703    1.000000000000000    0.000000000000000
pname:hk_inst:0_ptype:pp_pstyle:m_x:413075.68_y:6428495.37_zone:1                      0.2781182713613703    1.000000000000000    0.000000000000000
pname:hk_inst:0_ptype:pp_pstyle:m_x:406075.68_y:6427995.37_zone:1                      0.2781182713613703    1.000000000000000    0.000000000000000
pname:hk_inst:0_ptype:pp_pstyle:m_x:406575.68_y:6427995.37_zone:1                      0.2781182713613703    1.000000000000000    0.000000000000000
pname:hk_inst:0_ptype:pp_pstyle:m_x:407075.68_y:6427995.37_zone:1                      0.2781182713613703    1.000000000000000    0.000000000000000
pname:hk_inst:0_ptype:pp_pstyle:m_x:407575.68_y:6427995.37_zone:1                      0.2781182713613703    1.000000000000000    0.000000000000000
pname:hk_inst:0_ptype:pp_pstyle:m_x:409575.68_y:6427995.37_zone:1                      0.2781182713613703    1.000000000000000    0.000000000000000
pname:hk_inst:0_ptype:pp_pstyle:m_x:410075.68_y:6427995.37_zone:1                      0.2781182713613703    1.000000000000000    0.000000000000000
pname:hk_inst:0_ptype:pp_pstyle:m_x:410575.68_y:6427995.37_zone:1                      0.2781182713613703    1.000000000000000    0.000000000000000
pname:hk_inst:0_ptype:pp_pstyle:m_x:411075.68_y:6427995.37_zone:1                      0.2781182713613703    1.000000000000000    0.000000000000000
pname:hk_inst:0_ptype:pp_pstyle:m_x:411575.68_y:6427995.37_zone:1                      0.2781182713613703    1.000000000000000    0.000000000000000
pname:hk_inst:0_ptype:pp_pstyle:m_x:412075.68_y:6427995.37_zone:1                      0.2781182713613703    1.000000000000000    0.000000000000000
pname:hk_inst:0_ptype:pp_pstyle:m_x:412575.68_y:6427995.37_zone:1                      0.2781182713613703    1.000000000000000    0.000000000000000
pname:hk_inst:0_ptype:pp_pstyle:m_x:413075.68_y:6427995.37_zone:1                      0.2781182713613703    1.000000000000000    0.000000000000000
pname:hk_inst:0_ptype:pp_pstyle:m_x:406075.68_y:6427495.37_zone:1                      0.2781182713613703    1.000000000000000    0.000000000000000
pname:hk_inst:0_ptype:pp_pstyle:m_x:406575.68_y:6427495.37_zone:1                      0.2781182713613703    1.000000000000000    0.000000000000000
pname:hk_inst:0_ptype:pp_pstyle:m_x:407075.68_y:6427495.37_zone:1                      0.2781182713613703    1.000000000000000    0.000000000000000
pname:hk_inst:0_ptype:pp_pstyle:m_x:407575.68_y:6427495.37_zone:1                      0.2781182713613703    1.000000000000000    0.000000000000000
pname:hk_inst:0_ptype:pp_pstyle:m_x:408075.68_y:6427495.37_zone:1                      0.2781182713613703    1.000000000000000    0.000000000000000
pname:hk_inst:0_ptype:pp_pstyle:m_x:408575.68_y:6427495.37_zone:1                      0.2781182713613703    1.000000000000000    0.000000000000000
pname:hk_inst:0_ptype:pp_pstyle:m_x:409075.68_y:6427495.37_zone:1                      0.2781182713613703    1.000000000000000    0.000000000000000
pname:hk_inst:0_ptype:pp_pstyle:m_x:409575.68_y:6427495.37_zone:1                      0.2781182713613703    1.000000000000000    0.000000000000000
pname:hk_inst:0_ptype:pp_pstyle:m_x:410075.68_y:6427495.37_zone:1                      0.2781182713613703    1.000000000000000    0.000000000000000
pname:hk_inst:0_ptype:pp_pstyle:m_x:410575.68_y:6427495.37_zone:1                      0.2781182713613703    1.000000000000000    0.000000000000000
pname:hk_inst:0_ptype:pp_pstyle:m_x:411075.68_y:6427495.37_zone:1                      0.2781182713613703    1.000000000000000    0.000000000000000
pname:hk_inst:0_ptype:pp_pstyle:m_x:411575.68_y:6427495.37_zone:1                      0.2781182713613703    1.000000000000000    0.000000000000000
pname:hk_inst:0_ptype:pp_pstyle:m_x:412075.68_y:6427495.37_zone:1                      0.2781182713613703    1.000000000000000    0.000000000000000
pname:hk_inst:0_ptype:pp_pstyle:m_x:412575.68_y:6427495.37_zone:1                      0.2781182713613703    1.000000000000000    0.000000000000000
pname:hk_inst:0_ptype:pp_pstyle:m_x:413075.68_y:6427495.37_zone:1                      0.2781182713613703    1.000000000000000    0.000000000000000
pname:hk_inst:0_ptype:pp_pstyle:m_x:406075.68_y:6426995.37_zone:1                      0.2781182713613703    1.000000000000000    0.000000000000000
pname:hk_inst:0_ptype:pp_pstyle:m_x:406575.68_y:6426995.37_zone:1                      0.2781182713613703    1.000000000000000    0.000000000000000
pname:hk_inst:0_ptype:pp_pstyle:m_x:407075.68_y:6426995.37_zone:1                      0.2781182713613703    1.000000000000000    0.000000000000000
pname:hk_inst:0_ptype:pp_pstyle:m_x:407575.68_y:6426995.37_zone:1                      0.2781182713613703    1.000000000000000    0.000000000000000
pname:hk_inst:0_ptype:pp_pstyle:m_x:408075.68_y:6426995.37_zone:1                      0.2781182713613703    1.000000000000000    0.000000000000000
pname:hk_inst:0_ptype:pp_pstyle:m_x:408575.68_y:6426995.37_zone:1                      0.2781182713613703    1.000000000000000    0.000000000000000
pname:hk_inst:0_ptype:pp_pstyle:m_x:409075.68_y:6426995.37_zone:1                      0.2781182713613703    1.000000000000000    0.000000000000000
pname:hk_inst:0_ptype:pp_pstyle:m_x:409575.68_y:6426995.37_zone:1                      0.2781182713613703    1.000000000000000    0.000000000000000
pname:hk_inst:0_ptype:pp_pstyle:m_x:410075.68_y:6426995.37_zone:1                      0.2781182713613703    1.000000000000000    0.000000000000000
pname:hk_inst:0_ptype:pp_pstyle:m_x:410575.68_y:6426995.37_zone:1                      0.2781182713613703    1.000000000000000    0.000000000000000
pname:hk_inst:0_ptype:pp_pstyle:m_x:411075.68_y:6426995.37_zone:1                      0.2781182713613703    1.000000000000000    0.000000000000000
pname:hk_inst:0_ptype:pp_pstyle:m_x:411575.68_y:6426995.37_zone:1                      0.2781182713613703    1.000000000000000    0.000000000000000
pname:hk_inst:0_ptype:pp_pstyle:m_x:412075.68_y:6426995.37_zone:1                      0.2781182713613703    1.000000000000000    0.000000000000000
pname:hk_inst:0_ptype:pp_pstyle:m_x:412575.68_y:6426995.37_zone:1                      0.2781182713613703    1.000000000000000    0.000000000000000
pname:hk_inst:0_ptype:pp_pstyle:m_x:413075.68_y:6426995.37_zone:1                      0.2781182713613703    1.000000000000000    0.000000000000000
pname:hk_inst:0_ptype:pp_pstyle:m_x:406075.68_y:6426495.37_zone:1                      0.2781182713613703    1.000000000000000    0.000000000000000
pname:hk_inst:0_ptype:pp_pstyle:m_x:406575.68_y:6426495.37_zone:1                      0.2781182713613703    1.000000000000000    0.000000000000000
pname:hk_inst:0_ptype:pp_pstyle:m_x:407075.68_y:6426495.37_zone:1                      0.2781182713613703    1.000000000000000    0.000000000000000
pname:hk_inst:0_ptype:pp_pstyle:m_x:407575.68_y:6426495.37_zone:1                      0.2781182713613703    1.000000000000000    0.000000000000000
pname:hk_inst:0_ptype:pp_pstyle:m_x:408075.68_y:6426495.37_zone:1                      0.2781182713613703    1.000000000000000    0.000000000000000
pname:hk_inst:0_ptype:pp_pstyle:m_x:408575.68_y:6426495.37_zone:1                      0.2781182713613703    1.000000000000000    0.000000000000000
pname:hk_inst:0_ptype:pp_pstyle:m_x:409075.68_y:6426495.37_zone:1                      0.2781182713613703    1.000000000000000    0.000000000000000
pname:hk_inst:0_ptype:pp_pstyle:m_x:409575.68_y:6426495.37_zone:1                      0.2781182713613703    1.000000000000000    0.000000000000000
pname:hk_inst:0_ptype:pp_pstyle:m_x:410075.68_y:6426495.37_zone:1                      0.2781182713613703    1.000000000000000    0.000000000000000
pname:hk_inst:0_ptype:pp_pstyle:m_x:410575.68_y:6426495.37_zone:1                      0.2781182713613703    1.000000000000000    0.000000000000000
pname:hk_inst:0_ptype:pp_pstyle:m_x:411075.68_y:6426495.37_zone:1                      0.2781182713613703    1.000000000000000    0.000000000000000
pname:hk_inst:0_ptype:pp_pstyle:m_x:411575.68_y:6426495.37_zone:1                      0.2781182713613703    1.000000000000000    0.000000000000000
pname:hk_inst:0_ptype:pp_pstyle:m_x:412075.68_y:6426495.37_zone:1                      0.2781182713613703    1.000000000000000    0.000000000000000
pname:hk_inst:0_ptype:pp_pstyle:m_x:412575.68_y:6426495.37_zone:1                      0.2781182713613703    1.000000000000000    0.000000000000000
pname:hk_inst:0_ptype:pp_pstyle:m_x:406575.68_y:6425995.37_zone:1                      0.2781182713613703    1.000000000000000    0.000000000000000
pname:hk_inst:0_ptype:pp_pstyle:m_x:407075.68_y:6425995.37_zone:1                      0.2781182713613703    1.000000000000000    0.000000000000000
pname:hk_inst:0_ptype:pp_pstyle:m_x:407575.68_y:6425995.37_zone:1                      0.2781182713613703    1.000000000000000    0.000000000000000
pname:hk_inst:0_ptype:pp_pstyle:m_x:408075.68_y:6425995.37_zone:1                      0.2781182713613703    1.000000000000000    0.000000000000000
pname:hk_inst:0_ptype:pp_pstyle:m_x:408575.68_y:6425995.37_zone:1                      0.2781182713613703    1.000000000000000    0.000000000000000
pname:hk_inst:0_ptype:pp_pstyle:m_x:409075.68_y:6425995.37_zone:1                      0.2781182713613703    1.000000000000000    0.000000000000000
pname:hk_inst:0_ptype:pp_pstyle:m_x:409575.68_y:6425995.37_zone:1                      0.2781182713613703    1.000000000000000    0.000000000000000
pname:hk_inst:0_ptype:pp_pstyle:m_x:410075.68_y:6425995.37_zone:1                      0.2781182713613703    1.000000000000000    0.000000000000000
pname:hk_inst:0_ptype:pp_pstyle:m_x:410575.68_y:6425995.37_zone:1                      0.2781182713613703    1.000000000000000    0.000000000000000
pname:hk_inst:0_ptype:pp_pstyle:m_x:411075.68_y:6425995.37_zone:1                      0.2781182713613703    1.000000000000000    0.000000000000000
pname:hk_inst:0_ptype:pp_pstyle:m_x:411575.68_y:6425995.37_zone:1                      0.2781182713613703    1.000000000000000    0.000000000000000
pname:hk_inst:0_ptype:pp_pstyle:m_x:412075.68_y:6425995.37_zone:1                      0.2781182713613703    1.000000000000000    0.000000000000000
pname:hk_inst:0_ptype:pp_pstyle:m_x:406575.68_y:6425495.37_zone:1                      0.2781182713613703    1.000000000000000    0.000000000000000
pname:hk_inst:0_ptype:pp_pstyle:m_x:407075.68_y:6425495.37_zone:1                      0.2781182713613703    1.000000000000000    0.000000000000000
pname:hk_inst:0_ptype:pp_pstyle:m_x:407575.68_y:6425495.37_zone:1                      0.2781182713613703    1.000000000000000    0.000000000000000
pname:hk_inst:0_ptype:pp_pstyle:m_x:408075.68_y:6425495.37_zone:1                      0.2781182713613703    1.000000000000000    0.000000000000000
pname:hk_inst:0_ptype:pp_pstyle:m_x:408575.68_y:6425495.37_zone:1                      0.2781182713613703    1.000000000000000    0.000000000000000
pname:hk_inst:0_ptype:pp_pstyle:m_x:409075.68_y:6425495.37_zone:1                      0.2781182713613703    1.000000000000000    0.000000000000000
pname:hk_inst:0_ptype:pp_pstyle:m_x:409575.68_y:6425495.37_zone:1                      0.2781182713613703    1.000000000000000    0.000000000000000
pname:hk_inst:0_ptype:pp_pstyle:m_x:410075.68_y:6425495.37_zone:1                      0.2781182713613703    1.000000000000000    0.000000000000000
pname:hk_inst:0_ptype:pp_pstyle:m_x:410575.68_y:6425495.37_zone:1                      0.2781182713613703    1.000000000000000    0.000000000000000
pname:hk_inst:0_ptype:pp_pstyle:m_x:411075.68_y:6425495.37_zone:1                      0.2781182713613703    1.000000000000000    0.000000000000000
pname:hk_inst:0_ptype:pp_pstyle:m_x:411575.68_y:6425495.37_zone:1                      0.2781182713613703    1.000000000000000    0.000000000000000
pname:hk_inst:0_ptype:pp_pstyle:m_x:407575.68_y:6424995.37_zone:1                      0.2781182713613703    1.000000000000000    0.000000000000000
pname:hk_inst:0_ptype:pp_pstyle:m_x:408075.68_y:6424995.37_zone:1                      0.2781182713613703    1.000000000000000    0.000000000000000
pname:hk_inst:0_ptype:pp_pstyle:m_x:408575.68_y:6424995.37_zone:1                      0.2781182713613703    1.000000000000000    0.000000000000000
pname:hk_inst:0_ptype:pp_pstyle:m_x:409075.68_y:6424995.37_zone:1                      0.2781182713613703    1.000000000000000    0.000000000000000
pname:hk_inst:0_ptype:pp_pstyle:m_x:409575.68_y:6424995.37_zone:1                      0.2781182713613703    1.000000000000000    0.000000000000000
pname:hk_inst:0_ptype:pp_pstyle:m_x:410075.68_y:6424995.37_zone:1                      0.2781182713613703    1.000000000000000    0.000000000000000
pname:hk_inst:0_ptype:pp_pstyle:m_x:410575.68_y:6424995.37_zone:1                      0.2781182713613703    1.000000000000000    0.000000000000000
pname:hk_inst:0_ptype:pp_pstyle:m_x:408075.68_y:6424495.37_zone:1                      0.2781182713613703    1.000000000000000    0.000000000000000
pname:hk_inst:0_ptype:pp_pstyle:m_x:408575.68_y:6424495.37_zone:1                      0.2781182713613703    1.000000000000000    0.000000000000000
pname:hk_inst:0_ptype:pp_pstyle:m_x:409075.68_y:6424495.37_zone:1                      0.2781182713613703    1.000000000000000    0.000000000000000
pname:hk_inst:0_ptype:pp_pstyle:m_x:409575.68_y:6424495.37_zone:1                      0.2781182713613703    1.000000000000000    0.000000000000000
pname:hk_inst:0_ptype:pp_pstyle:m_x:410075.68_y:6424495.37_zone:1                      0.2781182713613703    1.000000000000000    0.000000000000000
pname:hk_inst:0_ptype:pp_pstyle:m_x:408575.68_y:6423995.37_zone:1                      0.2781182713613703    1.000000000000000    0.000000000000000
pname:hk_inst:0_ptype:pp_pstyle:m_x:409075.68_y:6423995.37_zone:1                      0.2781182713613703    1.000000000000000    0.000000000000000
pname:hk_inst:0_ptype:pp_pstyle:m_x:409575.68_y:6423995.37_zone:1                      0.2781182713613703    1.000000000000000    0.000000000000000
pname:hk_inst:0_ptype:pp_pstyle:m_x:408575.68_y:6423495.37_zone:1                      0.2781182713613703    1.000000000000000    0.000000000000000
pname:hk_inst:0_ptype:pp_pstyle:m_x:407836.72_y:6429301.04_zone:1                      2.426509751146662    1.000000000000000    0.000000000000000
pname:hk_inst:0_ptype:pp_pstyle:m_x:407986.72_y:6429301.04_zone:1                      1.973149585850959    1.000000000000000    0.000000000000000
pname:hk_inst:0_ptype:pp_pstyle:m_x:408136.72_y:6429301.04_zone:1                      2.567806182939369    1.000000000000000    0.000000000000000
pname:hk_inst:0_ptype:pp_pstyle:m_x:408286.72_y:6429301.04_zone:1                      3.004602857126830    1.000000000000000    0.000000000000000
pname:hk_inst:0_ptype:pp_pstyle:m_x:408436.72_y:6429301.04_zone:1                      5.040046048365026    1.000000000000000    0.000000000000000
pname:hk_inst:0_ptype:pp_pstyle:m_x:408586.72_y:6429301.04_zone:1                      2.567426165875434    1.000000000000000    0.000000000000000
pname:hk_inst:0_ptype:pp_pstyle:m_x:408736.72_y:6429301.04_zone:1                      4.090375723914907    1.000000000000000    0.000000000000000
pname:hk_inst:0_ptype:pp_pstyle:m_x:408886.72_y:6429301.04_zone:1                      4.202214154265335    1.000000000000000    0.000000000000000
pname:hk_inst:0_ptype:pp_pstyle:m_x:409036.72_y:6429301.04_zone:1                      2.134649446759115    1.000000000000000    0.000000000000000
pname:hk_inst:0_ptype:pp_pstyle:m_x:409186.72_y:6429301.04_zone:1                      2.622809801930102    1.000000000000000    0.000000000000000
pname:hk_inst:0_ptype:pp_pstyle:m_x:409336.72_y:6429301.04_zone:1                      6.044020600397581    1.000000000000000    0.000000000000000
pname:hk_inst:0_ptype:pp_pstyle:m_x:407836.72_y:6429151.04_zone:1                      0.8047319400157552    1.000000000000000    0.000000000000000
pname:hk_inst:0_ptype:pp_pstyle:m_x:407986.72_y:6429151.04_zone:1                      0.7174518980626133    1.000000000000000    0.000000000000000
pname:hk_inst:0_ptype:pp_pstyle:m_x:408136.72_y:6429151.04_zone:1                      0.9092950686044325    1.000000000000000    0.000000000000000
pname:hk_inst:0_ptype:pp_pstyle:m_x:408286.72_y:6429151.04_zone:1                      1.658872510743786    1.000000000000000    0.000000000000000
pname:hk_inst:0_ptype:pp_pstyle:m_x:408436.72_y:6429151.04_zone:1                      4.605998971290736    1.000000000000000    0.000000000000000
pname:hk_inst:0_ptype:pp_pstyle:m_x:408586.72_y:6429151.04_zone:1                      3.923152011808674    1.000000000000000    0.000000000000000
pname:hk_inst:0_ptype:pp_pstyle:m_x:408736.72_y:6429151.04_zone:1                      2.892857268659613    1.000000000000000    0.000000000000000
pname:hk_inst:0_ptype:pp_pstyle:m_x:408886.72_y:6429151.04_zone:1                      3.721800871777623    1.000000000000000    0.000000000000000
pname:hk_inst:0_ptype:pp_pstyle:m_x:409036.72_y:6429151.04_zone:1                      3.475658292633682    1.000000000000000    0.000000000000000
pname:hk_inst:0_ptype:pp_pstyle:m_x:409186.72_y:6429151.04_zone:1                      2.909078967441890    1.000000000000000    0.000000000000000
pname:hk_inst:0_ptype:pp_pstyle:m_x:409336.72_y:6429151.04_zone:1                      2.375724011571079    1.000000000000000    0.000000000000000
pname:hk_inst:0_ptype:pp_pstyle:m_x:407836.72_y:6429001.04_zone:1                      0.2722446620433078    1.000000000000000    0.000000000000000
pname:hk_inst:0_ptype:pp_pstyle:m_x:407986.72_y:6429001.04_zone:1                      0.4670427770499398    1.000000000000000    0.000000000000000
pname:hk_inst:0_ptype:pp_pstyle:m_x:408136.72_y:6429001.04_zone:1                      0.8607622875106260    1.000000000000000    0.000000000000000
pname:hk_inst:0_ptype:pp_pstyle:m_x:408286.72_y:6429001.04_zone:1                      8.633555031025773    1.000000000000000    0.000000000000000
pname:hk_inst:0_ptype:pp_pstyle:m_x:408436.72_y:6429001.04_zone:1                      7.124312475716188    1.000000000000000    0.000000000000000
pname:hk_inst:0_ptype:pp_pstyle:m_x:408586.72_y:6429001.04_zone:1                      22.50099974552291    1.000000000000000    0.000000000000000
pname:hk_inst:0_ptype:pp_pstyle:m_x:408736.72_y:6429001.04_zone:1                      12.88552180593665    1.000000000000000    0.000000000000000
pname:hk_inst:0_ptype:pp_pstyle:m_x:408886.72_y:6429001.04_zone:1                      13.51069367160516    1.000000000000000    0.000000000000000
pname:hk_inst:0_ptype:pp_pstyle:m_x:409036.72_y:6429001.04_zone:1                      13.59855397433235    1.000000000000000    0.000000000000000
pname:hk_inst:0_ptype:pp_pstyle:m_x:409186.72_y:6429001.04_zone:1                      3.615471604683614    1.000000000000000    0.000000000000000
pname:hk_inst:0_ptype:pp_pstyle:m_x:409336.72_y:6429001.04_zone:1                      0.8525047071230347    1.000000000000000    0.000000000000000
pname:hk_inst:0_ptype:pp_pstyle:m_x:407836.72_y:6428851.04_zone:1                      0.09782154952586314    1.000000000000000    0.000000000000000
pname:hk_inst:0_ptype:pp_pstyle:m_x:407986.72_y:6428851.04_zone:1                      0.4816375996704417    1.000000000000000    0.000000000000000
pname:hk_inst:0_ptype:pp_pstyle:m_x:408136.72_y:6428851.04_zone:1                      3.462703501835986    1.000000000000000    0.000000000000000
pname:hk_inst:0_ptype:pp_pstyle:m_x:408286.72_y:6428851.04_zone:1                      200.6529047688682    1.000000000000000    0.000000000000000
pname:hk_inst:0_ptype:pp_pstyle:m_x:408436.72_y:6428851.04_zone:1                      127.3586702428561    1.000000000000000    0.000000000000000
pname:hk_inst:0_ptype:pp_pstyle:m_x:408586.72_y:6428851.04_zone:1                      261.3583965613418    1.000000000000000    0.000000000000000
pname:hk_inst:0_ptype:pp_pstyle:m_x:408736.72_y:6428851.04_zone:1                      94.72317434323834    1.000000000000000    0.000000000000000
pname:hk_inst:0_ptype:pp_pstyle:m_x:408886.72_y:6428851.04_zone:1                      172.2318404094307    1.000000000000000    0.000000000000000
pname:hk_inst:0_ptype:pp_pstyle:m_x:409036.72_y:6428851.04_zone:1                      463.4394576296749    1.000000000000000    0.000000000000000
pname:hk_inst:0_ptype:pp_pstyle:m_x:409186.72_y:6428851.04_zone:1                      2.733754204333052    1.000000000000000    0.000000000000000
pname:hk_inst:0_ptype:pp_pstyle:m_x:409336.72_y:6428851.04_zone:1                      0.1240860922029257    1.000000000000000    0.000000000000000
pname:hk_inst:0_ptype:pp_pstyle:m_x:407836.72_y:6428701.04_zone:1                      0.2084170314195687    1.000000000000000    0.000000000000000
pname:hk_inst:0_ptype:pp_pstyle:m_x:407986.72_y:6428701.04_zone:1                      11.95405680147143    1.000000000000000    0.000000000000000
pname:hk_inst:0_ptype:pp_pstyle:m_x:408136.72_y:6428701.04_zone:1                      152.2164758042847    1.000000000000000    0.000000000000000
pname:hk_inst:0_ptype:pp_pstyle:m_x:408286.72_y:6428701.04_zone:1                      9.908602974389218    1.000000000000000    0.000000000000000
pname:hk_inst:0_ptype:pp_pstyle:m_x:408436.72_y:6428701.04_zone:1                      0.06971652180091233    1.000000000000000    0.000000000000000
pname:hk_inst:0_ptype:pp_pstyle:m_x:408586.72_y:6428701.04_zone:1                      3.712752586377719    1.000000000000000    0.000000000000000
pname:hk_inst:0_ptype:pp_pstyle:m_x:408736.72_y:6428701.04_zone:1                      19.97662555252791    1.000000000000000    0.000000000000000
pname:hk_inst:0_ptype:pp_pstyle:m_x:408886.72_y:6428701.04_zone:1                      39.39061963319323    1.000000000000000    0.000000000000000
pname:hk_inst:0_ptype:pp_pstyle:m_x:409036.72_y:6428701.04_zone:1                      86.78161376105427    1.000000000000000    0.000000000000000
pname:hk_inst:0_ptype:pp_pstyle:m_x:409186.72_y:6428701.04_zone:1                      0.1646164546291644    1.000000000000000    0.000000000000000
pname:hk_inst:0_ptype:pp_pstyle:m_x:409336.72_y:6428701.04_zone:1                      0.2659580829853846    1.000000000000000    0.000000000000000
pname:hk_inst:0_ptype:pp_pstyle:m_x:407836.72_y:6428551.04_zone:1                      0.4593452224388331    1.000000000000000    0.000000000000000
pname:hk_inst:0_ptype:pp_pstyle:m_x:407986.72_y:6428551.04_zone:1                      20.96201058415259    1.000000000000000    0.000000000000000
pname:hk_inst:0_ptype:pp_pstyle:m_x:408136.72_y:6428551.04_zone:1                      0.8497479327230826    1.000000000000000    0.000000000000000
pname:hk_inst:0_ptype:pp_pstyle:m_x:408286.72_y:6428551.04_zone:1                      0.7385780648722526    1.000000000000000    0.000000000000000
pname:hk_inst:0_ptype:pp_pstyle:m_x:408436.72_y:6428551.04_zone:1                      1.138806975118127    1.000000000000000    0.000000000000000
pname:hk_inst:0_ptype:pp_pstyle:m_x:408586.72_y:6428551.04_zone:1                      1.797810941501423    1.000000000000000    0.000000000000000
pname:hk_inst:0_ptype:pp_pstyle:m_x:408736.72_y:6428551.04_zone:1                      0.1084360900303819    1.000000000000000    0.000000000000000
pname:hk_inst:0_ptype:pp_pstyle:m_x:408886.72_y:6428551.04_zone:1                      0.03205006338005002    1.000000000000000    0.000000000000000
pname:hk_inst:0_ptype:pp_pstyle:m_x:409036.72_y:6428551.04_zone:1                      0.1175596936367888    1.000000000000000    0.000000000000000
pname:hk_inst:0_ptype:pp_pstyle:m_x:409186.72_y:6428551.04_zone:1                      0.6416751250203312    1.000000000000000    0.000000000000000
pname:hk_inst:0_ptype:pp_pstyle:m_x:409336.72_y:6428551.04_zone:1                      1.335530562463574    1.000000000000000    0.000000000000000
pname:hk_inst:0_ptype:pp_pstyle:m_x:407836.72_y:6428401.04_zone:1                      0.8831317638567315    1.000000000000000    0.000000000000000
pname:hk_inst:0_ptype:pp_pstyle:m_x:407986.72_y:6428401.04_zone:1                      0.2205906572743909    1.000000000000000    0.000000000000000
pname:hk_inst:0_ptype:pp_pstyle:m_x:408136.72_y:6428401.04_zone:1                      0.07288169952428346    1.000000000000000    0.000000000000000
pname:hk_inst:0_ptype:pp_pstyle:m_x:408286.72_y:6428401.04_zone:1                      21.92263445956479    1.000000000000000    0.000000000000000
pname:hk_inst:0_ptype:pp_pstyle:m_x:408436.72_y:6428401.04_zone:1                      2.333323773861230    1.000000000000000    0.000000000000000
pname:hk_inst:0_ptype:pp_pstyle:m_x:408586.72_y:6428401.04_zone:1                      121.8161646854060    1.000000000000000    0.000000000000000
pname:hk_inst:0_ptype:pp_pstyle:m_x:408736.72_y:6428401.04_zone:1                      0.3663121759247311    1.000000000000000    0.000000000000000
pname:hk_inst:0_ptype:pp_pstyle:m_x:408886.72_y:6428401.04_zone:1                      0.1405797483390600    1.000000000000000    0.000000000000000
pname:hk_inst:0_ptype:pp_pstyle:m_x:409036.72_y:6428401.04_zone:1                      0.03637814623888194    1.000000000000000    0.000000000000000
pname:hk_inst:0_ptype:pp_pstyle:m_x:409186.72_y:6428401.04_zone:1                      0.03623430979539471    1.000000000000000    0.000000000000000
pname:hk_inst:0_ptype:pp_pstyle:m_x:409336.72_y:6428401.04_zone:1                      2.019889052483907    1.000000000000000    0.000000000000000
pname:hk_inst:0_ptype:pp_pstyle:m_x:407836.72_y:6428251.04_zone:1                      0.5190257220250152    1.000000000000000    0.000000000000000
pname:hk_inst:0_ptype:pp_pstyle:m_x:407986.72_y:6428251.04_zone:1                      0.08571945089618603    1.000000000000000    0.000000000000000
pname:hk_inst:0_ptype:pp_pstyle:m_x:408136.72_y:6428251.04_zone:1                      0.08421316341268527    1.000000000000000    0.000000000000000
pname:hk_inst:0_ptype:pp_pstyle:m_x:408286.72_y:6428251.04_zone:1                      1.020373052056024    1.000000000000000    0.000000000000000
pname:hk_inst:0_ptype:pp_pstyle:m_x:408436.72_y:6428251.04_zone:1                      4.696674915323058    1.000000000000000    0.000000000000000
pname:hk_inst:0_ptype:pp_pstyle:m_x:408586.72_y:6428251.04_zone:1                      25.05553538511469    1.000000000000000    0.000000000000000
pname:hk_inst:0_ptype:pp_pstyle:m_x:408736.72_y:6428251.04_zone:1                      86.38439219677687    1.000000000000000    0.000000000000000
pname:hk_inst:0_ptype:pp_pstyle:m_x:408886.72_y:6428251.04_zone:1                      0.1604591645295587    1.000000000000000    0.000000000000000
pname:hk_inst:0_ptype:pp_pstyle:m_x:409036.72_y:6428251.04_zone:1                      0.1235465878485570    1.000000000000000    0.000000000000000
pname:hk_inst:0_ptype:pp_pstyle:m_x:409186.72_y:6428251.04_zone:1                      0.2002467352143904    1.000000000000000    0.000000000000000
pname:hk_inst:0_ptype:pp_pstyle:m_x:409336.72_y:6428251.04_zone:1                      3.293581183375320    1.000000000000000    0.000000000000000
pname:hk_inst:0_ptype:pp_pstyle:m_x:407836.72_y:6428101.04_zone:1                      0.6143070589020643    1.000000000000000    0.000000000000000
pname:hk_inst:0_ptype:pp_pstyle:m_x:407986.72_y:6428101.04_zone:1                      1.256113347904250    1.000000000000000    0.000000000000000
pname:hk_inst:0_ptype:pp_pstyle:m_x:408136.72_y:6428101.04_zone:1                      0.05659798715588070    1.000000000000000    0.000000000000000
pname:hk_inst:0_ptype:pp_pstyle:m_x:408286.72_y:6428101.04_zone:1                      0.1129010749847938    1.000000000000000    0.000000000000000
pname:hk_inst:0_ptype:pp_pstyle:m_x:408436.72_y:6428101.04_zone:1                      0.2027024626126510    1.000000000000000    0.000000000000000
pname:hk_inst:0_ptype:pp_pstyle:m_x:408586.72_y:6428101.04_zone:1                      0.9352088617659821    1.000000000000000    0.000000000000000
pname:hk_inst:0_ptype:pp_pstyle:m_x:408736.72_y:6428101.04_zone:1                      18.96176553927433    1.000000000000000    0.000000000000000
pname:hk_inst:0_ptype:pp_pstyle:m_x:408886.72_y:6428101.04_zone:1                      1.303352440417052    1.000000000000000    0.000000000000000
pname:hk_inst:0_ptype:pp_pstyle:m_x:409036.72_y:6428101.04_zone:1                      1.350403716640458    1.000000000000000    0.000000000000000
pname:hk_inst:0_ptype:pp_pstyle:m_x:409186.72_y:6428101.04_zone:1                      1.221763839221991    1.000000000000000    0.000000000000000
pname:hk_inst:0_ptype:pp_pstyle:m_x:409336.72_y:6428101.04_zone:1                      1.871432377909761    1.000000000000000    0.000000000000000
pname:hk_inst:0_ptype:pp_pstyle:m_x:407836.72_y:6427951.04_zone:1                      1.037738790500193    1.000000000000000    0.000000000000000
pname:hk_inst:0_ptype:pp_pstyle:m_x:407986.72_y:6427951.04_zone:1                      1.449568561232884    1.000000000000000    0.000000000000000
pname:hk_inst:0_ptype:pp_pstyle:m_x:408136.72_y:6427951.04_zone:1                      0.5452189714798292    1.000000000000000    0.000000000000000
pname:hk_inst:0_ptype:pp_pstyle:m_x:408286.72_y:6427951.04_zone:1                      0.1198758825280046    1.000000000000000    0.000000000000000
pname:hk_inst:0_ptype:pp_pstyle:m_x:408436.72_y:6427951.04_zone:1                      0.2367665718944670    1.000000000000000    0.000000000000000
pname:hk_inst:0_ptype:pp_pstyle:m_x:408586.72_y:6427951.04_zone:1                      0.7209036268812965    1.000000000000000    0.000000000000000
pname:hk_inst:0_ptype:pp_pstyle:m_x:408736.72_y:6427951.04_zone:1                      0.09273912278613260    1.000000000000000    0.000000000000000
pname:hk_inst:0_ptype:pp_pstyle:m_x:408886.72_y:6427951.04_zone:1                      0.1158879686677498    1.000000000000000    0.000000000000000
pname:hk_inst:0_ptype:pp_pstyle:m_x:409036.72_y:6427951.04_zone:1                      0.1550148973809694    1.000000000000000    0.000000000000000
pname:hk_inst:0_ptype:pp_pstyle:m_x:409186.72_y:6427951.04_zone:1                      0.7507650936088097    1.000000000000000    0.000000000000000
pname:hk_inst:0_ptype:pp_pstyle:m_x:409336.72_y:6427951.04_zone:1                      1.198532465928744    1.000000000000000    0.000000000000000
pname:hk_inst:0_ptype:pp_pstyle:m_x:407836.72_y:6427801.04_zone:1                      0.7743055234306474    1.000000000000000    0.000000000000000
pname:hk_inst:0_ptype:pp_pstyle:m_x:407986.72_y:6427801.04_zone:1                      0.7921848669066617    1.000000000000000    0.000000000000000
pname:hk_inst:0_ptype:pp_pstyle:m_x:408136.72_y:6427801.04_zone:1                      0.3370060681685693    1.000000000000000    0.000000000000000
pname:hk_inst:0_ptype:pp_pstyle:m_x:408286.72_y:6427801.04_zone:1                      0.4766903092446105    1.000000000000000    0.000000000000000
pname:hk_inst:0_ptype:pp_pstyle:m_x:408436.72_y:6427801.04_zone:1                      0.1015009012183454    1.000000000000000    0.000000000000000
pname:hk_inst:0_ptype:pp_pstyle:m_x:408586.72_y:6427801.04_zone:1                      0.2464483972475963    1.000000000000000    0.000000000000000
pname:hk_inst:0_ptype:pp_pstyle:m_x:408736.72_y:6427801.04_zone:1                      0.1976237449940760    1.000000000000000    0.000000000000000
pname:hk_inst:0_ptype:pp_pstyle:m_x:408886.72_y:6427801.04_zone:1                      0.1155371092472888    1.000000000000000    0.000000000000000
pname:hk_inst:0_ptype:pp_pstyle:m_x:409036.72_y:6427801.04_zone:1                      0.1367682998235874    1.000000000000000    0.000000000000000
pname:hk_inst:0_ptype:pp_pstyle:m_x:409186.72_y:6427801.04_zone:1                      0.1857921083974361    1.000000000000000    0.000000000000000
pname:hk_inst:0_ptype:pp_pstyle:m_x:409336.72_y:6427801.04_zone:1                      0.2200480925836258    1.000000000000000    0.000000000000000
pname:hk_inst:0_ptype:pp_pstyle:m_x:407836.72_y:6427651.04_zone:1                      0.8035345072263282    1.000000000000000    0.000000000000000
pname:hk_inst:0_ptype:pp_pstyle:m_x:407986.72_y:6427651.04_zone:1                      0.8497447357325655    1.000000000000000    0.000000000000000
pname:hk_inst:0_ptype:pp_pstyle:m_x:408136.72_y:6427651.04_zone:1                      1.263977600525285    1.000000000000000    0.000000000000000
pname:hk_inst:0_ptype:pp_pstyle:m_x:408286.72_y:6427651.04_zone:1                      0.9352038790869791    1.000000000000000    0.000000000000000
pname:hk_inst:0_ptype:pp_pstyle:m_x:408436.72_y:6427651.04_zone:1                      0.5398994113258344    1.000000000000000    0.000000000000000
pname:hk_inst:0_ptype:pp_pstyle:m_x:408586.72_y:6427651.04_zone:1                      1.104778637020090    1.000000000000000    0.000000000000000
pname:hk_inst:0_ptype:pp_pstyle:m_x:408736.72_y:6427651.04_zone:1                      4.472906118254092    1.000000000000000    0.000000000000000
pname:hk_inst:0_ptype:pp_pstyle:m_x:408886.72_y:6427651.04_zone:1                      0.3151466701770212    1.000000000000000    0.000000000000000
pname:hk_inst:0_ptype:pp_pstyle:m_x:409036.72_y:6427651.04_zone:1                      0.1385370383260038    1.000000000000000    0.000000000000000
pname:hk_inst:0_ptype:pp_pstyle:m_x:409186.72_y:6427651.04_zone:1                      0.1758251050589300    1.000000000000000    0.000000000000000
pname:hk_inst:0_ptype:pp_pstyle:m_x:409336.72_y:6427651.04_zone:1                      0.3467197240449938    1.000000000000000    0.000000000000000
pname:rc_inst:0_ptype:cn_pstyle:m                      0.9999999999996262    1.000000000000000    0.000000000000000
pname:d_inst:0_ptype:gr_usecol:3_pstyle:m_idx0:ghb_n                      1.000000000000000    1.000000000000000    0.000000000000000
pname:d_inst:0_ptype:gr_usecol:3_pstyle:m_idx0:ghb_s                      1.000000000000000    1.000000000000000    0.000000000000000
pname:d_inst:0_ptype:gr_usecol:3_pstyle:m_idx0:ghb_w                      1.000000000000000    1.000000000000000    0.000000000000000
pname:cond_inst:0_ptype:gr_usecol:3_pstyle:m_idx0:bar                      1.664579615254370    1.000000000000000    0.000000000000000
pname:cond_inst:0_ptype:gr_usecol:3_pstyle:m_idx0:gal                      1.571107545984575    1.000000000000000    0.000000000000000
pname:riv_inst:0_ptype:gr_usecol:3_pstyle:m_idx0:haillan5                      0.9936794541810632    1.000000000000000    0.000000000000000
pname:riv_inst:0_ptype:gr_usecol:3_pstyle:m_idx0:blanc_amont                      1.000225232072697    1.000000000000000    0.000000000000000
pname:riv_inst:0_ptype:gr_usecol:3_pstyle:m_idx0:bussaguet_amont                      0.9860455385547118    1.000000000000000    0.000000000000000
pname:riv_inst:0_ptype:gr_usecol:3_pstyle:m_idx0:gajac                      0.9577045792108471    1.000000000000000    0.000000000000000
pname:riv_inst:0_ptype:gr_usecol:3_pstyle:m_idx0:haillan3                      0.7501640760248477    1.000000000000000    0.000000000000000
pname:riv_inst:0_ptype:gr_usecol:3_pstyle:m_idx0:jpt_ecl_amont                      0.9999024889800050    1.000000000000000    0.000000000000000
pname:riv_inst:0_ptype:gr_usecol:3_pstyle:m_idx0:majolan                      0.9888772000612270    1.000000000000000    0.000000000000000
pname:riv_inst:0_ptype:gr_usecol:3_pstyle:m_idx0:moulinat_aval                      0.9822583402919484    1.000000000000000    0.000000000000000
pname:riv_inst:0_ptype:gr_usecol:3_pstyle:m_idx0:noir_amont                      1.001277614656427    1.000000000000000    0.000000000000000
pname:riv_inst:0_ptype:gr_usecol:3_pstyle:m_idx0:moulinat_amont                      1.080003261116576    1.000000000000000    0.000000000000000
pname:riv_inst:0_ptype:gr_usecol:3_pstyle:m_idx0:haillan2                      1.706653982367105    1.000000000000000    0.000000000000000
pname:riv_inst:0_ptype:gr_usecol:3_pstyle:m_idx0:haillan4                      0.9906103524995138    1.000000000000000    0.000000000000000
pname:riv_inst:0_ptype:gr_usecol:3_pstyle:m_idx0:noir_aval                      1.001871679303743    1.000000000000000    0.000000000000000
pname:riv_inst:0_ptype:gr_usecol:3_pstyle:m_idx0:jpt_seuil_aval                      1.003040585989104    1.000000000000000    0.000000000000000
pname:riv_inst:0_ptype:gr_usecol:3_pstyle:m_idx0:haillan1                      0.1438652356594460    1.000000000000000    0.000000000000000
pname:riv_inst:0_ptype:gr_usecol:3_pstyle:m_idx0:jpt_ecl_aval                      0.9987180333252916    1.000000000000000    0.000000000000000
pname:riv_inst:0_ptype:gr_usecol:3_pstyle:m_idx0:thil_amont                      0.06693297919264404    1.000000000000000    0.000000000000000
pname:riv_inst:0_ptype:gr_usecol:3_pstyle:m_idx0:bussaguet_aval                      1.032002163654682    1.000000000000000    0.000000000000000
pname:riv_inst:0_ptype:gr_usecol:3_pstyle:m_idx0:thil_aval                      0.2548723283717931    1.000000000000000    0.000000000000000
pname:cond_inst:1_ptype:gr_usecol:3_pstyle:m_idx0:bar                      2.427374884282187    1.000000000000000    0.000000000000000
pname:cond_inst:1_ptype:gr_usecol:3_pstyle:m_idx0:gal                      0.4667326925367802    1.000000000000000    0.000000000000000
pname:riv_inst:1_ptype:gr_usecol:3_pstyle:m_idx0:haillan5                      0.9936794541810632    1.000000000000000    0.000000000000000
pname:riv_inst:1_ptype:gr_usecol:3_pstyle:m_idx0:blanc_amont                      1.000225232072697    1.000000000000000    0.000000000000000
pname:riv_inst:1_ptype:gr_usecol:3_pstyle:m_idx0:bussaguet_amont                      0.9860455385547118    1.000000000000000    0.000000000000000
pname:riv_inst:1_ptype:gr_usecol:3_pstyle:m_idx0:gajac                      0.9577045792108471    1.000000000000000    0.000000000000000
pname:riv_inst:1_ptype:gr_usecol:3_pstyle:m_idx0:haillan3                      0.7501640760248477    1.000000000000000    0.000000000000000
pname:riv_inst:1_ptype:gr_usecol:3_pstyle:m_idx0:jpt_ecl_amont                      0.9999024889800050    1.000000000000000    0.000000000000000
pname:riv_inst:1_ptype:gr_usecol:3_pstyle:m_idx0:majolan                      0.9888772000612270    1.000000000000000    0.000000000000000
pname:riv_inst:1_ptype:gr_usecol:3_pstyle:m_idx0:moulinat_aval                      0.9822583402919484    1.000000000000000    0.000000000000000
pname:riv_inst:1_ptype:gr_usecol:3_pstyle:m_idx0:noir_amont                      1.001277614656427    1.000000000000000    0.000000000000000
pname:riv_inst:1_ptype:gr_usecol:3_pstyle:m_idx0:moulinat_amont                      1.080003261116576    1.000000000000000    0.000000000000000
pname:riv_inst:1_ptype:gr_usecol:3_pstyle:m_idx0:haillan2                      1.706653982367105    1.000000000000000    0.000000000000000
pname:riv_inst:1_ptype:gr_usecol:3_pstyle:m_idx0:haillan4                      0.9906103524995138    1.000000000000000    0.000000000000000
pname:riv_inst:1_ptype:gr_usecol:3_pstyle:m_idx0:noir_aval                      1.001871679303743    1.000000000000000    0.000000000000000
pname:riv_inst:1_ptype:gr_usecol:3_pstyle:m_idx0:jpt_seuil_aval                      1.003040585989104    1.000000000000000    0.000000000000000
pname:riv_inst:1_ptype:gr_usecol:3_pstyle:m_idx0:haillan1                      0.1438652356594460    1.000000000000000    0.000000000000000
pname:riv_inst:1_ptype:gr_usecol:3_pstyle:m_idx0:jpt_ecl_aval                      0.9987180333252916    1.000000000000000    0.000000000000000
pname:riv_inst:1_ptype:gr_usecol:3_pstyle:m_idx0:thil_amont                      0.06693297919264404    1.000000000000000    0.000000000000000
pname:riv_inst:1_ptype:gr_usecol:3_pstyle:m_idx0:bussaguet_aval                      1.032002163654682    1.000000000000000    0.000000000000000
pname:riv_inst:1_ptype:gr_usecol:3_pstyle:m_idx0:thil_aval                      0.2548723283717931    1.000000000000000    0.000000000000000
pname:cond_inst:2_ptype:gr_usecol:3_pstyle:m_idx0:bar                      0.9375791599706609    1.000000000000000    0.000000000000000
pname:cond_inst:2_ptype:gr_usecol:3_pstyle:m_idx0:gal                      2.350333436135536    1.000000000000000    0.000000000000000
pname:riv_inst:2_ptype:gr_usecol:3_pstyle:m_idx0:haillan5                      0.9936794541810632    1.000000000000000    0.000000000000000
pname:riv_inst:2_ptype:gr_usecol:3_pstyle:m_idx0:blanc_amont                      1.000225232072697    1.000000000000000    0.000000000000000
pname:riv_inst:2_ptype:gr_usecol:3_pstyle:m_idx0:bussaguet_amont                      0.9860455385547118    1.000000000000000    0.000000000000000
pname:riv_inst:2_ptype:gr_usecol:3_pstyle:m_idx0:gajac                      0.9577045792108471    1.000000000000000    0.000000000000000
pname:riv_inst:2_ptype:gr_usecol:3_pstyle:m_idx0:haillan3                      0.7501640760248477    1.000000000000000    0.000000000000000
pname:riv_inst:2_ptype:gr_usecol:3_pstyle:m_idx0:jpt_ecl_amont                      0.9999024889800050    1.000000000000000    0.000000000000000
pname:riv_inst:2_ptype:gr_usecol:3_pstyle:m_idx0:majolan                      0.9888772000612270    1.000000000000000    0.000000000000000
pname:riv_inst:2_ptype:gr_usecol:3_pstyle:m_idx0:moulinat_aval                      0.9822583402919484    1.000000000000000    0.000000000000000
pname:riv_inst:2_ptype:gr_usecol:3_pstyle:m_idx0:noir_amont                      1.001277614656427    1.000000000000000    0.000000000000000
pname:riv_inst:2_ptype:gr_usecol:3_pstyle:m_idx0:moulinat_amont                      1.080003261116576    1.000000000000000    0.000000000000000
pname:riv_inst:2_ptype:gr_usecol:3_pstyle:m_idx0:haillan2                      1.706653982367105    1.000000000000000    0.000000000000000
pname:riv_inst:2_ptype:gr_usecol:3_pstyle:m_idx0:haillan4                      0.9906103524995138    1.000000000000000    0.000000000000000
pname:riv_inst:2_ptype:gr_usecol:3_pstyle:m_idx0:noir_aval                      1.001871679303743    1.000000000000000    0.000000000000000
pname:riv_inst:2_ptype:gr_usecol:3_pstyle:m_idx0:jpt_seuil_aval                      1.003040585989104    1.000000000000000    0.000000000000000
pname:riv_inst:2_ptype:gr_usecol:3_pstyle:m_idx0:haillan1                      0.1438652356594460    1.000000000000000    0.000000000000000
pname:riv_inst:2_ptype:gr_usecol:3_pstyle:m_idx0:jpt_ecl_aval                      0.9987180333252916    1.000000000000000    0.000000000000000
pname:riv_inst:2_ptype:gr_usecol:3_pstyle:m_idx0:thil_amont                      0.06693297919264404    1.000000000000000    0.000000000000000
pname:riv_inst:2_ptype:gr_usecol:3_pstyle:m_idx0:bussaguet_aval                      1.032002163654682    1.000000000000000    0.000000000000000
pname:riv_inst:2_ptype:gr_usecol:3_pstyle:m_idx0:thil_aval                      0.2548723283717931    1.000000000000000    0.000000000000000
pname:cond_inst:3_ptype:gr_usecol:3_pstyle:m_idx0:bar                      0.5133245084840022    1.000000000000000    0.000000000000000
pname:cond_inst:3_ptype:gr_usecol:3_pstyle:m_idx0:gal                      0.8779614599347759    1.000000000000000    0.000000000000000
pname:riv_inst:3_ptype:gr_usecol:3_pstyle:m_idx0:haillan5                      0.9936794541810632    1.000000000000000    0.000000000000000
pname:riv_inst:3_ptype:gr_usecol:3_pstyle:m_idx0:blanc_amont                      1.000225232072697    1.000000000000000    0.000000000000000
pname:riv_inst:3_ptype:gr_usecol:3_pstyle:m_idx0:bussaguet_amont                      0.9860455385547118    1.000000000000000    0.000000000000000
pname:riv_inst:3_ptype:gr_usecol:3_pstyle:m_idx0:gajac                      0.9577045792108471    1.000000000000000    0.000000000000000
pname:riv_inst:3_ptype:gr_usecol:3_pstyle:m_idx0:haillan3                      0.7501640760248477    1.000000000000000    0.000000000000000
pname:riv_inst:3_ptype:gr_usecol:3_pstyle:m_idx0:jpt_ecl_amont                      0.9999024889800050    1.000000000000000    0.000000000000000
pname:riv_inst:3_ptype:gr_usecol:3_pstyle:m_idx0:majolan                      0.9888772000612270    1.000000000000000    0.000000000000000
pname:riv_inst:3_ptype:gr_usecol:3_pstyle:m_idx0:moulinat_aval                      0.9822583402919484    1.000000000000000    0.000000000000000
pname:riv_inst:3_ptype:gr_usecol:3_pstyle:m_idx0:noir_amont                      1.001277614656427    1.000000000000000    0.000000000000000
pname:riv_inst:3_ptype:gr_usecol:3_pstyle:m_idx0:moulinat_amont                      1.080003261116576    1.000000000000000    0.000000000000000
pname:riv_inst:3_ptype:gr_usecol:3_pstyle:m_idx0:haillan2                      1.706653982367105    1.000000000000000    0.000000000000000
pname:riv_inst:3_ptype:gr_usecol:3_pstyle:m_idx0:haillan4                      0.9906103524995138    1.000000000000000    0.000000000000000
pname:riv_inst:3_ptype:gr_usecol:3_pstyle:m_idx0:noir_aval                      1.001871679303743    1.000000000000000    0.000000000000000
pname:riv_inst:3_ptype:gr_usecol:3_pstyle:m_idx0:jpt_seuil_aval                      1.003040585989104    1.000000000000000    0.000000000000000
pname:riv_inst:3_ptype:gr_usecol:3_pstyle:m_idx0:haillan1                      0.1438652356594460    1.000000000000000    0.000000000000000
pname:riv_inst:3_ptype:gr_usecol:3_pstyle:m_idx0:jpt_ecl_aval                      0.9987180333252916    1.000000000000000    0.000000000000000
pname:riv_inst:3_ptype:gr_usecol:3_pstyle:m_idx0:thil_amont                      0.06693297919264404    1.000000000000000    0.000000000000000
pname:riv_inst:3_ptype:gr_usecol:3_pstyle:m_idx0:bussaguet_aval                      1.032002163654682    1.000000000000000    0.000000000000000
pname:riv_inst:3_ptype:gr_usecol:3_pstyle:m_idx0:thil_aval                      0.2548723283717931    1.000000000000000    0.000000000000000
pname:cond_inst:4_ptype:gr_usecol:3_pstyle:m_idx0:bar                      0.5115245878475305    1.000000000000000    0.000000000000000
pname:cond_inst:4_ptype:gr_usecol:3_pstyle:m_idx0:gal                      0.8992061375861643    1.000000000000000    0.000000000000000
pname:riv_inst:4_ptype:gr_usecol:3_pstyle:m_idx0:haillan5                      0.9936794541810632    1.000000000000000    0.000000000000000
pname:riv_inst:4_ptype:gr_usecol:3_pstyle:m_idx0:blanc_amont                      1.000225232072697    1.000000000000000    0.000000000000000
pname:riv_inst:4_ptype:gr_usecol:3_pstyle:m_idx0:bussaguet_amont                      0.9860455385547118    1.000000000000000    0.000000000000000
pname:riv_inst:4_ptype:gr_usecol:3_pstyle:m_idx0:gajac                      0.9577045792108471    1.000000000000000    0.000000000000000
pname:riv_inst:4_ptype:gr_usecol:3_pstyle:m_idx0:haillan3                      0.7501640760248477    1.000000000000000    0.000000000000000
pname:riv_inst:4_ptype:gr_usecol:3_pstyle:m_idx0:jpt_ecl_amont                      0.9999024889800050    1.000000000000000    0.000000000000000
pname:riv_inst:4_ptype:gr_usecol:3_pstyle:m_idx0:majolan                      0.9888772000612270    1.000000000000000    0.000000000000000
pname:riv_inst:4_ptype:gr_usecol:3_pstyle:m_idx0:moulinat_aval                      0.9822583402919484    1.000000000000000    0.000000000000000
pname:riv_inst:4_ptype:gr_usecol:3_pstyle:m_idx0:noir_amont                      1.001277614656427    1.000000000000000    0.000000000000000
pname:riv_inst:4_ptype:gr_usecol:3_pstyle:m_idx0:moulinat_amont                      1.080003261116576    1.000000000000000    0.000000000000000
pname:riv_inst:4_ptype:gr_usecol:3_pstyle:m_idx0:haillan2                      1.706653982367105    1.000000000000000    0.000000000000000
pname:riv_inst:4_ptype:gr_usecol:3_pstyle:m_idx0:haillan4                      0.9906103524995138    1.000000000000000    0.000000000000000
pname:riv_inst:4_ptype:gr_usecol:3_pstyle:m_idx0:noir_aval                      1.001871679303743    1.000000000000000    0.000000000000000
pname:riv_inst:4_ptype:gr_usecol:3_pstyle:m_idx0:jpt_seuil_aval                      1.003040585989104    1.000000000000000    0.000000000000000
pname:riv_inst:4_ptype:gr_usecol:3_pstyle:m_idx0:haillan1                      0.1438652356594460    1.000000000000000    0.000000000000000
pname:riv_inst:4_ptype:gr_usecol:3_pstyle:m_idx0:jpt_ecl_aval                      0.9987180333252916    1.000000000000000    0.000000000000000
pname:riv_inst:4_ptype:gr_usecol:3_pstyle:m_idx0:thil_amont                      0.06693297919264404    1.000000000000000    0.000000000000000
pname:riv_inst:4_ptype:gr_usecol:3_pstyle:m_idx0:bussaguet_aval                      1.032002163654682    1.000000000000000    0.000000000000000
pname:riv_inst:4_ptype:gr_usecol:3_pstyle:m_idx0:thil_aval                      0.2548723283717931    1.000000000000000    0.000000000000000
pname:cond_inst:5_ptype:gr_usecol:3_pstyle:m_idx0:bar                      0.5799372681466580    1.000000000000000    0.000000000000000
pname:cond_inst:5_ptype:gr_usecol:3_pstyle:m_idx0:gal                      1.201994052462897    1.000000000000000    0.000000000000000
pname:riv_inst:5_ptype:gr_usecol:3_pstyle:m_idx0:haillan5                      0.9936794541810632    1.000000000000000    0.000000000000000
pname:riv_inst:5_ptype:gr_usecol:3_pstyle:m_idx0:blanc_amont                      1.000225232072697    1.000000000000000    0.000000000000000
pname:riv_inst:5_ptype:gr_usecol:3_pstyle:m_idx0:bussaguet_amont                      0.9860455385547118    1.000000000000000    0.000000000000000
pname:riv_inst:5_ptype:gr_usecol:3_pstyle:m_idx0:gajac                      0.9577045792108471    1.000000000000000    0.000000000000000
pname:riv_inst:5_ptype:gr_usecol:3_pstyle:m_idx0:haillan3                      0.7501640760248477    1.000000000000000    0.000000000000000
pname:riv_inst:5_ptype:gr_usecol:3_pstyle:m_idx0:jpt_ecl_amont                      0.9999024889800050    1.000000000000000    0.000000000000000
pname:riv_inst:5_ptype:gr_usecol:3_pstyle:m_idx0:majolan                      0.9888772000612270    1.000000000000000    0.000000000000000
pname:riv_inst:5_ptype:gr_usecol:3_pstyle:m_idx0:moulinat_aval                      0.9822583402919484    1.000000000000000    0.000000000000000
pname:riv_inst:5_ptype:gr_usecol:3_pstyle:m_idx0:noir_amont                      1.001277614656427    1.000000000000000    0.000000000000000
pname:riv_inst:5_ptype:gr_usecol:3_pstyle:m_idx0:moulinat_amont                      1.080003261116576    1.000000000000000    0.000000000000000
pname:riv_inst:5_ptype:gr_usecol:3_pstyle:m_idx0:haillan2                      1.706653982367105    1.000000000000000    0.000000000000000
pname:riv_inst:5_ptype:gr_usecol:3_pstyle:m_idx0:haillan4                      0.9906103524995138    1.000000000000000    0.000000000000000
pname:riv_inst:5_ptype:gr_usecol:3_pstyle:m_idx0:noir_aval                      1.001871679303743    1.000000000000000    0.000000000000000
pname:riv_inst:5_ptype:gr_usecol:3_pstyle:m_idx0:jpt_seuil_aval                      1.003040585989104    1.000000000000000    0.000000000000000
pname:riv_inst:5_ptype:gr_usecol:3_pstyle:m_idx0:haillan1                      0.1438652356594460    1.000000000000000    0.000000000000000
pname:riv_inst:5_ptype:gr_usecol:3_pstyle:m_idx0:jpt_ecl_aval                      0.9987180333252916    1.000000000000000    0.000000000000000
pname:riv_inst:5_ptype:gr_usecol:3_pstyle:m_idx0:thil_amont                      0.06693297919264404    1.000000000000000    0.000000000000000
pname:riv_inst:5_ptype:gr_usecol:3_pstyle:m_idx0:bussaguet_aval                      1.032002163654682    1.000000000000000    0.000000000000000
pname:riv_inst:5_ptype:gr_usecol:3_pstyle:m_idx0:thil_aval                      0.2548723283717931    1.000000000000000    0.000000000000000
pname:cond_inst:6_ptype:gr_usecol:3_pstyle:m_idx0:bar                      2.321059475091958    1.000000000000000    0.000000000000000
pname:cond_inst:6_ptype:gr_usecol:3_pstyle:m_idx0:gal                      0.8263644890076477    1.000000000000000    0.000000000000000
pname:riv_inst:6_ptype:gr_usecol:3_pstyle:m_idx0:haillan5                      0.9936794541810632    1.000000000000000    0.000000000000000
pname:riv_inst:6_ptype:gr_usecol:3_pstyle:m_idx0:blanc_amont                      1.000225232072697    1.000000000000000    0.000000000000000
pname:riv_inst:6_ptype:gr_usecol:3_pstyle:m_idx0:bussaguet_amont                      0.9860455385547118    1.000000000000000    0.000000000000000
pname:riv_inst:6_ptype:gr_usecol:3_pstyle:m_idx0:gajac                      0.9577045792108471    1.000000000000000    0.000000000000000
pname:riv_inst:6_ptype:gr_usecol:3_pstyle:m_idx0:haillan3                      0.7501640760248477    1.000000000000000    0.000000000000000
pname:riv_inst:6_ptype:gr_usecol:3_pstyle:m_idx0:jpt_ecl_amont                      0.9999024889800050    1.000000000000000    0.000000000000000
pname:riv_inst:6_ptype:gr_usecol:3_pstyle:m_idx0:majolan                      0.9888772000612270    1.000000000000000    0.000000000000000
pname:riv_inst:6_ptype:gr_usecol:3_pstyle:m_idx0:moulinat_aval                      0.9822583402919484    1.000000000000000    0.000000000000000
pname:riv_inst:6_ptype:gr_usecol:3_pstyle:m_idx0:noir_amont                      1.001277614656427    1.000000000000000    0.000000000000000
pname:riv_inst:6_ptype:gr_usecol:3_pstyle:m_idx0:moulinat_amont                      1.080003261116576    1.000000000000000    0.000000000000000
pname:riv_inst:6_ptype:gr_usecol:3_pstyle:m_idx0:haillan2                      1.706653982367105    1.000000000000000    0.000000000000000
pname:riv_inst:6_ptype:gr_usecol:3_pstyle:m_idx0:haillan4                      0.9906103524995138    1.000000000000000    0.000000000000000
pname:riv_inst:6_ptype:gr_usecol:3_pstyle:m_idx0:noir_aval                      1.001871679303743    1.000000000000000    0.000000000000000
pname:riv_inst:6_ptype:gr_usecol:3_pstyle:m_idx0:jpt_seuil_aval                      1.003040585989104    1.000000000000000    0.000000000000000
pname:riv_inst:6_ptype:gr_usecol:3_pstyle:m_idx0:haillan1                      0.1438652356594460    1.000000000000000    0.000000000000000
pname:riv_inst:6_ptype:gr_usecol:3_pstyle:m_idx0:jpt_ecl_aval                      0.9987180333252916    1.000000000000000    0.000000000000000
pname:riv_inst:6_ptype:gr_usecol:3_pstyle:m_idx0:thil_amont                      0.06693297919264404    1.000000000000000    0.000000000000000
pname:riv_inst:6_ptype:gr_usecol:3_pstyle:m_idx0:bussaguet_aval                      1.032002163654682    1.000000000000000    0.000000000000000
pname:riv_inst:6_ptype:gr_usecol:3_pstyle:m_idx0:thil_aval                      0.2548723283717931    1.000000000000000    0.000000000000000
pname:cond_inst:7_ptype:gr_usecol:3_pstyle:m_idx0:bar                      1.175687935922683    1.000000000000000    0.000000000000000
pname:cond_inst:7_ptype:gr_usecol:3_pstyle:m_idx0:gal                      0.2935095646769210    1.000000000000000    0.000000000000000
pname:riv_inst:7_ptype:gr_usecol:3_pstyle:m_idx0:haillan5                      0.9936794541810632    1.000000000000000    0.000000000000000
pname:riv_inst:7_ptype:gr_usecol:3_pstyle:m_idx0:blanc_amont                      1.000225232072697    1.000000000000000    0.000000000000000
pname:riv_inst:7_ptype:gr_usecol:3_pstyle:m_idx0:bussaguet_amont                      0.9860455385547118    1.000000000000000    0.000000000000000
pname:riv_inst:7_ptype:gr_usecol:3_pstyle:m_idx0:gajac                      0.9577045792108471    1.000000000000000    0.000000000000000
pname:riv_inst:7_ptype:gr_usecol:3_pstyle:m_idx0:haillan3                      0.7501640760248477    1.000000000000000    0.000000000000000
pname:riv_inst:7_ptype:gr_usecol:3_pstyle:m_idx0:jpt_ecl_amont                      0.9999024889800050    1.000000000000000    0.000000000000000
pname:riv_inst:7_ptype:gr_usecol:3_pstyle:m_idx0:majolan                      0.9888772000612270    1.000000000000000    0.000000000000000
pname:riv_inst:7_ptype:gr_usecol:3_pstyle:m_idx0:moulinat_aval                      0.9822583402919484    1.000000000000000    0.000000000000000
pname:riv_inst:7_ptype:gr_usecol:3_pstyle:m_idx0:noir_amont                      1.001277614656427    1.000000000000000    0.000000000000000
pname:riv_inst:7_ptype:gr_usecol:3_pstyle:m_idx0:moulinat_amont                      1.080003261116576    1.000000000000000    0.000000000000000
pname:riv_inst:7_ptype:gr_usecol:3_pstyle:m_idx0:haillan2                      1.706653982367105    1.000000000000000    0.000000000000000
pname:riv_inst:7_ptype:gr_usecol:3_pstyle:m_idx0:haillan4                      0.9906103524995138    1.000000000000000    0.000000000000000
pname:riv_inst:7_ptype:gr_usecol:3_pstyle:m_idx0:noir_aval                      1.001871679303743    1.000000000000000    0.000000000000000
pname:riv_inst:7_ptype:gr_usecol:3_pstyle:m_idx0:jpt_seuil_aval                      1.003040585989104    1.000000000000000    0.000000000000000
pname:riv_inst:7_ptype:gr_usecol:3_pstyle:m_idx0:haillan1                      0.1438652356594460    1.000000000000000    0.000000000000000
pname:riv_inst:7_ptype:gr_usecol:3_pstyle:m_idx0:jpt_ecl_aval                      0.9987180333252916    1.000000000000000    0.000000000000000
pname:riv_inst:7_ptype:gr_usecol:3_pstyle:m_idx0:thil_amont                      0.06693297919264404    1.000000000000000    0.000000000000000
pname:riv_inst:7_ptype:gr_usecol:3_pstyle:m_idx0:bussaguet_aval                      1.032002163654682    1.000000000000000    0.000000000000000
pname:riv_inst:7_ptype:gr_usecol:3_pstyle:m_idx0:thil_aval                      0.2548723283717931    1.000000000000000    0.000000000000000
pname:cond_inst:8_ptype:gr_usecol:3_pstyle:m_idx0:bar                      1.721994551208372    1.000000000000000    0.000000000000000
pname:cond_inst:8_ptype:gr_usecol:3_pstyle:m_idx0:gal                      0.5262276840597686    1.000000000000000    0.000000000000000
pname:riv_inst:8_ptype:gr_usecol:3_pstyle:m_idx0:haillan5                      0.9936794541810632    1.000000000000000    0.000000000000000
pname:riv_inst:8_ptype:gr_usecol:3_pstyle:m_idx0:blanc_amont                      1.000225232072697    1.000000000000000    0.000000000000000
pname:riv_inst:8_ptype:gr_usecol:3_pstyle:m_idx0:bussaguet_amont                      0.9860455385547118    1.000000000000000    0.000000000000000
pname:riv_inst:8_ptype:gr_usecol:3_pstyle:m_idx0:gajac                      0.9577045792108471    1.000000000000000    0.000000000000000
pname:riv_inst:8_ptype:gr_usecol:3_pstyle:m_idx0:haillan3                      0.7501640760248477    1.000000000000000    0.000000000000000
pname:riv_inst:8_ptype:gr_usecol:3_pstyle:m_idx0:jpt_ecl_amont                      0.9999024889800050    1.000000000000000    0.000000000000000
pname:riv_inst:8_ptype:gr_usecol:3_pstyle:m_idx0:majolan                      0.9888772000612270    1.000000000000000    0.000000000000000
pname:riv_inst:8_ptype:gr_usecol:3_pstyle:m_idx0:moulinat_aval                      0.9822583402919484    1.000000000000000    0.000000000000000
pname:riv_inst:8_ptype:gr_usecol:3_pstyle:m_idx0:noir_amont                      1.001277614656427    1.000000000000000    0.000000000000000
pname:riv_inst:8_ptype:gr_usecol:3_pstyle:m_idx0:moulinat_amont                      1.080003261116576    1.000000000000000    0.000000000000000
pname:riv_inst:8_ptype:gr_usecol:3_pstyle:m_idx0:haillan2                      1.706653982367105    1.000000000000000    0.000000000000000
pname:riv_inst:8_ptype:gr_usecol:3_pstyle:m_idx0:haillan4                      0.9906103524995138    1.000000000000000    0.000000000000000
pname:riv_inst:8_ptype:gr_usecol:3_pstyle:m_idx0:noir_aval                      1.001871679303743    1.000000000000000    0.000000000000000
pname:riv_inst:8_ptype:gr_usecol:3_pstyle:m_idx0:jpt_seuil_aval                      1.003040585989104    1.000000000000000    0.000000000000000
pname:riv_inst:8_ptype:gr_usecol:3_pstyle:m_idx0:haillan1                      0.1438652356594460    1.000000000000000    0.000000000000000
pname:riv_inst:8_ptype:gr_usecol:3_pstyle:m_idx0:jpt_ecl_aval                      0.9987180333252916    1.000000000000000    0.000000000000000
pname:riv_inst:8_ptype:gr_usecol:3_pstyle:m_idx0:thil_amont                      0.06693297919264404    1.000000000000000    0.000000000000000
pname:riv_inst:8_ptype:gr_usecol:3_pstyle:m_idx0:bussaguet_aval                      1.032002163654682    1.000000000000000    0.000000000000000
pname:riv_inst:8_ptype:gr_usecol:3_pstyle:m_idx0:thil_aval                      0.2548723283717931    1.000000000000000    0.000000000000000
pname:cond_inst:9_ptype:gr_usecol:3_pstyle:m_idx0:bar                      1.653323488225192    1.000000000000000    0.000000000000000
pname:cond_inst:9_ptype:gr_usecol:3_pstyle:m_idx0:gal                      0.7794417729423775    1.000000000000000    0.000000000000000
pname:riv_inst:9_ptype:gr_usecol:3_pstyle:m_idx0:haillan5                      0.9936794541810632    1.000000000000000    0.000000000000000
pname:riv_inst:9_ptype:gr_usecol:3_pstyle:m_idx0:blanc_amont                      1.000225232072697    1.000000000000000    0.000000000000000
pname:riv_inst:9_ptype:gr_usecol:3_pstyle:m_idx0:bussaguet_amont                      0.9860455385547118    1.000000000000000    0.000000000000000
pname:riv_inst:9_ptype:gr_usecol:3_pstyle:m_idx0:gajac                      0.9577045792108471    1.000000000000000    0.000000000000000
pname:riv_inst:9_ptype:gr_usecol:3_pstyle:m_idx0:haillan3                      0.7501640760248477    1.000000000000000    0.000000000000000
pname:riv_inst:9_ptype:gr_usecol:3_pstyle:m_idx0:jpt_ecl_amont                      0.9999024889800050    1.000000000000000    0.000000000000000
pname:riv_inst:9_ptype:gr_usecol:3_pstyle:m_idx0:majolan                      0.9888772000612270    1.000000000000000    0.000000000000000
pname:riv_inst:9_ptype:gr_usecol:3_pstyle:m_idx0:moulinat_aval                      0.9822583402919484    1.000000000000000    0.000000000000000
pname:riv_inst:9_ptype:gr_usecol:3_pstyle:m_idx0:noir_amont                      1.001277614656427    1.000000000000000    0.000000000000000
pname:riv_inst:9_ptype:gr_usecol:3_pstyle:m_idx0:moulinat_amont                      1.080003261116576    1.000000000000000    0.000000000000000
pname:riv_inst:9_ptype:gr_usecol:3_pstyle:m_idx0:haillan2                      1.706653982367105    1.000000000000000    0.000000000000000
pname:riv_inst:9_ptype:gr_usecol:3_pstyle:m_idx0:haillan4                      0.9906103524995138    1.000000000000000    0.000000000000000
pname:riv_inst:9_ptype:gr_usecol:3_pstyle:m_idx0:noir_aval                      1.001871679303743    1.000000000000000    0.000000000000000
pname:riv_inst:9_ptype:gr_usecol:3_pstyle:m_idx0:jpt_seuil_aval                      1.003040585989104    1.000000000000000    0.000000000000000
pname:riv_inst:9_ptype:gr_usecol:3_pstyle:m_idx0:haillan1                      0.1438652356594460    1.000000000000000    0.000000000000000
pname:riv_inst:9_ptype:gr_usecol:3_pstyle:m_idx0:jpt_ecl_aval                      0.9987180333252916    1.000000000000000    0.000000000000000
pname:riv_inst:9_ptype:gr_usecol:3_pstyle:m_idx0:thil_amont                      0.06693297919264404    1.000000000000000    0.000000000000000
pname:riv_inst:9_ptype:gr_usecol:3_pstyle:m_idx0:bussaguet_aval                      1.032002163654682    1.000000000000000    0.000000000000000
pname:riv_inst:9_ptype:gr_usecol:3_pstyle:m_idx0:thil_aval                      0.2548723283717931    1.000000000000000    0.000000000000000
