single point
pname:hk_inst:0_ptype:pp_pstyle:m_x:409075.68_y:6432495.37_zone:1                      0.2825407913934740    1.000000000000000    0.000000000000000
pname:hk_inst:0_ptype:pp_pstyle:m_x:407575.68_y:6431995.37_zone:1                      0.2825407913934740    1.000000000000000    0.000000000000000
pname:hk_inst:0_ptype:pp_pstyle:m_x:408075.68_y:6431995.37_zone:1                      0.2825407913934740    1.000000000000000    0.000000000000000
pname:hk_inst:0_ptype:pp_pstyle:m_x:408575.68_y:6431995.37_zone:1                      0.2825407913934740    1.000000000000000    0.000000000000000
pname:hk_inst:0_ptype:pp_pstyle:m_x:409075.68_y:6431995.37_zone:1                      0.2825407913934740    1.000000000000000    0.000000000000000
pname:hk_inst:0_ptype:pp_pstyle:m_x:409575.68_y:6431995.37_zone:1                      0.2825407913934740    1.000000000000000    0.000000000000000
pname:hk_inst:0_ptype:pp_pstyle:m_x:410075.68_y:6431995.37_zone:1                      0.2825407913934740    1.000000000000000    0.000000000000000
pname:hk_inst:0_ptype:pp_pstyle:m_x:407075.68_y:6431495.37_zone:1                      0.2825407913934740    1.000000000000000    0.000000000000000
pname:hk_inst:0_ptype:pp_pstyle:m_x:407575.68_y:6431495.37_zone:1                      0.2825407913934740    1.000000000000000    0.000000000000000
pname:hk_inst:0_ptype:pp_pstyle:m_x:408075.68_y:6431495.37_zone:1                      0.2825407913934740    1.000000000000000    0.000000000000000
pname:hk_inst:0_ptype:pp_pstyle:m_x:408575.68_y:6431495.37_zone:1                      0.2825407913934740    1.000000000000000    0.000000000000000
pname:hk_inst:0_ptype:pp_pstyle:m_x:409075.68_y:6431495.37_zone:1                      0.2825407913934740    1.000000000000000    0.000000000000000
pname:hk_inst:0_ptype:pp_pstyle:m_x:409575.68_y:6431495.37_zone:1                      0.2825407913934740    1.000000000000000    0.000000000000000
pname:hk_inst:0_ptype:pp_pstyle:m_x:410075.68_y:6431495.37_zone:1                      0.2825407913934740    1.000000000000000    0.000000000000000
pname:hk_inst:0_ptype:pp_pstyle:m_x:410575.68_y:6431495.37_zone:1                      0.2825407913934740    1.000000000000000    0.000000000000000
pname:hk_inst:0_ptype:pp_pstyle:m_x:407075.68_y:6430995.37_zone:1                      0.2825407913934740    1.000000000000000    0.000000000000000
pname:hk_inst:0_ptype:pp_pstyle:m_x:407575.68_y:6430995.37_zone:1                      0.2825407913934740    1.000000000000000    0.000000000000000
pname:hk_inst:0_ptype:pp_pstyle:m_x:408075.68_y:6430995.37_zone:1                      0.2825407913934740    1.000000000000000    0.000000000000000
pname:hk_inst:0_ptype:pp_pstyle:m_x:408575.68_y:6430995.37_zone:1                      0.2825407913934740    1.000000000000000    0.000000000000000
pname:hk_inst:0_ptype:pp_pstyle:m_x:409075.68_y:6430995.37_zone:1                      0.2825407913934740    1.000000000000000    0.000000000000000
pname:hk_inst:0_ptype:pp_pstyle:m_x:409575.68_y:6430995.37_zone:1                      0.2825407913934740    1.000000000000000    0.000000000000000
pname:hk_inst:0_ptype:pp_pstyle:m_x:410075.68_y:6430995.37_zone:1                      0.2825407913934740    1.000000000000000    0.000000000000000
pname:hk_inst:0_ptype:pp_pstyle:m_x:410575.68_y:6430995.37_zone:1                      0.2825407913934740    1.000000000000000    0.000000000000000
pname:hk_inst:0_ptype:pp_pstyle:m_x:411075.68_y:6430995.37_zone:1                      0.2825407913934740    1.000000000000000    0.000000000000000
pname:hk_inst:0_ptype:pp_pstyle:m_x:407075.68_y:6430495.37_zone:1                      0.2825407913934740    1.000000000000000    0.000000000000000
pname:hk_inst:0_ptype:pp_pstyle:m_x:407575.68_y:6430495.37_zone:1                      0.2825407913934740    1.000000000000000    0.000000000000000
pname:hk_inst:0_ptype:pp_pstyle:m_x:408075.68_y:6430495.37_zone:1                      0.2825407913934740    1.000000000000000    0.000000000000000
pname:hk_inst:0_ptype:pp_pstyle:m_x:408575.68_y:6430495.37_zone:1                      0.2825407913934740    1.000000000000000    0.000000000000000
pname:hk_inst:0_ptype:pp_pstyle:m_x:409075.68_y:6430495.37_zone:1                      0.2825407913934740    1.000000000000000    0.000000000000000
pname:hk_inst:0_ptype:pp_pstyle:m_x:409575.68_y:6430495.37_zone:1                      0.2825407913934740    1.000000000000000    0.000000000000000
pname:hk_inst:0_ptype:pp_pstyle:m_x:410075.68_y:6430495.37_zone:1                      0.2825407913934740    1.000000000000000    0.000000000000000
pname:hk_inst:0_ptype:pp_pstyle:m_x:410575.68_y:6430495.37_zone:1                      0.2825407913934740    1.000000000000000    0.000000000000000
pname:hk_inst:0_ptype:pp_pstyle:m_x:411075.68_y:6430495.37_zone:1                      0.2825407913934740    1.000000000000000    0.000000000000000
pname:hk_inst:0_ptype:pp_pstyle:m_x:411575.68_y:6430495.37_zone:1                      0.2825407913934740    1.000000000000000    0.000000000000000
pname:hk_inst:0_ptype:pp_pstyle:m_x:406575.68_y:6429995.37_zone:1                      0.2825407913934740    1.000000000000000    0.000000000000000
pname:hk_inst:0_ptype:pp_pstyle:m_x:407075.68_y:6429995.37_zone:1                      0.2825407913934740    1.000000000000000    0.000000000000000
pname:hk_inst:0_ptype:pp_pstyle:m_x:407575.68_y:6429995.37_zone:1                      0.2825407913934740    1.000000000000000    0.000000000000000
pname:hk_inst:0_ptype:pp_pstyle:m_x:408075.68_y:6429995.37_zone:1                      0.2825407913934740    1.000000000000000    0.000000000000000
pname:hk_inst:0_ptype:pp_pstyle:m_x:408575.68_y:6429995.37_zone:1                      0.2825407913934740    1.000000000000000    0.000000000000000
pname:hk_inst:0_ptype:pp_pstyle:m_x:409075.68_y:6429995.37_zone:1                      0.2825407913934740    1.000000000000000    0.000000000000000
pname:hk_inst:0_ptype:pp_pstyle:m_x:409575.68_y:6429995.37_zone:1                      0.2825407913934740    1.000000000000000    0.000000000000000
pname:hk_inst:0_ptype:pp_pstyle:m_x:410075.68_y:6429995.37_zone:1                      0.2825407913934740    1.000000000000000    0.000000000000000
pname:hk_inst:0_ptype:pp_pstyle:m_x:410575.68_y:6429995.37_zone:1                      0.2825407913934740    1.000000000000000    0.000000000000000
pname:hk_inst:0_ptype:pp_pstyle:m_x:411075.68_y:6429995.37_zone:1                      0.2825407913934740    1.000000000000000    0.000000000000000
pname:hk_inst:0_ptype:pp_pstyle:m_x:411575.68_y:6429995.37_zone:1                      0.2825407913934740    1.000000000000000    0.000000000000000
pname:hk_inst:0_ptype:pp_pstyle:m_x:412075.68_y:6429995.37_zone:1                      0.2825407913934740    1.000000000000000    0.000000000000000
pname:hk_inst:0_ptype:pp_pstyle:m_x:412575.68_y:6429995.37_zone:1                      0.2825407913934740    1.000000000000000    0.000000000000000
pname:hk_inst:0_ptype:pp_pstyle:m_x:413075.68_y:6429995.37_zone:1                      0.2825407913934740    1.000000000000000    0.000000000000000
pname:hk_inst:0_ptype:pp_pstyle:m_x:406575.68_y:6429495.37_zone:1                      0.2825407913934740    1.000000000000000    0.000000000000000
pname:hk_inst:0_ptype:pp_pstyle:m_x:407075.68_y:6429495.37_zone:1                      0.2825407913934740    1.000000000000000    0.000000000000000
pname:hk_inst:0_ptype:pp_pstyle:m_x:407575.68_y:6429495.37_zone:1                      0.2825407913934740    1.000000000000000    0.000000000000000
pname:hk_inst:0_ptype:pp_pstyle:m_x:408075.68_y:6429495.37_zone:1                      0.2825407913934740    1.000000000000000    0.000000000000000
pname:hk_inst:0_ptype:pp_pstyle:m_x:408575.68_y:6429495.37_zone:1                      0.2825407913934740    1.000000000000000    0.000000000000000
pname:hk_inst:0_ptype:pp_pstyle:m_x:409075.68_y:6429495.37_zone:1                      0.2825407913934740    1.000000000000000    0.000000000000000
pname:hk_inst:0_ptype:pp_pstyle:m_x:409575.68_y:6429495.37_zone:1                      0.2825407913934740    1.000000000000000    0.000000000000000
pname:hk_inst:0_ptype:pp_pstyle:m_x:410075.68_y:6429495.37_zone:1                      0.2825407913934740    1.000000000000000    0.000000000000000
pname:hk_inst:0_ptype:pp_pstyle:m_x:410575.68_y:6429495.37_zone:1                      0.2825407913934740    1.000000000000000    0.000000000000000
pname:hk_inst:0_ptype:pp_pstyle:m_x:411075.68_y:6429495.37_zone:1                      0.2825407913934740    1.000000000000000    0.000000000000000
pname:hk_inst:0_ptype:pp_pstyle:m_x:411575.68_y:6429495.37_zone:1                      0.2825407913934740    1.000000000000000    0.000000000000000
pname:hk_inst:0_ptype:pp_pstyle:m_x:412075.68_y:6429495.37_zone:1                      0.2825407913934740    1.000000000000000    0.000000000000000
pname:hk_inst:0_ptype:pp_pstyle:m_x:412575.68_y:6429495.37_zone:1                      0.2825407913934740    1.000000000000000    0.000000000000000
pname:hk_inst:0_ptype:pp_pstyle:m_x:413075.68_y:6429495.37_zone:1                      0.2825407913934740    1.000000000000000    0.000000000000000
pname:hk_inst:0_ptype:pp_pstyle:m_x:413575.68_y:6429495.37_zone:1                      0.2825407913934740    1.000000000000000    0.000000000000000
pname:hk_inst:0_ptype:pp_pstyle:m_x:406075.68_y:6428995.37_zone:1                      0.2825407913934740    1.000000000000000    0.000000000000000
pname:hk_inst:0_ptype:pp_pstyle:m_x:406575.68_y:6428995.37_zone:1                      0.2825407913934740    1.000000000000000    0.000000000000000
pname:hk_inst:0_ptype:pp_pstyle:m_x:407075.68_y:6428995.37_zone:1                      0.2825407913934740    1.000000000000000    0.000000000000000
pname:hk_inst:0_ptype:pp_pstyle:m_x:407575.68_y:6428995.37_zone:1                      0.2825407913934740    1.000000000000000    0.000000000000000
pname:hk_inst:0_ptype:pp_pstyle:m_x:409575.68_y:6428995.37_zone:1                      0.2825407913934740    1.000000000000000    0.000000000000000
pname:hk_inst:0_ptype:pp_pstyle:m_x:410075.68_y:6428995.37_zone:1                      0.2825407913934740    1.000000000000000    0.000000000000000
pname:hk_inst:0_ptype:pp_pstyle:m_x:410575.68_y:6428995.37_zone:1                      0.2825407913934740    1.000000000000000    0.000000000000000
pname:hk_inst:0_ptype:pp_pstyle:m_x:411075.68_y:6428995.37_zone:1                      0.2825407913934740    1.000000000000000    0.000000000000000
pname:hk_inst:0_ptype:pp_pstyle:m_x:411575.68_y:6428995.37_zone:1                      0.2825407913934740    1.000000000000000    0.000000000000000
pname:hk_inst:0_ptype:pp_pstyle:m_x:412075.68_y:6428995.37_zone:1                      0.2825407913934740    1.000000000000000    0.000000000000000
pname:hk_inst:0_ptype:pp_pstyle:m_x:412575.68_y:6428995.37_zone:1                      0.2825407913934740    1.000000000000000    0.000000000000000
pname:hk_inst:0_ptype:pp_pstyle:m_x:413075.68_y:6428995.37_zone:1                      0.2825407913934740    1.000000000000000    0.000000000000000
pname:hk_inst:0_ptype:pp_pstyle:m_x:413575.68_y:6428995.37_zone:1                      0.2825407913934740    1.000000000000000    0.000000000000000
pname:hk_inst:0_ptype:pp_pstyle:m_x:406075.68_y:6428495.37_zone:1                      0.2825407913934740    1.000000000000000    0.000000000000000
pname:hk_inst:0_ptype:pp_pstyle:m_x:406575.68_y:6428495.37_zone:1                      0.2825407913934740    1.000000000000000    0.000000000000000
pname:hk_inst:0_ptype:pp_pstyle:m_x:407075.68_y:6428495.37_zone:1                      0.2825407913934740    1.000000000000000    0.000000000000000
pname:hk_inst:0_ptype:pp_pstyle:m_x:407575.68_y:6428495.37_zone:1                      0.2825407913934740    1.000000000000000    0.000000000000000
pname:hk_inst:0_ptype:pp_pstyle:m_x:409575.68_y:6428495.37_zone:1                      0.2825407913934740    1.000000000000000    0.000000000000000
pname:hk_inst:0_ptype:pp_pstyle:m_x:410075.68_y:6428495.37_zone:1                      0.2825407913934740    1.000000000000000    0.000000000000000
pname:hk_inst:0_ptype:pp_pstyle:m_x:410575.68_y:6428495.37_zone:1                      0.2825407913934740    1.000000000000000    0.000000000000000
pname:hk_inst:0_ptype:pp_pstyle:m_x:411075.68_y:6428495.37_zone:1                      0.2825407913934740    1.000000000000000    0.000000000000000
pname:hk_inst:0_ptype:pp_pstyle:m_x:411575.68_y:6428495.37_zone:1                      0.2825407913934740    1.000000000000000    0.000000000000000
pname:hk_inst:0_ptype:pp_pstyle:m_x:412075.68_y:6428495.37_zone:1                      0.2825407913934740    1.000000000000000    0.000000000000000
pname:hk_inst:0_ptype:pp_pstyle:m_x:412575.68_y:6428495.37_zone:1                      0.2825407913934740    1.000000000000000    0.000000000000000
pname:hk_inst:0_ptype:pp_pstyle:m_x:413075.68_y:6428495.37_zone:1                      0.2825407913934740    1.000000000000000    0.000000000000000
pname:hk_inst:0_ptype:pp_pstyle:m_x:406075.68_y:6427995.37_zone:1                      0.2825407913934740    1.000000000000000    0.000000000000000
pname:hk_inst:0_ptype:pp_pstyle:m_x:406575.68_y:6427995.37_zone:1                      0.2825407913934740    1.000000000000000    0.000000000000000
pname:hk_inst:0_ptype:pp_pstyle:m_x:407075.68_y:6427995.37_zone:1                      0.2825407913934740    1.000000000000000    0.000000000000000
pname:hk_inst:0_ptype:pp_pstyle:m_x:407575.68_y:6427995.37_zone:1                      0.2825407913934740    1.000000000000000    0.000000000000000
pname:hk_inst:0_ptype:pp_pstyle:m_x:409575.68_y:6427995.37_zone:1                      0.2825407913934740    1.000000000000000    0.000000000000000
pname:hk_inst:0_ptype:pp_pstyle:m_x:410075.68_y:6427995.37_zone:1                      0.2825407913934740    1.000000000000000    0.000000000000000
pname:hk_inst:0_ptype:pp_pstyle:m_x:410575.68_y:6427995.37_zone:1                      0.2825407913934740    1.000000000000000    0.000000000000000
pname:hk_inst:0_ptype:pp_pstyle:m_x:411075.68_y:6427995.37_zone:1                      0.2825407913934740    1.000000000000000    0.000000000000000
pname:hk_inst:0_ptype:pp_pstyle:m_x:411575.68_y:6427995.37_zone:1                      0.2825407913934740    1.000000000000000    0.000000000000000
pname:hk_inst:0_ptype:pp_pstyle:m_x:412075.68_y:6427995.37_zone:1                      0.2825407913934740    1.000000000000000    0.000000000000000
pname:hk_inst:0_ptype:pp_pstyle:m_x:412575.68_y:6427995.37_zone:1                      0.2825407913934740    1.000000000000000    0.000000000000000
pname:hk_inst:0_ptype:pp_pstyle:m_x:413075.68_y:6427995.37_zone:1                      0.2825407913934740    1.000000000000000    0.000000000000000
pname:hk_inst:0_ptype:pp_pstyle:m_x:406075.68_y:6427495.37_zone:1                      0.2825407913934740    1.000000000000000    0.000000000000000
pname:hk_inst:0_ptype:pp_pstyle:m_x:406575.68_y:6427495.37_zone:1                      0.2825407913934740    1.000000000000000    0.000000000000000
pname:hk_inst:0_ptype:pp_pstyle:m_x:407075.68_y:6427495.37_zone:1                      0.2825407913934740    1.000000000000000    0.000000000000000
pname:hk_inst:0_ptype:pp_pstyle:m_x:407575.68_y:6427495.37_zone:1                      0.2825407913934740    1.000000000000000    0.000000000000000
pname:hk_inst:0_ptype:pp_pstyle:m_x:408075.68_y:6427495.37_zone:1                      0.2825407913934740    1.000000000000000    0.000000000000000
pname:hk_inst:0_ptype:pp_pstyle:m_x:408575.68_y:6427495.37_zone:1                      0.2825407913934740    1.000000000000000    0.000000000000000
pname:hk_inst:0_ptype:pp_pstyle:m_x:409075.68_y:6427495.37_zone:1                      0.2825407913934740    1.000000000000000    0.000000000000000
pname:hk_inst:0_ptype:pp_pstyle:m_x:409575.68_y:6427495.37_zone:1                      0.2825407913934740    1.000000000000000    0.000000000000000
pname:hk_inst:0_ptype:pp_pstyle:m_x:410075.68_y:6427495.37_zone:1                      0.2825407913934740    1.000000000000000    0.000000000000000
pname:hk_inst:0_ptype:pp_pstyle:m_x:410575.68_y:6427495.37_zone:1                      0.2825407913934740    1.000000000000000    0.000000000000000
pname:hk_inst:0_ptype:pp_pstyle:m_x:411075.68_y:6427495.37_zone:1                      0.2825407913934740    1.000000000000000    0.000000000000000
pname:hk_inst:0_ptype:pp_pstyle:m_x:411575.68_y:6427495.37_zone:1                      0.2825407913934740    1.000000000000000    0.000000000000000
pname:hk_inst:0_ptype:pp_pstyle:m_x:412075.68_y:6427495.37_zone:1                      0.2825407913934740    1.000000000000000    0.000000000000000
pname:hk_inst:0_ptype:pp_pstyle:m_x:412575.68_y:6427495.37_zone:1                      0.2825407913934740    1.000000000000000    0.000000000000000
pname:hk_inst:0_ptype:pp_pstyle:m_x:413075.68_y:6427495.37_zone:1                      0.2825407913934740    1.000000000000000    0.000000000000000
pname:hk_inst:0_ptype:pp_pstyle:m_x:406075.68_y:6426995.37_zone:1                      0.2825407913934740    1.000000000000000    0.000000000000000
pname:hk_inst:0_ptype:pp_pstyle:m_x:406575.68_y:6426995.37_zone:1                      0.2825407913934740    1.000000000000000    0.000000000000000
pname:hk_inst:0_ptype:pp_pstyle:m_x:407075.68_y:6426995.37_zone:1                      0.2825407913934740    1.000000000000000    0.000000000000000
pname:hk_inst:0_ptype:pp_pstyle:m_x:407575.68_y:6426995.37_zone:1                      0.2825407913934740    1.000000000000000    0.000000000000000
pname:hk_inst:0_ptype:pp_pstyle:m_x:408075.68_y:6426995.37_zone:1                      0.2825407913934740    1.000000000000000    0.000000000000000
pname:hk_inst:0_ptype:pp_pstyle:m_x:408575.68_y:6426995.37_zone:1                      0.2825407913934740    1.000000000000000    0.000000000000000
pname:hk_inst:0_ptype:pp_pstyle:m_x:409075.68_y:6426995.37_zone:1                      0.2825407913934740    1.000000000000000    0.000000000000000
pname:hk_inst:0_ptype:pp_pstyle:m_x:409575.68_y:6426995.37_zone:1                      0.2825407913934740    1.000000000000000    0.000000000000000
pname:hk_inst:0_ptype:pp_pstyle:m_x:410075.68_y:6426995.37_zone:1                      0.2825407913934740    1.000000000000000    0.000000000000000
pname:hk_inst:0_ptype:pp_pstyle:m_x:410575.68_y:6426995.37_zone:1                      0.2825407913934740    1.000000000000000    0.000000000000000
pname:hk_inst:0_ptype:pp_pstyle:m_x:411075.68_y:6426995.37_zone:1                      0.2825407913934740    1.000000000000000    0.000000000000000
pname:hk_inst:0_ptype:pp_pstyle:m_x:411575.68_y:6426995.37_zone:1                      0.2825407913934740    1.000000000000000    0.000000000000000
pname:hk_inst:0_ptype:pp_pstyle:m_x:412075.68_y:6426995.37_zone:1                      0.2825407913934740    1.000000000000000    0.000000000000000
pname:hk_inst:0_ptype:pp_pstyle:m_x:412575.68_y:6426995.37_zone:1                      0.2825407913934740    1.000000000000000    0.000000000000000
pname:hk_inst:0_ptype:pp_pstyle:m_x:413075.68_y:6426995.37_zone:1                      0.2825407913934740    1.000000000000000    0.000000000000000
pname:hk_inst:0_ptype:pp_pstyle:m_x:406075.68_y:6426495.37_zone:1                      0.2825407913934740    1.000000000000000    0.000000000000000
pname:hk_inst:0_ptype:pp_pstyle:m_x:406575.68_y:6426495.37_zone:1                      0.2825407913934740    1.000000000000000    0.000000000000000
pname:hk_inst:0_ptype:pp_pstyle:m_x:407075.68_y:6426495.37_zone:1                      0.2825407913934740    1.000000000000000    0.000000000000000
pname:hk_inst:0_ptype:pp_pstyle:m_x:407575.68_y:6426495.37_zone:1                      0.2825407913934740    1.000000000000000    0.000000000000000
pname:hk_inst:0_ptype:pp_pstyle:m_x:408075.68_y:6426495.37_zone:1                      0.2825407913934740    1.000000000000000    0.000000000000000
pname:hk_inst:0_ptype:pp_pstyle:m_x:408575.68_y:6426495.37_zone:1                      0.2825407913934740    1.000000000000000    0.000000000000000
pname:hk_inst:0_ptype:pp_pstyle:m_x:409075.68_y:6426495.37_zone:1                      0.2825407913934740    1.000000000000000    0.000000000000000
pname:hk_inst:0_ptype:pp_pstyle:m_x:409575.68_y:6426495.37_zone:1                      0.2825407913934740    1.000000000000000    0.000000000000000
pname:hk_inst:0_ptype:pp_pstyle:m_x:410075.68_y:6426495.37_zone:1                      0.2825407913934740    1.000000000000000    0.000000000000000
pname:hk_inst:0_ptype:pp_pstyle:m_x:410575.68_y:6426495.37_zone:1                      0.2825407913934740    1.000000000000000    0.000000000000000
pname:hk_inst:0_ptype:pp_pstyle:m_x:411075.68_y:6426495.37_zone:1                      0.2825407913934740    1.000000000000000    0.000000000000000
pname:hk_inst:0_ptype:pp_pstyle:m_x:411575.68_y:6426495.37_zone:1                      0.2825407913934740    1.000000000000000    0.000000000000000
pname:hk_inst:0_ptype:pp_pstyle:m_x:412075.68_y:6426495.37_zone:1                      0.2825407913934740    1.000000000000000    0.000000000000000
pname:hk_inst:0_ptype:pp_pstyle:m_x:412575.68_y:6426495.37_zone:1                      0.2825407913934740    1.000000000000000    0.000000000000000
pname:hk_inst:0_ptype:pp_pstyle:m_x:406575.68_y:6425995.37_zone:1                      0.2825407913934740    1.000000000000000    0.000000000000000
pname:hk_inst:0_ptype:pp_pstyle:m_x:407075.68_y:6425995.37_zone:1                      0.2825407913934740    1.000000000000000    0.000000000000000
pname:hk_inst:0_ptype:pp_pstyle:m_x:407575.68_y:6425995.37_zone:1                      0.2825407913934740    1.000000000000000    0.000000000000000
pname:hk_inst:0_ptype:pp_pstyle:m_x:408075.68_y:6425995.37_zone:1                      0.2825407913934740    1.000000000000000    0.000000000000000
pname:hk_inst:0_ptype:pp_pstyle:m_x:408575.68_y:6425995.37_zone:1                      0.2825407913934740    1.000000000000000    0.000000000000000
pname:hk_inst:0_ptype:pp_pstyle:m_x:409075.68_y:6425995.37_zone:1                      0.2825407913934740    1.000000000000000    0.000000000000000
pname:hk_inst:0_ptype:pp_pstyle:m_x:409575.68_y:6425995.37_zone:1                      0.2825407913934740    1.000000000000000    0.000000000000000
pname:hk_inst:0_ptype:pp_pstyle:m_x:410075.68_y:6425995.37_zone:1                      0.2825407913934740    1.000000000000000    0.000000000000000
pname:hk_inst:0_ptype:pp_pstyle:m_x:410575.68_y:6425995.37_zone:1                      0.2825407913934740    1.000000000000000    0.000000000000000
pname:hk_inst:0_ptype:pp_pstyle:m_x:411075.68_y:6425995.37_zone:1                      0.2825407913934740    1.000000000000000    0.000000000000000
pname:hk_inst:0_ptype:pp_pstyle:m_x:411575.68_y:6425995.37_zone:1                      0.2825407913934740    1.000000000000000    0.000000000000000
pname:hk_inst:0_ptype:pp_pstyle:m_x:412075.68_y:6425995.37_zone:1                      0.2825407913934740    1.000000000000000    0.000000000000000
pname:hk_inst:0_ptype:pp_pstyle:m_x:406575.68_y:6425495.37_zone:1                      0.2825407913934740    1.000000000000000    0.000000000000000
pname:hk_inst:0_ptype:pp_pstyle:m_x:407075.68_y:6425495.37_zone:1                      0.2825407913934740    1.000000000000000    0.000000000000000
pname:hk_inst:0_ptype:pp_pstyle:m_x:407575.68_y:6425495.37_zone:1                      0.2825407913934740    1.000000000000000    0.000000000000000
pname:hk_inst:0_ptype:pp_pstyle:m_x:408075.68_y:6425495.37_zone:1                      0.2825407913934740    1.000000000000000    0.000000000000000
pname:hk_inst:0_ptype:pp_pstyle:m_x:408575.68_y:6425495.37_zone:1                      0.2825407913934740    1.000000000000000    0.000000000000000
pname:hk_inst:0_ptype:pp_pstyle:m_x:409075.68_y:6425495.37_zone:1                      0.2825407913934740    1.000000000000000    0.000000000000000
pname:hk_inst:0_ptype:pp_pstyle:m_x:409575.68_y:6425495.37_zone:1                      0.2825407913934740    1.000000000000000    0.000000000000000
pname:hk_inst:0_ptype:pp_pstyle:m_x:410075.68_y:6425495.37_zone:1                      0.2825407913934740    1.000000000000000    0.000000000000000
pname:hk_inst:0_ptype:pp_pstyle:m_x:410575.68_y:6425495.37_zone:1                      0.2825407913934740    1.000000000000000    0.000000000000000
pname:hk_inst:0_ptype:pp_pstyle:m_x:411075.68_y:6425495.37_zone:1                      0.2825407913934740    1.000000000000000    0.000000000000000
pname:hk_inst:0_ptype:pp_pstyle:m_x:411575.68_y:6425495.37_zone:1                      0.2825407913934740    1.000000000000000    0.000000000000000
pname:hk_inst:0_ptype:pp_pstyle:m_x:407575.68_y:6424995.37_zone:1                      0.2825407913934740    1.000000000000000    0.000000000000000
pname:hk_inst:0_ptype:pp_pstyle:m_x:408075.68_y:6424995.37_zone:1                      0.2825407913934740    1.000000000000000    0.000000000000000
pname:hk_inst:0_ptype:pp_pstyle:m_x:408575.68_y:6424995.37_zone:1                      0.2825407913934740    1.000000000000000    0.000000000000000
pname:hk_inst:0_ptype:pp_pstyle:m_x:409075.68_y:6424995.37_zone:1                      0.2825407913934740    1.000000000000000    0.000000000000000
pname:hk_inst:0_ptype:pp_pstyle:m_x:409575.68_y:6424995.37_zone:1                      0.2825407913934740    1.000000000000000    0.000000000000000
pname:hk_inst:0_ptype:pp_pstyle:m_x:410075.68_y:6424995.37_zone:1                      0.2825407913934740    1.000000000000000    0.000000000000000
pname:hk_inst:0_ptype:pp_pstyle:m_x:410575.68_y:6424995.37_zone:1                      0.2825407913934740    1.000000000000000    0.000000000000000
pname:hk_inst:0_ptype:pp_pstyle:m_x:408075.68_y:6424495.37_zone:1                      0.2825407913934740    1.000000000000000    0.000000000000000
pname:hk_inst:0_ptype:pp_pstyle:m_x:408575.68_y:6424495.37_zone:1                      0.2825407913934740    1.000000000000000    0.000000000000000
pname:hk_inst:0_ptype:pp_pstyle:m_x:409075.68_y:6424495.37_zone:1                      0.2825407913934740    1.000000000000000    0.000000000000000
pname:hk_inst:0_ptype:pp_pstyle:m_x:409575.68_y:6424495.37_zone:1                      0.2825407913934740    1.000000000000000    0.000000000000000
pname:hk_inst:0_ptype:pp_pstyle:m_x:410075.68_y:6424495.37_zone:1                      0.2825407913934740    1.000000000000000    0.000000000000000
pname:hk_inst:0_ptype:pp_pstyle:m_x:408575.68_y:6423995.37_zone:1                      0.2825407913934740    1.000000000000000    0.000000000000000
pname:hk_inst:0_ptype:pp_pstyle:m_x:409075.68_y:6423995.37_zone:1                      0.2825407913934740    1.000000000000000    0.000000000000000
pname:hk_inst:0_ptype:pp_pstyle:m_x:409575.68_y:6423995.37_zone:1                      0.2825407913934740    1.000000000000000    0.000000000000000
pname:hk_inst:0_ptype:pp_pstyle:m_x:408575.68_y:6423495.37_zone:1                      0.2825407913934740    1.000000000000000    0.000000000000000
pname:hk_inst:0_ptype:pp_pstyle:m_x:407836.72_y:6429301.04_zone:1                      2.273840654716099    1.000000000000000    0.000000000000000
pname:hk_inst:0_ptype:pp_pstyle:m_x:407986.72_y:6429301.04_zone:1                      3.223658847453286    1.000000000000000    0.000000000000000
pname:hk_inst:0_ptype:pp_pstyle:m_x:408136.72_y:6429301.04_zone:1                      3.802998278729737    1.000000000000000    0.000000000000000
pname:hk_inst:0_ptype:pp_pstyle:m_x:408286.72_y:6429301.04_zone:1                      5.976216882718095    1.000000000000000    0.000000000000000
pname:hk_inst:0_ptype:pp_pstyle:m_x:408436.72_y:6429301.04_zone:1                      8.163047998597671    1.000000000000000    0.000000000000000
pname:hk_inst:0_ptype:pp_pstyle:m_x:408586.72_y:6429301.04_zone:1                      2.277830985746261    1.000000000000000    0.000000000000000
pname:hk_inst:0_ptype:pp_pstyle:m_x:408736.72_y:6429301.04_zone:1                      5.148727468753362    1.000000000000000    0.000000000000000
pname:hk_inst:0_ptype:pp_pstyle:m_x:408886.72_y:6429301.04_zone:1                      4.029096475671820    1.000000000000000    0.000000000000000
pname:hk_inst:0_ptype:pp_pstyle:m_x:409036.72_y:6429301.04_zone:1                      1.981955500603364    1.000000000000000    0.000000000000000
pname:hk_inst:0_ptype:pp_pstyle:m_x:409186.72_y:6429301.04_zone:1                      3.918694396875054    1.000000000000000    0.000000000000000
pname:hk_inst:0_ptype:pp_pstyle:m_x:409336.72_y:6429301.04_zone:1                      6.961583234469996    1.000000000000000    0.000000000000000
pname:hk_inst:0_ptype:pp_pstyle:m_x:407836.72_y:6429151.04_zone:1                      0.6479887180020605    1.000000000000000    0.000000000000000
pname:hk_inst:0_ptype:pp_pstyle:m_x:407986.72_y:6429151.04_zone:1                      0.9089023868559407    1.000000000000000    0.000000000000000
pname:hk_inst:0_ptype:pp_pstyle:m_x:408136.72_y:6429151.04_zone:1                      0.8405947674072811    1.000000000000000    0.000000000000000
pname:hk_inst:0_ptype:pp_pstyle:m_x:408286.72_y:6429151.04_zone:1                      1.247015151395287    1.000000000000000    0.000000000000000
pname:hk_inst:0_ptype:pp_pstyle:m_x:408436.72_y:6429151.04_zone:1                      5.092473877920466    1.000000000000000    0.000000000000000
pname:hk_inst:0_ptype:pp_pstyle:m_x:408586.72_y:6429151.04_zone:1                      2.047710115088091    1.000000000000000    0.000000000000000
pname:hk_inst:0_ptype:pp_pstyle:m_x:408736.72_y:6429151.04_zone:1                      2.057192424882090    1.000000000000000    0.000000000000000
pname:hk_inst:0_ptype:pp_pstyle:m_x:408886.72_y:6429151.04_zone:1                      2.381302069590202    1.000000000000000    0.000000000000000
pname:hk_inst:0_ptype:pp_pstyle:m_x:409036.72_y:6429151.04_zone:1                      3.067950120835760    1.000000000000000    0.000000000000000
pname:hk_inst:0_ptype:pp_pstyle:m_x:409186.72_y:6429151.04_zone:1                      3.153056826417500    1.000000000000000    0.000000000000000
pname:hk_inst:0_ptype:pp_pstyle:m_x:409336.72_y:6429151.04_zone:1                      2.307528588468526    1.000000000000000    0.000000000000000
pname:hk_inst:0_ptype:pp_pstyle:m_x:407836.72_y:6429001.04_zone:1                      0.1932864177399415    1.000000000000000    0.000000000000000
pname:hk_inst:0_ptype:pp_pstyle:m_x:407986.72_y:6429001.04_zone:1                      0.4033038188615540    1.000000000000000    0.000000000000000
pname:hk_inst:0_ptype:pp_pstyle:m_x:408136.72_y:6429001.04_zone:1                      1.058071809672996    1.000000000000000    0.000000000000000
pname:hk_inst:0_ptype:pp_pstyle:m_x:408286.72_y:6429001.04_zone:1                      7.536515180013478    1.000000000000000    0.000000000000000
pname:hk_inst:0_ptype:pp_pstyle:m_x:408436.72_y:6429001.04_zone:1                      9.954007878550550    1.000000000000000    0.000000000000000
pname:hk_inst:0_ptype:pp_pstyle:m_x:408586.72_y:6429001.04_zone:1                      16.82951008317850    1.000000000000000    0.000000000000000
pname:hk_inst:0_ptype:pp_pstyle:m_x:408736.72_y:6429001.04_zone:1                      34.29208971259701    1.000000000000000    0.000000000000000
pname:hk_inst:0_ptype:pp_pstyle:m_x:408886.72_y:6429001.04_zone:1                      14.52833200059517    1.000000000000000    0.000000000000000
pname:hk_inst:0_ptype:pp_pstyle:m_x:409036.72_y:6429001.04_zone:1                      10.66185703449691    1.000000000000000    0.000000000000000
pname:hk_inst:0_ptype:pp_pstyle:m_x:409186.72_y:6429001.04_zone:1                      3.762160729655077    1.000000000000000    0.000000000000000
pname:hk_inst:0_ptype:pp_pstyle:m_x:409336.72_y:6429001.04_zone:1                      1.556620017879820    1.000000000000000    0.000000000000000
pname:hk_inst:0_ptype:pp_pstyle:m_x:407836.72_y:6428851.04_zone:1                      0.1520316385278856    1.000000000000000    0.000000000000000
pname:hk_inst:0_ptype:pp_pstyle:m_x:407986.72_y:6428851.04_zone:1                      0.5831082288512704    1.000000000000000    0.000000000000000
pname:hk_inst:0_ptype:pp_pstyle:m_x:408136.72_y:6428851.04_zone:1                      12.95945736064017    1.000000000000000    0.000000000000000
pname:hk_inst:0_ptype:pp_pstyle:m_x:408286.72_y:6428851.04_zone:1                      237.1454227873128    1.000000000000000    0.000000000000000
pname:hk_inst:0_ptype:pp_pstyle:m_x:408436.72_y:6428851.04_zone:1                      226.8936597068050    1.000000000000000    0.000000000000000
pname:hk_inst:0_ptype:pp_pstyle:m_x:408586.72_y:6428851.04_zone:1                      543.7958985303844    1.000000000000000    0.000000000000000
pname:hk_inst:0_ptype:pp_pstyle:m_x:408736.72_y:6428851.04_zone:1                      57.83307120327400    1.000000000000000    0.000000000000000
pname:hk_inst:0_ptype:pp_pstyle:m_x:408886.72_y:6428851.04_zone:1                      810.6736184511776    1.000000000000000    0.000000000000000
pname:hk_inst:0_ptype:pp_pstyle:m_x:409036.72_y:6428851.04_zone:1                      313.7405468447485    1.000000000000000    0.000000000000000
pname:hk_inst:0_ptype:pp_pstyle:m_x:409186.72_y:6428851.04_zone:1                      3.285556301031034    1.000000000000000    0.000000000000000
pname:hk_inst:0_ptype:pp_pstyle:m_x:409336.72_y:6428851.04_zone:1                      0.2735168226581212    1.000000000000000    0.000000000000000
pname:hk_inst:0_ptype:pp_pstyle:m_x:407836.72_y:6428701.04_zone:1                      0.2480941021408982    1.000000000000000    0.000000000000000
pname:hk_inst:0_ptype:pp_pstyle:m_x:407986.72_y:6428701.04_zone:1                      6.341036641198467    1.000000000000000    0.000000000000000
pname:hk_inst:0_ptype:pp_pstyle:m_x:408136.72_y:6428701.04_zone:1                      849.9212963952556    1.000000000000000    0.000000000000000
pname:hk_inst:0_ptype:pp_pstyle:m_x:408286.72_y:6428701.04_zone:1                      11.17911284827423    1.000000000000000    0.000000000000000
pname:hk_inst:0_ptype:pp_pstyle:m_x:408436.72_y:6428701.04_zone:1                      0.1096726169473364    1.000000000000000    0.000000000000000
pname:hk_inst:0_ptype:pp_pstyle:m_x:408586.72_y:6428701.04_zone:1                      2.134141831446861    1.000000000000000    0.000000000000000
pname:hk_inst:0_ptype:pp_pstyle:m_x:408736.72_y:6428701.04_zone:1                      5.370963932802274    1.000000000000000    0.000000000000000
pname:hk_inst:0_ptype:pp_pstyle:m_x:408886.72_y:6428701.04_zone:1                      171.6005632087803    1.000000000000000    0.000000000000000
pname:hk_inst:0_ptype:pp_pstyle:m_x:409036.72_y:6428701.04_zone:1                      398.8482856364487    1.000000000000000    0.000000000000000
pname:hk_inst:0_ptype:pp_pstyle:m_x:409186.72_y:6428701.04_zone:1                      0.2546447264311857    1.000000000000000    0.000000000000000
pname:hk_inst:0_ptype:pp_pstyle:m_x:409336.72_y:6428701.04_zone:1                      0.8398830145026950    1.000000000000000    0.000000000000000
pname:hk_inst:0_ptype:pp_pstyle:m_x:407836.72_y:6428551.04_zone:1                      0.2883225901863199    1.000000000000000    0.000000000000000
pname:hk_inst:0_ptype:pp_pstyle:m_x:407986.72_y:6428551.04_zone:1                      32.20276399578810    1.000000000000000    0.000000000000000
pname:hk_inst:0_ptype:pp_pstyle:m_x:408136.72_y:6428551.04_zone:1                      0.3087019531715558    1.000000000000000    0.000000000000000
pname:hk_inst:0_ptype:pp_pstyle:m_x:408286.72_y:6428551.04_zone:1                      0.2582917899666380    1.000000000000000    0.000000000000000
pname:hk_inst:0_ptype:pp_pstyle:m_x:408436.72_y:6428551.04_zone:1                      2.829982034784357    1.000000000000000    0.000000000000000
pname:hk_inst:0_ptype:pp_pstyle:m_x:408586.72_y:6428551.04_zone:1                      1.884208227111561    1.000000000000000    0.000000000000000
pname:hk_inst:0_ptype:pp_pstyle:m_x:408736.72_y:6428551.04_zone:1                      0.01303164047300115    1.000000000000000    0.000000000000000
pname:hk_inst:0_ptype:pp_pstyle:m_x:408886.72_y:6428551.04_zone:1                      0.01311280636826331    1.000000000000000    0.000000000000000
pname:hk_inst:0_ptype:pp_pstyle:m_x:409036.72_y:6428551.04_zone:1                      0.2006132748421727    1.000000000000000    0.000000000000000
pname:hk_inst:0_ptype:pp_pstyle:m_x:409186.72_y:6428551.04_zone:1                      1.919625815193668    1.000000000000000    0.000000000000000
pname:hk_inst:0_ptype:pp_pstyle:m_x:409336.72_y:6428551.04_zone:1                      1.078403890478714    1.000000000000000    0.000000000000000
pname:hk_inst:0_ptype:pp_pstyle:m_x:407836.72_y:6428401.04_zone:1                      0.8060462132608038    1.000000000000000    0.000000000000000
pname:hk_inst:0_ptype:pp_pstyle:m_x:407986.72_y:6428401.04_zone:1                      0.3396795229467017    1.000000000000000    0.000000000000000
pname:hk_inst:0_ptype:pp_pstyle:m_x:408136.72_y:6428401.04_zone:1                      0.1320325381199984    1.000000000000000    0.000000000000000
pname:hk_inst:0_ptype:pp_pstyle:m_x:408286.72_y:6428401.04_zone:1                      15.34569163516898    1.000000000000000    0.000000000000000
pname:hk_inst:0_ptype:pp_pstyle:m_x:408436.72_y:6428401.04_zone:1                      15.57138333609313    1.000000000000000    0.000000000000000
pname:hk_inst:0_ptype:pp_pstyle:m_x:408586.72_y:6428401.04_zone:1                      1797.854470675758    1.000000000000000    0.000000000000000
pname:hk_inst:0_ptype:pp_pstyle:m_x:408736.72_y:6428401.04_zone:1                      0.2797323835445201    1.000000000000000    0.000000000000000
pname:hk_inst:0_ptype:pp_pstyle:m_x:408886.72_y:6428401.04_zone:1                      0.2465609495530469    1.000000000000000    0.000000000000000
pname:hk_inst:0_ptype:pp_pstyle:m_x:409036.72_y:6428401.04_zone:1                      0.02292255131629974    1.000000000000000    0.000000000000000
pname:hk_inst:0_ptype:pp_pstyle:m_x:409186.72_y:6428401.04_zone:1                      0.02726567332170217    1.000000000000000    0.000000000000000
pname:hk_inst:0_ptype:pp_pstyle:m_x:409336.72_y:6428401.04_zone:1                      2.785737803265564    1.000000000000000    0.000000000000000
pname:hk_inst:0_ptype:pp_pstyle:m_x:407836.72_y:6428251.04_zone:1                      0.7494443960132512    1.000000000000000    0.000000000000000
pname:hk_inst:0_ptype:pp_pstyle:m_x:407986.72_y:6428251.04_zone:1                      0.2049764664298358    1.000000000000000    0.000000000000000
pname:hk_inst:0_ptype:pp_pstyle:m_x:408136.72_y:6428251.04_zone:1                      0.1226150239647955    1.000000000000000    0.000000000000000
pname:hk_inst:0_ptype:pp_pstyle:m_x:408286.72_y:6428251.04_zone:1                      1.238803475196063    1.000000000000000    0.000000000000000
pname:hk_inst:0_ptype:pp_pstyle:m_x:408436.72_y:6428251.04_zone:1                      3.085723317397897    1.000000000000000    0.000000000000000
pname:hk_inst:0_ptype:pp_pstyle:m_x:408586.72_y:6428251.04_zone:1                      73.80670319372125    1.000000000000000    0.000000000000000
pname:hk_inst:0_ptype:pp_pstyle:m_x:408736.72_y:6428251.04_zone:1                      294.6718886351891    1.000000000000000    0.000000000000000
pname:hk_inst:0_ptype:pp_pstyle:m_x:408886.72_y:6428251.04_zone:1                      0.09805386452298427    1.000000000000000    0.000000000000000
pname:hk_inst:0_ptype:pp_pstyle:m_x:409036.72_y:6428251.04_zone:1                      0.1509399869563097    1.000000000000000    0.000000000000000
pname:hk_inst:0_ptype:pp_pstyle:m_x:409186.72_y:6428251.04_zone:1                      0.2153652583364833    1.000000000000000    0.000000000000000
pname:hk_inst:0_ptype:pp_pstyle:m_x:409336.72_y:6428251.04_zone:1                      3.504122240091411    1.000000000000000    0.000000000000000
pname:hk_inst:0_ptype:pp_pstyle:m_x:407836.72_y:6428101.04_zone:1                      0.4757036984944765    1.000000000000000    0.000000000000000
pname:hk_inst:0_ptype:pp_pstyle:m_x:407986.72_y:6428101.04_zone:1                      0.8944449555504718    1.000000000000000    0.000000000000000
pname:hk_inst:0_ptype:pp_pstyle:m_x:408136.72_y:6428101.04_zone:1                      0.05370694221317443    1.000000000000000    0.000000000000000
pname:hk_inst:0_ptype:pp_pstyle:m_x:408286.72_y:6428101.04_zone:1                      0.1247747439805086    1.000000000000000    0.000000000000000
pname:hk_inst:0_ptype:pp_pstyle:m_x:408436.72_y:6428101.04_zone:1                      0.2609956508405468    1.000000000000000    0.000000000000000
pname:hk_inst:0_ptype:pp_pstyle:m_x:408586.72_y:6428101.04_zone:1                      2.853640974466067    1.000000000000000    0.000000000000000
pname:hk_inst:0_ptype:pp_pstyle:m_x:408736.72_y:6428101.04_zone:1                      50.96707971701479    1.000000000000000    0.000000000000000
pname:hk_inst:0_ptype:pp_pstyle:m_x:408886.72_y:6428101.04_zone:1                      2.188144965653403    1.000000000000000    0.000000000000000
pname:hk_inst:0_ptype:pp_pstyle:m_x:409036.72_y:6428101.04_zone:1                      1.905017026899474    1.000000000000000    0.000000000000000
pname:hk_inst:0_ptype:pp_pstyle:m_x:409186.72_y:6428101.04_zone:1                      1.570133711914759    1.000000000000000    0.000000000000000
pname:hk_inst:0_ptype:pp_pstyle:m_x:409336.72_y:6428101.04_zone:1                      3.516496705091840    1.000000000000000    0.000000000000000
pname:hk_inst:0_ptype:pp_pstyle:m_x:407836.72_y:6427951.04_zone:1                      1.133842904357723    1.000000000000000    0.000000000000000
pname:hk_inst:0_ptype:pp_pstyle:m_x:407986.72_y:6427951.04_zone:1                      1.201744719332739    1.000000000000000    0.000000000000000
pname:hk_inst:0_ptype:pp_pstyle:m_x:408136.72_y:6427951.04_zone:1                      0.6218823523109082    1.000000000000000    0.000000000000000
pname:hk_inst:0_ptype:pp_pstyle:m_x:408286.72_y:6427951.04_zone:1                      0.1541128633716677    1.000000000000000    0.000000000000000
pname:hk_inst:0_ptype:pp_pstyle:m_x:408436.72_y:6427951.04_zone:1                      0.06499490548805445    1.000000000000000    0.000000000000000
pname:hk_inst:0_ptype:pp_pstyle:m_x:408586.72_y:6427951.04_zone:1                      0.08574529079214065    1.000000000000000    0.000000000000000
pname:hk_inst:0_ptype:pp_pstyle:m_x:408736.72_y:6427951.04_zone:1                      0.07583121315297212    1.000000000000000    0.000000000000000
pname:hk_inst:0_ptype:pp_pstyle:m_x:408886.72_y:6427951.04_zone:1                      0.02871896710986023    1.000000000000000    0.000000000000000
pname:hk_inst:0_ptype:pp_pstyle:m_x:409036.72_y:6427951.04_zone:1                      0.06205684922071646    1.000000000000000    0.000000000000000
pname:hk_inst:0_ptype:pp_pstyle:m_x:409186.72_y:6427951.04_zone:1                      0.6474139315436082    1.000000000000000    0.000000000000000
pname:hk_inst:0_ptype:pp_pstyle:m_x:409336.72_y:6427951.04_zone:1                      0.7896296286476501    1.000000000000000    0.000000000000000
pname:hk_inst:0_ptype:pp_pstyle:m_x:407836.72_y:6427801.04_zone:1                      1.177422678658733    1.000000000000000    0.000000000000000
pname:hk_inst:0_ptype:pp_pstyle:m_x:407986.72_y:6427801.04_zone:1                      0.5743609476316726    1.000000000000000    0.000000000000000
pname:hk_inst:0_ptype:pp_pstyle:m_x:408136.72_y:6427801.04_zone:1                      0.3420293719581999    1.000000000000000    0.000000000000000
pname:hk_inst:0_ptype:pp_pstyle:m_x:408286.72_y:6427801.04_zone:1                      0.3486612015636761    1.000000000000000    0.000000000000000
pname:hk_inst:0_ptype:pp_pstyle:m_x:408436.72_y:6427801.04_zone:1                      0.09723607866181716    1.000000000000000    0.000000000000000
pname:hk_inst:0_ptype:pp_pstyle:m_x:408586.72_y:6427801.04_zone:1                      0.06962425812314749    1.000000000000000    0.000000000000000
pname:hk_inst:0_ptype:pp_pstyle:m_x:408736.72_y:6427801.04_zone:1                      0.1772633034791820    1.000000000000000    0.000000000000000
pname:hk_inst:0_ptype:pp_pstyle:m_x:408886.72_y:6427801.04_zone:1                      0.02107993729185621    1.000000000000000    0.000000000000000
pname:hk_inst:0_ptype:pp_pstyle:m_x:409036.72_y:6427801.04_zone:1                      0.1930573523781326    1.000000000000000    0.000000000000000
pname:hk_inst:0_ptype:pp_pstyle:m_x:409186.72_y:6427801.04_zone:1                      0.1335119916164652    1.000000000000000    0.000000000000000
pname:hk_inst:0_ptype:pp_pstyle:m_x:409336.72_y:6427801.04_zone:1                      0.1744221438245065    1.000000000000000    0.000000000000000
pname:hk_inst:0_ptype:pp_pstyle:m_x:407836.72_y:6427651.04_zone:1                      1.136401273259791    1.000000000000000    0.000000000000000
pname:hk_inst:0_ptype:pp_pstyle:m_x:407986.72_y:6427651.04_zone:1                      0.7663049992150869    1.000000000000000    0.000000000000000
pname:hk_inst:0_ptype:pp_pstyle:m_x:408136.72_y:6427651.04_zone:1                      1.031690878634220    1.000000000000000    0.000000000000000
pname:hk_inst:0_ptype:pp_pstyle:m_x:408286.72_y:6427651.04_zone:1                      0.8211742092232763    1.000000000000000    0.000000000000000
pname:hk_inst:0_ptype:pp_pstyle:m_x:408436.72_y:6427651.04_zone:1                      0.4286074241352182    1.000000000000000    0.000000000000000
pname:hk_inst:0_ptype:pp_pstyle:m_x:408586.72_y:6427651.04_zone:1                      0.5566409953810133    1.000000000000000    0.000000000000000
pname:hk_inst:0_ptype:pp_pstyle:m_x:408736.72_y:6427651.04_zone:1                      0.8598031179964407    1.000000000000000    0.000000000000000
pname:hk_inst:0_ptype:pp_pstyle:m_x:408886.72_y:6427651.04_zone:1                      0.2899158657014664    1.000000000000000    0.000000000000000
pname:hk_inst:0_ptype:pp_pstyle:m_x:409036.72_y:6427651.04_zone:1                      0.1069051345411508    1.000000000000000    0.000000000000000
pname:hk_inst:0_ptype:pp_pstyle:m_x:409186.72_y:6427651.04_zone:1                      0.1034883208744730    1.000000000000000    0.000000000000000
pname:hk_inst:0_ptype:pp_pstyle:m_x:409336.72_y:6427651.04_zone:1                      0.1931555322701422    1.000000000000000    0.000000000000000
pname:rc_inst:0_ptype:cn_pstyle:m                      0.7487103695205584    1.000000000000000    0.000000000000000
pname:d_inst:0_ptype:gr_usecol:3_pstyle:m_idx0:ghb_n                      0.9999999997937664    1.000000000000000    0.000000000000000
pname:d_inst:0_ptype:gr_usecol:3_pstyle:m_idx0:ghb_s                      1.000000000087388    1.000000000000000    0.000000000000000
pname:d_inst:0_ptype:gr_usecol:3_pstyle:m_idx0:ghb_w                      1.000000000035307    1.000000000000000    0.000000000000000
pname:cond_inst:0_ptype:gr_usecol:3_pstyle:m_idx0:bar                      1.378832411925146    1.000000000000000    0.000000000000000
pname:cond_inst:0_ptype:gr_usecol:3_pstyle:m_idx0:gal                      1.585664828305658    1.000000000000000    0.000000000000000
pname:riv_inst:0_ptype:gr_usecol:3_pstyle:m_idx0:haillan5                      1.002984546533114    1.000000000000000    0.000000000000000
pname:riv_inst:0_ptype:gr_usecol:3_pstyle:m_idx0:blanc_amont                      1.004957554057820    1.000000000000000    0.000000000000000
pname:riv_inst:0_ptype:gr_usecol:3_pstyle:m_idx0:bussaguet_amont                      1.002102499173565    1.000000000000000    0.000000000000000
pname:riv_inst:0_ptype:gr_usecol:3_pstyle:m_idx0:gajac                      0.9630727178017880    1.000000000000000    0.000000000000000
pname:riv_inst:0_ptype:gr_usecol:3_pstyle:m_idx0:haillan3                      0.8178675796180681    1.000000000000000    0.000000000000000
pname:riv_inst:0_ptype:gr_usecol:3_pstyle:m_idx0:jpt_ecl_amont                      1.002940726674985    1.000000000000000    0.000000000000000
pname:riv_inst:0_ptype:gr_usecol:3_pstyle:m_idx0:majolan                      0.9856633877906272    1.000000000000000    0.000000000000000
pname:riv_inst:0_ptype:gr_usecol:3_pstyle:m_idx0:moulinat_aval                      0.9915012105842393    1.000000000000000    0.000000000000000
pname:riv_inst:0_ptype:gr_usecol:3_pstyle:m_idx0:noir_amont                      1.003174672499663    1.000000000000000    0.000000000000000
pname:riv_inst:0_ptype:gr_usecol:3_pstyle:m_idx0:moulinat_amont                      0.9878151148497807    1.000000000000000    0.000000000000000
pname:riv_inst:0_ptype:gr_usecol:3_pstyle:m_idx0:haillan2                      1.135755818469790    1.000000000000000    0.000000000000000
pname:riv_inst:0_ptype:gr_usecol:3_pstyle:m_idx0:haillan4                      1.002063367965518    1.000000000000000    0.000000000000000
pname:riv_inst:0_ptype:gr_usecol:3_pstyle:m_idx0:noir_aval                      1.005515257723661    1.000000000000000    0.000000000000000
pname:riv_inst:0_ptype:gr_usecol:3_pstyle:m_idx0:jpt_seuil_aval                      0.9891466786509465    1.000000000000000    0.000000000000000
pname:riv_inst:0_ptype:gr_usecol:3_pstyle:m_idx0:haillan1                      0.2620148845388990    1.000000000000000    0.000000000000000
pname:riv_inst:0_ptype:gr_usecol:3_pstyle:m_idx0:jpt_ecl_aval                      1.008397174866839    1.000000000000000    0.000000000000000
pname:riv_inst:0_ptype:gr_usecol:3_pstyle:m_idx0:thil_amont                      0.06025020779357977    1.000000000000000    0.000000000000000
pname:riv_inst:0_ptype:gr_usecol:3_pstyle:m_idx0:bussaguet_aval                      1.000925461677400    1.000000000000000    0.000000000000000
pname:riv_inst:0_ptype:gr_usecol:3_pstyle:m_idx0:thil_aval                      0.1770909150393560    1.000000000000000    0.000000000000000
pname:cond_inst:1_ptype:gr_usecol:3_pstyle:m_idx0:bar                      1.829296517304227    1.000000000000000    0.000000000000000
pname:cond_inst:1_ptype:gr_usecol:3_pstyle:m_idx0:gal                      0.7425237065578093    1.000000000000000    0.000000000000000
pname:riv_inst:1_ptype:gr_usecol:3_pstyle:m_idx0:haillan5                      1.002984546533114    1.000000000000000    0.000000000000000
pname:riv_inst:1_ptype:gr_usecol:3_pstyle:m_idx0:blanc_amont                      1.004957554057820    1.000000000000000    0.000000000000000
pname:riv_inst:1_ptype:gr_usecol:3_pstyle:m_idx0:bussaguet_amont                      1.002102499173565    1.000000000000000    0.000000000000000
pname:riv_inst:1_ptype:gr_usecol:3_pstyle:m_idx0:gajac                      0.9630727178017880    1.000000000000000    0.000000000000000
pname:riv_inst:1_ptype:gr_usecol:3_pstyle:m_idx0:haillan3                      0.8178675796180681    1.000000000000000    0.000000000000000
pname:riv_inst:1_ptype:gr_usecol:3_pstyle:m_idx0:jpt_ecl_amont                      1.002940726674985    1.000000000000000    0.000000000000000
pname:riv_inst:1_ptype:gr_usecol:3_pstyle:m_idx0:majolan                      0.9856633877906272    1.000000000000000    0.000000000000000
pname:riv_inst:1_ptype:gr_usecol:3_pstyle:m_idx0:moulinat_aval                      0.9915012105842393    1.000000000000000    0.000000000000000
pname:riv_inst:1_ptype:gr_usecol:3_pstyle:m_idx0:noir_amont                      1.003174672499663    1.000000000000000    0.000000000000000
pname:riv_inst:1_ptype:gr_usecol:3_pstyle:m_idx0:moulinat_amont                      0.9878151148497807    1.000000000000000    0.000000000000000
pname:riv_inst:1_ptype:gr_usecol:3_pstyle:m_idx0:haillan2                      1.135755818469790    1.000000000000000    0.000000000000000
pname:riv_inst:1_ptype:gr_usecol:3_pstyle:m_idx0:haillan4                      1.002063367965518    1.000000000000000    0.000000000000000
pname:riv_inst:1_ptype:gr_usecol:3_pstyle:m_idx0:noir_aval                      1.005515257723661    1.000000000000000    0.000000000000000
pname:riv_inst:1_ptype:gr_usecol:3_pstyle:m_idx0:jpt_seuil_aval                      0.9891466786509465    1.000000000000000    0.000000000000000
pname:riv_inst:1_ptype:gr_usecol:3_pstyle:m_idx0:haillan1                      0.2620148845388990    1.000000000000000    0.000000000000000
pname:riv_inst:1_ptype:gr_usecol:3_pstyle:m_idx0:jpt_ecl_aval                      1.008397174866839    1.000000000000000    0.000000000000000
pname:riv_inst:1_ptype:gr_usecol:3_pstyle:m_idx0:thil_amont                      0.06025020779357977    1.000000000000000    0.000000000000000
pname:riv_inst:1_ptype:gr_usecol:3_pstyle:m_idx0:bussaguet_aval                      1.000925461677400    1.000000000000000    0.000000000000000
pname:riv_inst:1_ptype:gr_usecol:3_pstyle:m_idx0:thil_aval                      0.1770909150393560    1.000000000000000    0.000000000000000
pname:cond_inst:2_ptype:gr_usecol:3_pstyle:m_idx0:bar                      0.7266442382575591    1.000000000000000    0.000000000000000
pname:cond_inst:2_ptype:gr_usecol:3_pstyle:m_idx0:gal                      2.311876809992562    1.000000000000000    0.000000000000000
pname:riv_inst:2_ptype:gr_usecol:3_pstyle:m_idx0:haillan5                      1.002984546533114    1.000000000000000    0.000000000000000
pname:riv_inst:2_ptype:gr_usecol:3_pstyle:m_idx0:blanc_amont                      1.004957554057820    1.000000000000000    0.000000000000000
pname:riv_inst:2_ptype:gr_usecol:3_pstyle:m_idx0:bussaguet_amont                      1.002102499173565    1.000000000000000    0.000000000000000
pname:riv_inst:2_ptype:gr_usecol:3_pstyle:m_idx0:gajac                      0.9630727178017880    1.000000000000000    0.000000000000000
pname:riv_inst:2_ptype:gr_usecol:3_pstyle:m_idx0:haillan3                      0.8178675796180681    1.000000000000000    0.000000000000000
pname:riv_inst:2_ptype:gr_usecol:3_pstyle:m_idx0:jpt_ecl_amont                      1.002940726674985    1.000000000000000    0.000000000000000
pname:riv_inst:2_ptype:gr_usecol:3_pstyle:m_idx0:majolan                      0.9856633877906272    1.000000000000000    0.000000000000000
pname:riv_inst:2_ptype:gr_usecol:3_pstyle:m_idx0:moulinat_aval                      0.9915012105842393    1.000000000000000    0.000000000000000
pname:riv_inst:2_ptype:gr_usecol:3_pstyle:m_idx0:noir_amont                      1.003174672499663    1.000000000000000    0.000000000000000
pname:riv_inst:2_ptype:gr_usecol:3_pstyle:m_idx0:moulinat_amont                      0.9878151148497807    1.000000000000000    0.000000000000000
pname:riv_inst:2_ptype:gr_usecol:3_pstyle:m_idx0:haillan2                      1.135755818469790    1.000000000000000    0.000000000000000
pname:riv_inst:2_ptype:gr_usecol:3_pstyle:m_idx0:haillan4                      1.002063367965518    1.000000000000000    0.000000000000000
pname:riv_inst:2_ptype:gr_usecol:3_pstyle:m_idx0:noir_aval                      1.005515257723661    1.000000000000000    0.000000000000000
pname:riv_inst:2_ptype:gr_usecol:3_pstyle:m_idx0:jpt_seuil_aval                      0.9891466786509465    1.000000000000000    0.000000000000000
pname:riv_inst:2_ptype:gr_usecol:3_pstyle:m_idx0:haillan1                      0.2620148845388990    1.000000000000000    0.000000000000000
pname:riv_inst:2_ptype:gr_usecol:3_pstyle:m_idx0:jpt_ecl_aval                      1.008397174866839    1.000000000000000    0.000000000000000
pname:riv_inst:2_ptype:gr_usecol:3_pstyle:m_idx0:thil_amont                      0.06025020779357977    1.000000000000000    0.000000000000000
pname:riv_inst:2_ptype:gr_usecol:3_pstyle:m_idx0:bussaguet_aval                      1.000925461677400    1.000000000000000    0.000000000000000
pname:riv_inst:2_ptype:gr_usecol:3_pstyle:m_idx0:thil_aval                      0.1770909150393560    1.000000000000000    0.000000000000000
pname:cond_inst:3_ptype:gr_usecol:3_pstyle:m_idx0:bar                      0.4972796285587219    1.000000000000000    0.000000000000000
pname:cond_inst:3_ptype:gr_usecol:3_pstyle:m_idx0:gal                      1.122109270291928    1.000000000000000    0.000000000000000
pname:riv_inst:3_ptype:gr_usecol:3_pstyle:m_idx0:haillan5                      1.002984546533114    1.000000000000000    0.000000000000000
pname:riv_inst:3_ptype:gr_usecol:3_pstyle:m_idx0:blanc_amont                      1.004957554057820    1.000000000000000    0.000000000000000
pname:riv_inst:3_ptype:gr_usecol:3_pstyle:m_idx0:bussaguet_amont                      1.002102499173565    1.000000000000000    0.000000000000000
pname:riv_inst:3_ptype:gr_usecol:3_pstyle:m_idx0:gajac                      0.9630727178017880    1.000000000000000    0.000000000000000
pname:riv_inst:3_ptype:gr_usecol:3_pstyle:m_idx0:haillan3                      0.8178675796180681    1.000000000000000    0.000000000000000
pname:riv_inst:3_ptype:gr_usecol:3_pstyle:m_idx0:jpt_ecl_amont                      1.002940726674985    1.000000000000000    0.000000000000000
pname:riv_inst:3_ptype:gr_usecol:3_pstyle:m_idx0:majolan                      0.9856633877906272    1.000000000000000    0.000000000000000
pname:riv_inst:3_ptype:gr_usecol:3_pstyle:m_idx0:moulinat_aval                      0.9915012105842393    1.000000000000000    0.000000000000000
pname:riv_inst:3_ptype:gr_usecol:3_pstyle:m_idx0:noir_amont                      1.003174672499663    1.000000000000000    0.000000000000000
pname:riv_inst:3_ptype:gr_usecol:3_pstyle:m_idx0:moulinat_amont                      0.9878151148497807    1.000000000000000    0.000000000000000
pname:riv_inst:3_ptype:gr_usecol:3_pstyle:m_idx0:haillan2                      1.135755818469790    1.000000000000000    0.000000000000000
pname:riv_inst:3_ptype:gr_usecol:3_pstyle:m_idx0:haillan4                      1.002063367965518    1.000000000000000    0.000000000000000
pname:riv_inst:3_ptype:gr_usecol:3_pstyle:m_idx0:noir_aval                      1.005515257723661    1.000000000000000    0.000000000000000
pname:riv_inst:3_ptype:gr_usecol:3_pstyle:m_idx0:jpt_seuil_aval                      0.9891466786509465    1.000000000000000    0.000000000000000
pname:riv_inst:3_ptype:gr_usecol:3_pstyle:m_idx0:haillan1                      0.2620148845388990    1.000000000000000    0.000000000000000
pname:riv_inst:3_ptype:gr_usecol:3_pstyle:m_idx0:jpt_ecl_aval                      1.008397174866839    1.000000000000000    0.000000000000000
pname:riv_inst:3_ptype:gr_usecol:3_pstyle:m_idx0:thil_amont                      0.06025020779357977    1.000000000000000    0.000000000000000
pname:riv_inst:3_ptype:gr_usecol:3_pstyle:m_idx0:bussaguet_aval                      1.000925461677400    1.000000000000000    0.000000000000000
pname:riv_inst:3_ptype:gr_usecol:3_pstyle:m_idx0:thil_aval                      0.1770909150393560    1.000000000000000    0.000000000000000
pname:cond_inst:4_ptype:gr_usecol:3_pstyle:m_idx0:bar                      0.5066504526833692    1.000000000000000    0.000000000000000
pname:cond_inst:4_ptype:gr_usecol:3_pstyle:m_idx0:gal                      0.9928914708780369    1.000000000000000    0.000000000000000
pname:riv_inst:4_ptype:gr_usecol:3_pstyle:m_idx0:haillan5                      1.002984546533114    1.000000000000000    0.000000000000000
pname:riv_inst:4_ptype:gr_usecol:3_pstyle:m_idx0:blanc_amont                      1.004957554057820    1.000000000000000    0.000000000000000
pname:riv_inst:4_ptype:gr_usecol:3_pstyle:m_idx0:bussaguet_amont                      1.002102499173565    1.000000000000000    0.000000000000000
pname:riv_inst:4_ptype:gr_usecol:3_pstyle:m_idx0:gajac                      0.9630727178017880    1.000000000000000    0.000000000000000
pname:riv_inst:4_ptype:gr_usecol:3_pstyle:m_idx0:haillan3                      0.8178675796180681    1.000000000000000    0.000000000000000
pname:riv_inst:4_ptype:gr_usecol:3_pstyle:m_idx0:jpt_ecl_amont                      1.002940726674985    1.000000000000000    0.000000000000000
pname:riv_inst:4_ptype:gr_usecol:3_pstyle:m_idx0:majolan                      0.9856633877906272    1.000000000000000    0.000000000000000
pname:riv_inst:4_ptype:gr_usecol:3_pstyle:m_idx0:moulinat_aval                      0.9915012105842393    1.000000000000000    0.000000000000000
pname:riv_inst:4_ptype:gr_usecol:3_pstyle:m_idx0:noir_amont                      1.003174672499663    1.000000000000000    0.000000000000000
pname:riv_inst:4_ptype:gr_usecol:3_pstyle:m_idx0:moulinat_amont                      0.9878151148497807    1.000000000000000    0.000000000000000
pname:riv_inst:4_ptype:gr_usecol:3_pstyle:m_idx0:haillan2                      1.135755818469790    1.000000000000000    0.000000000000000
pname:riv_inst:4_ptype:gr_usecol:3_pstyle:m_idx0:haillan4                      1.002063367965518    1.000000000000000    0.000000000000000
pname:riv_inst:4_ptype:gr_usecol:3_pstyle:m_idx0:noir_aval                      1.005515257723661    1.000000000000000    0.000000000000000
pname:riv_inst:4_ptype:gr_usecol:3_pstyle:m_idx0:jpt_seuil_aval                      0.9891466786509465    1.000000000000000    0.000000000000000
pname:riv_inst:4_ptype:gr_usecol:3_pstyle:m_idx0:haillan1                      0.2620148845388990    1.000000000000000    0.000000000000000
pname:riv_inst:4_ptype:gr_usecol:3_pstyle:m_idx0:jpt_ecl_aval                      1.008397174866839    1.000000000000000    0.000000000000000
pname:riv_inst:4_ptype:gr_usecol:3_pstyle:m_idx0:thil_amont                      0.06025020779357977    1.000000000000000    0.000000000000000
pname:riv_inst:4_ptype:gr_usecol:3_pstyle:m_idx0:bussaguet_aval                      1.000925461677400    1.000000000000000    0.000000000000000
pname:riv_inst:4_ptype:gr_usecol:3_pstyle:m_idx0:thil_aval                      0.1770909150393560    1.000000000000000    0.000000000000000
pname:cond_inst:5_ptype:gr_usecol:3_pstyle:m_idx0:bar                      0.4784560475206699    1.000000000000000    0.000000000000000
pname:cond_inst:5_ptype:gr_usecol:3_pstyle:m_idx0:gal                      0.9799868180600427    1.000000000000000    0.000000000000000
pname:riv_inst:5_ptype:gr_usecol:3_pstyle:m_idx0:haillan5                      1.002984546533114    1.000000000000000    0.000000000000000
pname:riv_inst:5_ptype:gr_usecol:3_pstyle:m_idx0:blanc_amont                      1.004957554057820    1.000000000000000    0.000000000000000
pname:riv_inst:5_ptype:gr_usecol:3_pstyle:m_idx0:bussaguet_amont                      1.002102499173565    1.000000000000000    0.000000000000000
pname:riv_inst:5_ptype:gr_usecol:3_pstyle:m_idx0:gajac                      0.9630727178017880    1.000000000000000    0.000000000000000
pname:riv_inst:5_ptype:gr_usecol:3_pstyle:m_idx0:haillan3                      0.8178675796180681    1.000000000000000    0.000000000000000
pname:riv_inst:5_ptype:gr_usecol:3_pstyle:m_idx0:jpt_ecl_amont                      1.002940726674985    1.000000000000000    0.000000000000000
pname:riv_inst:5_ptype:gr_usecol:3_pstyle:m_idx0:majolan                      0.9856633877906272    1.000000000000000    0.000000000000000
pname:riv_inst:5_ptype:gr_usecol:3_pstyle:m_idx0:moulinat_aval                      0.9915012105842393    1.000000000000000    0.000000000000000
pname:riv_inst:5_ptype:gr_usecol:3_pstyle:m_idx0:noir_amont                      1.003174672499663    1.000000000000000    0.000000000000000
pname:riv_inst:5_ptype:gr_usecol:3_pstyle:m_idx0:moulinat_amont                      0.9878151148497807    1.000000000000000    0.000000000000000
pname:riv_inst:5_ptype:gr_usecol:3_pstyle:m_idx0:haillan2                      1.135755818469790    1.000000000000000    0.000000000000000
pname:riv_inst:5_ptype:gr_usecol:3_pstyle:m_idx0:haillan4                      1.002063367965518    1.000000000000000    0.000000000000000
pname:riv_inst:5_ptype:gr_usecol:3_pstyle:m_idx0:noir_aval                      1.005515257723661    1.000000000000000    0.000000000000000
pname:riv_inst:5_ptype:gr_usecol:3_pstyle:m_idx0:jpt_seuil_aval                      0.9891466786509465    1.000000000000000    0.000000000000000
pname:riv_inst:5_ptype:gr_usecol:3_pstyle:m_idx0:haillan1                      0.2620148845388990    1.000000000000000    0.000000000000000
pname:riv_inst:5_ptype:gr_usecol:3_pstyle:m_idx0:jpt_ecl_aval                      1.008397174866839    1.000000000000000    0.000000000000000
pname:riv_inst:5_ptype:gr_usecol:3_pstyle:m_idx0:thil_amont                      0.06025020779357977    1.000000000000000    0.000000000000000
pname:riv_inst:5_ptype:gr_usecol:3_pstyle:m_idx0:bussaguet_aval                      1.000925461677400    1.000000000000000    0.000000000000000
pname:riv_inst:5_ptype:gr_usecol:3_pstyle:m_idx0:thil_aval                      0.1770909150393560    1.000000000000000    0.000000000000000
pname:cond_inst:6_ptype:gr_usecol:3_pstyle:m_idx0:bar                      1.463531251198255    1.000000000000000    0.000000000000000
pname:cond_inst:6_ptype:gr_usecol:3_pstyle:m_idx0:gal                      1.035116226987804    1.000000000000000    0.000000000000000
pname:riv_inst:6_ptype:gr_usecol:3_pstyle:m_idx0:haillan5                      1.002984546533114    1.000000000000000    0.000000000000000
pname:riv_inst:6_ptype:gr_usecol:3_pstyle:m_idx0:blanc_amont                      1.004957554057820    1.000000000000000    0.000000000000000
pname:riv_inst:6_ptype:gr_usecol:3_pstyle:m_idx0:bussaguet_amont                      1.002102499173565    1.000000000000000    0.000000000000000
pname:riv_inst:6_ptype:gr_usecol:3_pstyle:m_idx0:gajac                      0.9630727178017880    1.000000000000000    0.000000000000000
pname:riv_inst:6_ptype:gr_usecol:3_pstyle:m_idx0:haillan3                      0.8178675796180681    1.000000000000000    0.000000000000000
pname:riv_inst:6_ptype:gr_usecol:3_pstyle:m_idx0:jpt_ecl_amont                      1.002940726674985    1.000000000000000    0.000000000000000
pname:riv_inst:6_ptype:gr_usecol:3_pstyle:m_idx0:majolan                      0.9856633877906272    1.000000000000000    0.000000000000000
pname:riv_inst:6_ptype:gr_usecol:3_pstyle:m_idx0:moulinat_aval                      0.9915012105842393    1.000000000000000    0.000000000000000
pname:riv_inst:6_ptype:gr_usecol:3_pstyle:m_idx0:noir_amont                      1.003174672499663    1.000000000000000    0.000000000000000
pname:riv_inst:6_ptype:gr_usecol:3_pstyle:m_idx0:moulinat_amont                      0.9878151148497807    1.000000000000000    0.000000000000000
pname:riv_inst:6_ptype:gr_usecol:3_pstyle:m_idx0:haillan2                      1.135755818469790    1.000000000000000    0.000000000000000
pname:riv_inst:6_ptype:gr_usecol:3_pstyle:m_idx0:haillan4                      1.002063367965518    1.000000000000000    0.000000000000000
pname:riv_inst:6_ptype:gr_usecol:3_pstyle:m_idx0:noir_aval                      1.005515257723661    1.000000000000000    0.000000000000000
pname:riv_inst:6_ptype:gr_usecol:3_pstyle:m_idx0:jpt_seuil_aval                      0.9891466786509465    1.000000000000000    0.000000000000000
pname:riv_inst:6_ptype:gr_usecol:3_pstyle:m_idx0:haillan1                      0.2620148845388990    1.000000000000000    0.000000000000000
pname:riv_inst:6_ptype:gr_usecol:3_pstyle:m_idx0:jpt_ecl_aval                      1.008397174866839    1.000000000000000    0.000000000000000
pname:riv_inst:6_ptype:gr_usecol:3_pstyle:m_idx0:thil_amont                      0.06025020779357977    1.000000000000000    0.000000000000000
pname:riv_inst:6_ptype:gr_usecol:3_pstyle:m_idx0:bussaguet_aval                      1.000925461677400    1.000000000000000    0.000000000000000
pname:riv_inst:6_ptype:gr_usecol:3_pstyle:m_idx0:thil_aval                      0.1770909150393560    1.000000000000000    0.000000000000000
pname:cond_inst:7_ptype:gr_usecol:3_pstyle:m_idx0:bar                      1.446122971528353    1.000000000000000    0.000000000000000
pname:cond_inst:7_ptype:gr_usecol:3_pstyle:m_idx0:gal                      0.6508772496168197    1.000000000000000    0.000000000000000
pname:riv_inst:7_ptype:gr_usecol:3_pstyle:m_idx0:haillan5                      1.002984546533114    1.000000000000000    0.000000000000000
pname:riv_inst:7_ptype:gr_usecol:3_pstyle:m_idx0:blanc_amont                      1.004957554057820    1.000000000000000    0.000000000000000
pname:riv_inst:7_ptype:gr_usecol:3_pstyle:m_idx0:bussaguet_amont                      1.002102499173565    1.000000000000000    0.000000000000000
pname:riv_inst:7_ptype:gr_usecol:3_pstyle:m_idx0:gajac                      0.9630727178017880    1.000000000000000    0.000000000000000
pname:riv_inst:7_ptype:gr_usecol:3_pstyle:m_idx0:haillan3                      0.8178675796180681    1.000000000000000    0.000000000000000
pname:riv_inst:7_ptype:gr_usecol:3_pstyle:m_idx0:jpt_ecl_amont                      1.002940726674985    1.000000000000000    0.000000000000000
pname:riv_inst:7_ptype:gr_usecol:3_pstyle:m_idx0:majolan                      0.9856633877906272    1.000000000000000    0.000000000000000
pname:riv_inst:7_ptype:gr_usecol:3_pstyle:m_idx0:moulinat_aval                      0.9915012105842393    1.000000000000000    0.000000000000000
pname:riv_inst:7_ptype:gr_usecol:3_pstyle:m_idx0:noir_amont                      1.003174672499663    1.000000000000000    0.000000000000000
pname:riv_inst:7_ptype:gr_usecol:3_pstyle:m_idx0:moulinat_amont                      0.9878151148497807    1.000000000000000    0.000000000000000
pname:riv_inst:7_ptype:gr_usecol:3_pstyle:m_idx0:haillan2                      1.135755818469790    1.000000000000000    0.000000000000000
pname:riv_inst:7_ptype:gr_usecol:3_pstyle:m_idx0:haillan4                      1.002063367965518    1.000000000000000    0.000000000000000
pname:riv_inst:7_ptype:gr_usecol:3_pstyle:m_idx0:noir_aval                      1.005515257723661    1.000000000000000    0.000000000000000
pname:riv_inst:7_ptype:gr_usecol:3_pstyle:m_idx0:jpt_seuil_aval                      0.9891466786509465    1.000000000000000    0.000000000000000
pname:riv_inst:7_ptype:gr_usecol:3_pstyle:m_idx0:haillan1                      0.2620148845388990    1.000000000000000    0.000000000000000
pname:riv_inst:7_ptype:gr_usecol:3_pstyle:m_idx0:jpt_ecl_aval                      1.008397174866839    1.000000000000000    0.000000000000000
pname:riv_inst:7_ptype:gr_usecol:3_pstyle:m_idx0:thil_amont                      0.06025020779357977    1.000000000000000    0.000000000000000
pname:riv_inst:7_ptype:gr_usecol:3_pstyle:m_idx0:bussaguet_aval                      1.000925461677400    1.000000000000000    0.000000000000000
pname:riv_inst:7_ptype:gr_usecol:3_pstyle:m_idx0:thil_aval                      0.1770909150393560    1.000000000000000    0.000000000000000
pname:cond_inst:8_ptype:gr_usecol:3_pstyle:m_idx0:bar                      1.479278882216732    1.000000000000000    0.000000000000000
pname:cond_inst:8_ptype:gr_usecol:3_pstyle:m_idx0:gal                      0.8589057432276441    1.000000000000000    0.000000000000000
pname:riv_inst:8_ptype:gr_usecol:3_pstyle:m_idx0:haillan5                      1.002984546533114    1.000000000000000    0.000000000000000
pname:riv_inst:8_ptype:gr_usecol:3_pstyle:m_idx0:blanc_amont                      1.004957554057820    1.000000000000000    0.000000000000000
pname:riv_inst:8_ptype:gr_usecol:3_pstyle:m_idx0:bussaguet_amont                      1.002102499173565    1.000000000000000    0.000000000000000
pname:riv_inst:8_ptype:gr_usecol:3_pstyle:m_idx0:gajac                      0.9630727178017880    1.000000000000000    0.000000000000000
pname:riv_inst:8_ptype:gr_usecol:3_pstyle:m_idx0:haillan3                      0.8178675796180681    1.000000000000000    0.000000000000000
pname:riv_inst:8_ptype:gr_usecol:3_pstyle:m_idx0:jpt_ecl_amont                      1.002940726674985    1.000000000000000    0.000000000000000
pname:riv_inst:8_ptype:gr_usecol:3_pstyle:m_idx0:majolan                      0.9856633877906272    1.000000000000000    0.000000000000000
pname:riv_inst:8_ptype:gr_usecol:3_pstyle:m_idx0:moulinat_aval                      0.9915012105842393    1.000000000000000    0.000000000000000
pname:riv_inst:8_ptype:gr_usecol:3_pstyle:m_idx0:noir_amont                      1.003174672499663    1.000000000000000    0.000000000000000
pname:riv_inst:8_ptype:gr_usecol:3_pstyle:m_idx0:moulinat_amont                      0.9878151148497807    1.000000000000000    0.000000000000000
pname:riv_inst:8_ptype:gr_usecol:3_pstyle:m_idx0:haillan2                      1.135755818469790    1.000000000000000    0.000000000000000
pname:riv_inst:8_ptype:gr_usecol:3_pstyle:m_idx0:haillan4                      1.002063367965518    1.000000000000000    0.000000000000000
pname:riv_inst:8_ptype:gr_usecol:3_pstyle:m_idx0:noir_aval                      1.005515257723661    1.000000000000000    0.000000000000000
pname:riv_inst:8_ptype:gr_usecol:3_pstyle:m_idx0:jpt_seuil_aval                      0.9891466786509465    1.000000000000000    0.000000000000000
pname:riv_inst:8_ptype:gr_usecol:3_pstyle:m_idx0:haillan1                      0.2620148845388990    1.000000000000000    0.000000000000000
pname:riv_inst:8_ptype:gr_usecol:3_pstyle:m_idx0:jpt_ecl_aval                      1.008397174866839    1.000000000000000    0.000000000000000
pname:riv_inst:8_ptype:gr_usecol:3_pstyle:m_idx0:thil_amont                      0.06025020779357977    1.000000000000000    0.000000000000000
pname:riv_inst:8_ptype:gr_usecol:3_pstyle:m_idx0:bussaguet_aval                      1.000925461677400    1.000000000000000    0.000000000000000
pname:riv_inst:8_ptype:gr_usecol:3_pstyle:m_idx0:thil_aval                      0.1770909150393560    1.000000000000000    0.000000000000000
pname:cond_inst:9_ptype:gr_usecol:3_pstyle:m_idx0:bar                      1.955827613198718    1.000000000000000    0.000000000000000
pname:cond_inst:9_ptype:gr_usecol:3_pstyle:m_idx0:gal                      0.4948675571054654    1.000000000000000    0.000000000000000
pname:riv_inst:9_ptype:gr_usecol:3_pstyle:m_idx0:haillan5                      1.002984546533114    1.000000000000000    0.000000000000000
pname:riv_inst:9_ptype:gr_usecol:3_pstyle:m_idx0:blanc_amont                      1.004957554057820    1.000000000000000    0.000000000000000
pname:riv_inst:9_ptype:gr_usecol:3_pstyle:m_idx0:bussaguet_amont                      1.002102499173565    1.000000000000000    0.000000000000000
pname:riv_inst:9_ptype:gr_usecol:3_pstyle:m_idx0:gajac                      0.9630727178017880    1.000000000000000    0.000000000000000
pname:riv_inst:9_ptype:gr_usecol:3_pstyle:m_idx0:haillan3                      0.8178675796180681    1.000000000000000    0.000000000000000
pname:riv_inst:9_ptype:gr_usecol:3_pstyle:m_idx0:jpt_ecl_amont                      1.002940726674985    1.000000000000000    0.000000000000000
pname:riv_inst:9_ptype:gr_usecol:3_pstyle:m_idx0:majolan                      0.9856633877906272    1.000000000000000    0.000000000000000
pname:riv_inst:9_ptype:gr_usecol:3_pstyle:m_idx0:moulinat_aval                      0.9915012105842393    1.000000000000000    0.000000000000000
pname:riv_inst:9_ptype:gr_usecol:3_pstyle:m_idx0:noir_amont                      1.003174672499663    1.000000000000000    0.000000000000000
pname:riv_inst:9_ptype:gr_usecol:3_pstyle:m_idx0:moulinat_amont                      0.9878151148497807    1.000000000000000    0.000000000000000
pname:riv_inst:9_ptype:gr_usecol:3_pstyle:m_idx0:haillan2                      1.135755818469790    1.000000000000000    0.000000000000000
pname:riv_inst:9_ptype:gr_usecol:3_pstyle:m_idx0:haillan4                      1.002063367965518    1.000000000000000    0.000000000000000
pname:riv_inst:9_ptype:gr_usecol:3_pstyle:m_idx0:noir_aval                      1.005515257723661    1.000000000000000    0.000000000000000
pname:riv_inst:9_ptype:gr_usecol:3_pstyle:m_idx0:jpt_seuil_aval                      0.9891466786509465    1.000000000000000    0.000000000000000
pname:riv_inst:9_ptype:gr_usecol:3_pstyle:m_idx0:haillan1                      0.2620148845388990    1.000000000000000    0.000000000000000
pname:riv_inst:9_ptype:gr_usecol:3_pstyle:m_idx0:jpt_ecl_aval                      1.008397174866839    1.000000000000000    0.000000000000000
pname:riv_inst:9_ptype:gr_usecol:3_pstyle:m_idx0:thil_amont                      0.06025020779357977    1.000000000000000    0.000000000000000
pname:riv_inst:9_ptype:gr_usecol:3_pstyle:m_idx0:bussaguet_aval                      1.000925461677400    1.000000000000000    0.000000000000000
pname:riv_inst:9_ptype:gr_usecol:3_pstyle:m_idx0:thil_aval                      0.1770909150393560    1.000000000000000    0.000000000000000
