single point
pname:hk_inst:0_ptype:pp_pstyle:m_x:409075.68_y:6432495.37_zone:1                      0.2861700842364545    1.000000000000000    0.000000000000000
pname:hk_inst:0_ptype:pp_pstyle:m_x:407575.68_y:6431995.37_zone:1                      0.2861700842364545    1.000000000000000    0.000000000000000
pname:hk_inst:0_ptype:pp_pstyle:m_x:408075.68_y:6431995.37_zone:1                      0.2861700842364545    1.000000000000000    0.000000000000000
pname:hk_inst:0_ptype:pp_pstyle:m_x:408575.68_y:6431995.37_zone:1                      0.2861700842364545    1.000000000000000    0.000000000000000
pname:hk_inst:0_ptype:pp_pstyle:m_x:409075.68_y:6431995.37_zone:1                      0.2861700842364545    1.000000000000000    0.000000000000000
pname:hk_inst:0_ptype:pp_pstyle:m_x:409575.68_y:6431995.37_zone:1                      0.2861700842364545    1.000000000000000    0.000000000000000
pname:hk_inst:0_ptype:pp_pstyle:m_x:410075.68_y:6431995.37_zone:1                      0.2861700842364545    1.000000000000000    0.000000000000000
pname:hk_inst:0_ptype:pp_pstyle:m_x:407075.68_y:6431495.37_zone:1                      0.2861700842364545    1.000000000000000    0.000000000000000
pname:hk_inst:0_ptype:pp_pstyle:m_x:407575.68_y:6431495.37_zone:1                      0.2861700842364545    1.000000000000000    0.000000000000000
pname:hk_inst:0_ptype:pp_pstyle:m_x:408075.68_y:6431495.37_zone:1                      0.2861700842364545    1.000000000000000    0.000000000000000
pname:hk_inst:0_ptype:pp_pstyle:m_x:408575.68_y:6431495.37_zone:1                      0.2861700842364545    1.000000000000000    0.000000000000000
pname:hk_inst:0_ptype:pp_pstyle:m_x:409075.68_y:6431495.37_zone:1                      0.2861700842364545    1.000000000000000    0.000000000000000
pname:hk_inst:0_ptype:pp_pstyle:m_x:409575.68_y:6431495.37_zone:1                      0.2861700842364545    1.000000000000000    0.000000000000000
pname:hk_inst:0_ptype:pp_pstyle:m_x:410075.68_y:6431495.37_zone:1                      0.2861700842364545    1.000000000000000    0.000000000000000
pname:hk_inst:0_ptype:pp_pstyle:m_x:410575.68_y:6431495.37_zone:1                      0.2861700842364545    1.000000000000000    0.000000000000000
pname:hk_inst:0_ptype:pp_pstyle:m_x:407075.68_y:6430995.37_zone:1                      0.2861700842364545    1.000000000000000    0.000000000000000
pname:hk_inst:0_ptype:pp_pstyle:m_x:407575.68_y:6430995.37_zone:1                      0.2861700842364545    1.000000000000000    0.000000000000000
pname:hk_inst:0_ptype:pp_pstyle:m_x:408075.68_y:6430995.37_zone:1                      0.2861700842364545    1.000000000000000    0.000000000000000
pname:hk_inst:0_ptype:pp_pstyle:m_x:408575.68_y:6430995.37_zone:1                      0.2861700842364545    1.000000000000000    0.000000000000000
pname:hk_inst:0_ptype:pp_pstyle:m_x:409075.68_y:6430995.37_zone:1                      0.2861700842364545    1.000000000000000    0.000000000000000
pname:hk_inst:0_ptype:pp_pstyle:m_x:409575.68_y:6430995.37_zone:1                      0.2861700842364545    1.000000000000000    0.000000000000000
pname:hk_inst:0_ptype:pp_pstyle:m_x:410075.68_y:6430995.37_zone:1                      0.2861700842364545    1.000000000000000    0.000000000000000
pname:hk_inst:0_ptype:pp_pstyle:m_x:410575.68_y:6430995.37_zone:1                      0.2861700842364545    1.000000000000000    0.000000000000000
pname:hk_inst:0_ptype:pp_pstyle:m_x:411075.68_y:6430995.37_zone:1                      0.2861700842364545    1.000000000000000    0.000000000000000
pname:hk_inst:0_ptype:pp_pstyle:m_x:407075.68_y:6430495.37_zone:1                      0.2861700842364545    1.000000000000000    0.000000000000000
pname:hk_inst:0_ptype:pp_pstyle:m_x:407575.68_y:6430495.37_zone:1                      0.2861700842364545    1.000000000000000    0.000000000000000
pname:hk_inst:0_ptype:pp_pstyle:m_x:408075.68_y:6430495.37_zone:1                      0.2861700842364545    1.000000000000000    0.000000000000000
pname:hk_inst:0_ptype:pp_pstyle:m_x:408575.68_y:6430495.37_zone:1                      0.2861700842364545    1.000000000000000    0.000000000000000
pname:hk_inst:0_ptype:pp_pstyle:m_x:409075.68_y:6430495.37_zone:1                      0.2861700842364545    1.000000000000000    0.000000000000000
pname:hk_inst:0_ptype:pp_pstyle:m_x:409575.68_y:6430495.37_zone:1                      0.2861700842364545    1.000000000000000    0.000000000000000
pname:hk_inst:0_ptype:pp_pstyle:m_x:410075.68_y:6430495.37_zone:1                      0.2861700842364545    1.000000000000000    0.000000000000000
pname:hk_inst:0_ptype:pp_pstyle:m_x:410575.68_y:6430495.37_zone:1                      0.2861700842364545    1.000000000000000    0.000000000000000
pname:hk_inst:0_ptype:pp_pstyle:m_x:411075.68_y:6430495.37_zone:1                      0.2861700842364545    1.000000000000000    0.000000000000000
pname:hk_inst:0_ptype:pp_pstyle:m_x:411575.68_y:6430495.37_zone:1                      0.2861700842364545    1.000000000000000    0.000000000000000
pname:hk_inst:0_ptype:pp_pstyle:m_x:406575.68_y:6429995.37_zone:1                      0.2861700842364545    1.000000000000000    0.000000000000000
pname:hk_inst:0_ptype:pp_pstyle:m_x:407075.68_y:6429995.37_zone:1                      0.2861700842364545    1.000000000000000    0.000000000000000
pname:hk_inst:0_ptype:pp_pstyle:m_x:407575.68_y:6429995.37_zone:1                      0.2861700842364545    1.000000000000000    0.000000000000000
pname:hk_inst:0_ptype:pp_pstyle:m_x:408075.68_y:6429995.37_zone:1                      0.2861700842364545    1.000000000000000    0.000000000000000
pname:hk_inst:0_ptype:pp_pstyle:m_x:408575.68_y:6429995.37_zone:1                      0.2861700842364545    1.000000000000000    0.000000000000000
pname:hk_inst:0_ptype:pp_pstyle:m_x:409075.68_y:6429995.37_zone:1                      0.2861700842364545    1.000000000000000    0.000000000000000
pname:hk_inst:0_ptype:pp_pstyle:m_x:409575.68_y:6429995.37_zone:1                      0.2861700842364545    1.000000000000000    0.000000000000000
pname:hk_inst:0_ptype:pp_pstyle:m_x:410075.68_y:6429995.37_zone:1                      0.2861700842364545    1.000000000000000    0.000000000000000
pname:hk_inst:0_ptype:pp_pstyle:m_x:410575.68_y:6429995.37_zone:1                      0.2861700842364545    1.000000000000000    0.000000000000000
pname:hk_inst:0_ptype:pp_pstyle:m_x:411075.68_y:6429995.37_zone:1                      0.2861700842364545    1.000000000000000    0.000000000000000
pname:hk_inst:0_ptype:pp_pstyle:m_x:411575.68_y:6429995.37_zone:1                      0.2861700842364545    1.000000000000000    0.000000000000000
pname:hk_inst:0_ptype:pp_pstyle:m_x:412075.68_y:6429995.37_zone:1                      0.2861700842364545    1.000000000000000    0.000000000000000
pname:hk_inst:0_ptype:pp_pstyle:m_x:412575.68_y:6429995.37_zone:1                      0.2861700842364545    1.000000000000000    0.000000000000000
pname:hk_inst:0_ptype:pp_pstyle:m_x:413075.68_y:6429995.37_zone:1                      0.2861700842364545    1.000000000000000    0.000000000000000
pname:hk_inst:0_ptype:pp_pstyle:m_x:406575.68_y:6429495.37_zone:1                      0.2861700842364545    1.000000000000000    0.000000000000000
pname:hk_inst:0_ptype:pp_pstyle:m_x:407075.68_y:6429495.37_zone:1                      0.2861700842364545    1.000000000000000    0.000000000000000
pname:hk_inst:0_ptype:pp_pstyle:m_x:407575.68_y:6429495.37_zone:1                      0.2861700842364545    1.000000000000000    0.000000000000000
pname:hk_inst:0_ptype:pp_pstyle:m_x:408075.68_y:6429495.37_zone:1                      0.2861700842364545    1.000000000000000    0.000000000000000
pname:hk_inst:0_ptype:pp_pstyle:m_x:408575.68_y:6429495.37_zone:1                      0.2861700842364545    1.000000000000000    0.000000000000000
pname:hk_inst:0_ptype:pp_pstyle:m_x:409075.68_y:6429495.37_zone:1                      0.2861700842364545    1.000000000000000    0.000000000000000
pname:hk_inst:0_ptype:pp_pstyle:m_x:409575.68_y:6429495.37_zone:1                      0.2861700842364545    1.000000000000000    0.000000000000000
pname:hk_inst:0_ptype:pp_pstyle:m_x:410075.68_y:6429495.37_zone:1                      0.2861700842364545    1.000000000000000    0.000000000000000
pname:hk_inst:0_ptype:pp_pstyle:m_x:410575.68_y:6429495.37_zone:1                      0.2861700842364545    1.000000000000000    0.000000000000000
pname:hk_inst:0_ptype:pp_pstyle:m_x:411075.68_y:6429495.37_zone:1                      0.2861700842364545    1.000000000000000    0.000000000000000
pname:hk_inst:0_ptype:pp_pstyle:m_x:411575.68_y:6429495.37_zone:1                      0.2861700842364545    1.000000000000000    0.000000000000000
pname:hk_inst:0_ptype:pp_pstyle:m_x:412075.68_y:6429495.37_zone:1                      0.2861700842364545    1.000000000000000    0.000000000000000
pname:hk_inst:0_ptype:pp_pstyle:m_x:412575.68_y:6429495.37_zone:1                      0.2861700842364545    1.000000000000000    0.000000000000000
pname:hk_inst:0_ptype:pp_pstyle:m_x:413075.68_y:6429495.37_zone:1                      0.2861700842364545    1.000000000000000    0.000000000000000
pname:hk_inst:0_ptype:pp_pstyle:m_x:413575.68_y:6429495.37_zone:1                      0.2861700842364545    1.000000000000000    0.000000000000000
pname:hk_inst:0_ptype:pp_pstyle:m_x:406075.68_y:6428995.37_zone:1                      0.2861700842364545    1.000000000000000    0.000000000000000
pname:hk_inst:0_ptype:pp_pstyle:m_x:406575.68_y:6428995.37_zone:1                      0.2861700842364545    1.000000000000000    0.000000000000000
pname:hk_inst:0_ptype:pp_pstyle:m_x:407075.68_y:6428995.37_zone:1                      0.2861700842364545    1.000000000000000    0.000000000000000
pname:hk_inst:0_ptype:pp_pstyle:m_x:407575.68_y:6428995.37_zone:1                      0.2861700842364545    1.000000000000000    0.000000000000000
pname:hk_inst:0_ptype:pp_pstyle:m_x:409575.68_y:6428995.37_zone:1                      0.2861700842364545    1.000000000000000    0.000000000000000
pname:hk_inst:0_ptype:pp_pstyle:m_x:410075.68_y:6428995.37_zone:1                      0.2861700842364545    1.000000000000000    0.000000000000000
pname:hk_inst:0_ptype:pp_pstyle:m_x:410575.68_y:6428995.37_zone:1                      0.2861700842364545    1.000000000000000    0.000000000000000
pname:hk_inst:0_ptype:pp_pstyle:m_x:411075.68_y:6428995.37_zone:1                      0.2861700842364545    1.000000000000000    0.000000000000000
pname:hk_inst:0_ptype:pp_pstyle:m_x:411575.68_y:6428995.37_zone:1                      0.2861700842364545    1.000000000000000    0.000000000000000
pname:hk_inst:0_ptype:pp_pstyle:m_x:412075.68_y:6428995.37_zone:1                      0.2861700842364545    1.000000000000000    0.000000000000000
pname:hk_inst:0_ptype:pp_pstyle:m_x:412575.68_y:6428995.37_zone:1                      0.2861700842364545    1.000000000000000    0.000000000000000
pname:hk_inst:0_ptype:pp_pstyle:m_x:413075.68_y:6428995.37_zone:1                      0.2861700842364545    1.000000000000000    0.000000000000000
pname:hk_inst:0_ptype:pp_pstyle:m_x:413575.68_y:6428995.37_zone:1                      0.2861700842364545    1.000000000000000    0.000000000000000
pname:hk_inst:0_ptype:pp_pstyle:m_x:406075.68_y:6428495.37_zone:1                      0.2861700842364545    1.000000000000000    0.000000000000000
pname:hk_inst:0_ptype:pp_pstyle:m_x:406575.68_y:6428495.37_zone:1                      0.2861700842364545    1.000000000000000    0.000000000000000
pname:hk_inst:0_ptype:pp_pstyle:m_x:407075.68_y:6428495.37_zone:1                      0.2861700842364545    1.000000000000000    0.000000000000000
pname:hk_inst:0_ptype:pp_pstyle:m_x:407575.68_y:6428495.37_zone:1                      0.2861700842364545    1.000000000000000    0.000000000000000
pname:hk_inst:0_ptype:pp_pstyle:m_x:409575.68_y:6428495.37_zone:1                      0.2861700842364545    1.000000000000000    0.000000000000000
pname:hk_inst:0_ptype:pp_pstyle:m_x:410075.68_y:6428495.37_zone:1                      0.2861700842364545    1.000000000000000    0.000000000000000
pname:hk_inst:0_ptype:pp_pstyle:m_x:410575.68_y:6428495.37_zone:1                      0.2861700842364545    1.000000000000000    0.000000000000000
pname:hk_inst:0_ptype:pp_pstyle:m_x:411075.68_y:6428495.37_zone:1                      0.2861700842364545    1.000000000000000    0.000000000000000
pname:hk_inst:0_ptype:pp_pstyle:m_x:411575.68_y:6428495.37_zone:1                      0.2861700842364545    1.000000000000000    0.000000000000000
pname:hk_inst:0_ptype:pp_pstyle:m_x:412075.68_y:6428495.37_zone:1                      0.2861700842364545    1.000000000000000    0.000000000000000
pname:hk_inst:0_ptype:pp_pstyle:m_x:412575.68_y:6428495.37_zone:1                      0.2861700842364545    1.000000000000000    0.000000000000000
pname:hk_inst:0_ptype:pp_pstyle:m_x:413075.68_y:6428495.37_zone:1                      0.2861700842364545    1.000000000000000    0.000000000000000
pname:hk_inst:0_ptype:pp_pstyle:m_x:406075.68_y:6427995.37_zone:1                      0.2861700842364545    1.000000000000000    0.000000000000000
pname:hk_inst:0_ptype:pp_pstyle:m_x:406575.68_y:6427995.37_zone:1                      0.2861700842364545    1.000000000000000    0.000000000000000
pname:hk_inst:0_ptype:pp_pstyle:m_x:407075.68_y:6427995.37_zone:1                      0.2861700842364545    1.000000000000000    0.000000000000000
pname:hk_inst:0_ptype:pp_pstyle:m_x:407575.68_y:6427995.37_zone:1                      0.2861700842364545    1.000000000000000    0.000000000000000
pname:hk_inst:0_ptype:pp_pstyle:m_x:409575.68_y:6427995.37_zone:1                      0.2861700842364545    1.000000000000000    0.000000000000000
pname:hk_inst:0_ptype:pp_pstyle:m_x:410075.68_y:6427995.37_zone:1                      0.2861700842364545    1.000000000000000    0.000000000000000
pname:hk_inst:0_ptype:pp_pstyle:m_x:410575.68_y:6427995.37_zone:1                      0.2861700842364545    1.000000000000000    0.000000000000000
pname:hk_inst:0_ptype:pp_pstyle:m_x:411075.68_y:6427995.37_zone:1                      0.2861700842364545    1.000000000000000    0.000000000000000
pname:hk_inst:0_ptype:pp_pstyle:m_x:411575.68_y:6427995.37_zone:1                      0.2861700842364545    1.000000000000000    0.000000000000000
pname:hk_inst:0_ptype:pp_pstyle:m_x:412075.68_y:6427995.37_zone:1                      0.2861700842364545    1.000000000000000    0.000000000000000
pname:hk_inst:0_ptype:pp_pstyle:m_x:412575.68_y:6427995.37_zone:1                      0.2861700842364545    1.000000000000000    0.000000000000000
pname:hk_inst:0_ptype:pp_pstyle:m_x:413075.68_y:6427995.37_zone:1                      0.2861700842364545    1.000000000000000    0.000000000000000
pname:hk_inst:0_ptype:pp_pstyle:m_x:406075.68_y:6427495.37_zone:1                      0.2861700842364545    1.000000000000000    0.000000000000000
pname:hk_inst:0_ptype:pp_pstyle:m_x:406575.68_y:6427495.37_zone:1                      0.2861700842364545    1.000000000000000    0.000000000000000
pname:hk_inst:0_ptype:pp_pstyle:m_x:407075.68_y:6427495.37_zone:1                      0.2861700842364545    1.000000000000000    0.000000000000000
pname:hk_inst:0_ptype:pp_pstyle:m_x:407575.68_y:6427495.37_zone:1                      0.2861700842364545    1.000000000000000    0.000000000000000
pname:hk_inst:0_ptype:pp_pstyle:m_x:408075.68_y:6427495.37_zone:1                      0.2861700842364545    1.000000000000000    0.000000000000000
pname:hk_inst:0_ptype:pp_pstyle:m_x:408575.68_y:6427495.37_zone:1                      0.2861700842364545    1.000000000000000    0.000000000000000
pname:hk_inst:0_ptype:pp_pstyle:m_x:409075.68_y:6427495.37_zone:1                      0.2861700842364545    1.000000000000000    0.000000000000000
pname:hk_inst:0_ptype:pp_pstyle:m_x:409575.68_y:6427495.37_zone:1                      0.2861700842364545    1.000000000000000    0.000000000000000
pname:hk_inst:0_ptype:pp_pstyle:m_x:410075.68_y:6427495.37_zone:1                      0.2861700842364545    1.000000000000000    0.000000000000000
pname:hk_inst:0_ptype:pp_pstyle:m_x:410575.68_y:6427495.37_zone:1                      0.2861700842364545    1.000000000000000    0.000000000000000
pname:hk_inst:0_ptype:pp_pstyle:m_x:411075.68_y:6427495.37_zone:1                      0.2861700842364545    1.000000000000000    0.000000000000000
pname:hk_inst:0_ptype:pp_pstyle:m_x:411575.68_y:6427495.37_zone:1                      0.2861700842364545    1.000000000000000    0.000000000000000
pname:hk_inst:0_ptype:pp_pstyle:m_x:412075.68_y:6427495.37_zone:1                      0.2861700842364545    1.000000000000000    0.000000000000000
pname:hk_inst:0_ptype:pp_pstyle:m_x:412575.68_y:6427495.37_zone:1                      0.2861700842364545    1.000000000000000    0.000000000000000
pname:hk_inst:0_ptype:pp_pstyle:m_x:413075.68_y:6427495.37_zone:1                      0.2861700842364545    1.000000000000000    0.000000000000000
pname:hk_inst:0_ptype:pp_pstyle:m_x:406075.68_y:6426995.37_zone:1                      0.2861700842364545    1.000000000000000    0.000000000000000
pname:hk_inst:0_ptype:pp_pstyle:m_x:406575.68_y:6426995.37_zone:1                      0.2861700842364545    1.000000000000000    0.000000000000000
pname:hk_inst:0_ptype:pp_pstyle:m_x:407075.68_y:6426995.37_zone:1                      0.2861700842364545    1.000000000000000    0.000000000000000
pname:hk_inst:0_ptype:pp_pstyle:m_x:407575.68_y:6426995.37_zone:1                      0.2861700842364545    1.000000000000000    0.000000000000000
pname:hk_inst:0_ptype:pp_pstyle:m_x:408075.68_y:6426995.37_zone:1                      0.2861700842364545    1.000000000000000    0.000000000000000
pname:hk_inst:0_ptype:pp_pstyle:m_x:408575.68_y:6426995.37_zone:1                      0.2861700842364545    1.000000000000000    0.000000000000000
pname:hk_inst:0_ptype:pp_pstyle:m_x:409075.68_y:6426995.37_zone:1                      0.2861700842364545    1.000000000000000    0.000000000000000
pname:hk_inst:0_ptype:pp_pstyle:m_x:409575.68_y:6426995.37_zone:1                      0.2861700842364545    1.000000000000000    0.000000000000000
pname:hk_inst:0_ptype:pp_pstyle:m_x:410075.68_y:6426995.37_zone:1                      0.2861700842364545    1.000000000000000    0.000000000000000
pname:hk_inst:0_ptype:pp_pstyle:m_x:410575.68_y:6426995.37_zone:1                      0.2861700842364545    1.000000000000000    0.000000000000000
pname:hk_inst:0_ptype:pp_pstyle:m_x:411075.68_y:6426995.37_zone:1                      0.2861700842364545    1.000000000000000    0.000000000000000
pname:hk_inst:0_ptype:pp_pstyle:m_x:411575.68_y:6426995.37_zone:1                      0.2861700842364545    1.000000000000000    0.000000000000000
pname:hk_inst:0_ptype:pp_pstyle:m_x:412075.68_y:6426995.37_zone:1                      0.2861700842364545    1.000000000000000    0.000000000000000
pname:hk_inst:0_ptype:pp_pstyle:m_x:412575.68_y:6426995.37_zone:1                      0.2861700842364545    1.000000000000000    0.000000000000000
pname:hk_inst:0_ptype:pp_pstyle:m_x:413075.68_y:6426995.37_zone:1                      0.2861700842364545    1.000000000000000    0.000000000000000
pname:hk_inst:0_ptype:pp_pstyle:m_x:406075.68_y:6426495.37_zone:1                      0.2861700842364545    1.000000000000000    0.000000000000000
pname:hk_inst:0_ptype:pp_pstyle:m_x:406575.68_y:6426495.37_zone:1                      0.2861700842364545    1.000000000000000    0.000000000000000
pname:hk_inst:0_ptype:pp_pstyle:m_x:407075.68_y:6426495.37_zone:1                      0.2861700842364545    1.000000000000000    0.000000000000000
pname:hk_inst:0_ptype:pp_pstyle:m_x:407575.68_y:6426495.37_zone:1                      0.2861700842364545    1.000000000000000    0.000000000000000
pname:hk_inst:0_ptype:pp_pstyle:m_x:408075.68_y:6426495.37_zone:1                      0.2861700842364545    1.000000000000000    0.000000000000000
pname:hk_inst:0_ptype:pp_pstyle:m_x:408575.68_y:6426495.37_zone:1                      0.2861700842364545    1.000000000000000    0.000000000000000
pname:hk_inst:0_ptype:pp_pstyle:m_x:409075.68_y:6426495.37_zone:1                      0.2861700842364545    1.000000000000000    0.000000000000000
pname:hk_inst:0_ptype:pp_pstyle:m_x:409575.68_y:6426495.37_zone:1                      0.2861700842364545    1.000000000000000    0.000000000000000
pname:hk_inst:0_ptype:pp_pstyle:m_x:410075.68_y:6426495.37_zone:1                      0.2861700842364545    1.000000000000000    0.000000000000000
pname:hk_inst:0_ptype:pp_pstyle:m_x:410575.68_y:6426495.37_zone:1                      0.2861700842364545    1.000000000000000    0.000000000000000
pname:hk_inst:0_ptype:pp_pstyle:m_x:411075.68_y:6426495.37_zone:1                      0.2861700842364545    1.000000000000000    0.000000000000000
pname:hk_inst:0_ptype:pp_pstyle:m_x:411575.68_y:6426495.37_zone:1                      0.2861700842364545    1.000000000000000    0.000000000000000
pname:hk_inst:0_ptype:pp_pstyle:m_x:412075.68_y:6426495.37_zone:1                      0.2861700842364545    1.000000000000000    0.000000000000000
pname:hk_inst:0_ptype:pp_pstyle:m_x:412575.68_y:6426495.37_zone:1                      0.2861700842364545    1.000000000000000    0.000000000000000
pname:hk_inst:0_ptype:pp_pstyle:m_x:406575.68_y:6425995.37_zone:1                      0.2861700842364545    1.000000000000000    0.000000000000000
pname:hk_inst:0_ptype:pp_pstyle:m_x:407075.68_y:6425995.37_zone:1                      0.2861700842364545    1.000000000000000    0.000000000000000
pname:hk_inst:0_ptype:pp_pstyle:m_x:407575.68_y:6425995.37_zone:1                      0.2861700842364545    1.000000000000000    0.000000000000000
pname:hk_inst:0_ptype:pp_pstyle:m_x:408075.68_y:6425995.37_zone:1                      0.2861700842364545    1.000000000000000    0.000000000000000
pname:hk_inst:0_ptype:pp_pstyle:m_x:408575.68_y:6425995.37_zone:1                      0.2861700842364545    1.000000000000000    0.000000000000000
pname:hk_inst:0_ptype:pp_pstyle:m_x:409075.68_y:6425995.37_zone:1                      0.2861700842364545    1.000000000000000    0.000000000000000
pname:hk_inst:0_ptype:pp_pstyle:m_x:409575.68_y:6425995.37_zone:1                      0.2861700842364545    1.000000000000000    0.000000000000000
pname:hk_inst:0_ptype:pp_pstyle:m_x:410075.68_y:6425995.37_zone:1                      0.2861700842364545    1.000000000000000    0.000000000000000
pname:hk_inst:0_ptype:pp_pstyle:m_x:410575.68_y:6425995.37_zone:1                      0.2861700842364545    1.000000000000000    0.000000000000000
pname:hk_inst:0_ptype:pp_pstyle:m_x:411075.68_y:6425995.37_zone:1                      0.2861700842364545    1.000000000000000    0.000000000000000
pname:hk_inst:0_ptype:pp_pstyle:m_x:411575.68_y:6425995.37_zone:1                      0.2861700842364545    1.000000000000000    0.000000000000000
pname:hk_inst:0_ptype:pp_pstyle:m_x:412075.68_y:6425995.37_zone:1                      0.2861700842364545    1.000000000000000    0.000000000000000
pname:hk_inst:0_ptype:pp_pstyle:m_x:406575.68_y:6425495.37_zone:1                      0.2861700842364545    1.000000000000000    0.000000000000000
pname:hk_inst:0_ptype:pp_pstyle:m_x:407075.68_y:6425495.37_zone:1                      0.2861700842364545    1.000000000000000    0.000000000000000
pname:hk_inst:0_ptype:pp_pstyle:m_x:407575.68_y:6425495.37_zone:1                      0.2861700842364545    1.000000000000000    0.000000000000000
pname:hk_inst:0_ptype:pp_pstyle:m_x:408075.68_y:6425495.37_zone:1                      0.2861700842364545    1.000000000000000    0.000000000000000
pname:hk_inst:0_ptype:pp_pstyle:m_x:408575.68_y:6425495.37_zone:1                      0.2861700842364545    1.000000000000000    0.000000000000000
pname:hk_inst:0_ptype:pp_pstyle:m_x:409075.68_y:6425495.37_zone:1                      0.2861700842364545    1.000000000000000    0.000000000000000
pname:hk_inst:0_ptype:pp_pstyle:m_x:409575.68_y:6425495.37_zone:1                      0.2861700842364545    1.000000000000000    0.000000000000000
pname:hk_inst:0_ptype:pp_pstyle:m_x:410075.68_y:6425495.37_zone:1                      0.2861700842364545    1.000000000000000    0.000000000000000
pname:hk_inst:0_ptype:pp_pstyle:m_x:410575.68_y:6425495.37_zone:1                      0.2861700842364545    1.000000000000000    0.000000000000000
pname:hk_inst:0_ptype:pp_pstyle:m_x:411075.68_y:6425495.37_zone:1                      0.2861700842364545    1.000000000000000    0.000000000000000
pname:hk_inst:0_ptype:pp_pstyle:m_x:411575.68_y:6425495.37_zone:1                      0.2861700842364545    1.000000000000000    0.000000000000000
pname:hk_inst:0_ptype:pp_pstyle:m_x:407575.68_y:6424995.37_zone:1                      0.2861700842364545    1.000000000000000    0.000000000000000
pname:hk_inst:0_ptype:pp_pstyle:m_x:408075.68_y:6424995.37_zone:1                      0.2861700842364545    1.000000000000000    0.000000000000000
pname:hk_inst:0_ptype:pp_pstyle:m_x:408575.68_y:6424995.37_zone:1                      0.2861700842364545    1.000000000000000    0.000000000000000
pname:hk_inst:0_ptype:pp_pstyle:m_x:409075.68_y:6424995.37_zone:1                      0.2861700842364545    1.000000000000000    0.000000000000000
pname:hk_inst:0_ptype:pp_pstyle:m_x:409575.68_y:6424995.37_zone:1                      0.2861700842364545    1.000000000000000    0.000000000000000
pname:hk_inst:0_ptype:pp_pstyle:m_x:410075.68_y:6424995.37_zone:1                      0.2861700842364545    1.000000000000000    0.000000000000000
pname:hk_inst:0_ptype:pp_pstyle:m_x:410575.68_y:6424995.37_zone:1                      0.2861700842364545    1.000000000000000    0.000000000000000
pname:hk_inst:0_ptype:pp_pstyle:m_x:408075.68_y:6424495.37_zone:1                      0.2861700842364545    1.000000000000000    0.000000000000000
pname:hk_inst:0_ptype:pp_pstyle:m_x:408575.68_y:6424495.37_zone:1                      0.2861700842364545    1.000000000000000    0.000000000000000
pname:hk_inst:0_ptype:pp_pstyle:m_x:409075.68_y:6424495.37_zone:1                      0.2861700842364545    1.000000000000000    0.000000000000000
pname:hk_inst:0_ptype:pp_pstyle:m_x:409575.68_y:6424495.37_zone:1                      0.2861700842364545    1.000000000000000    0.000000000000000
pname:hk_inst:0_ptype:pp_pstyle:m_x:410075.68_y:6424495.37_zone:1                      0.2861700842364545    1.000000000000000    0.000000000000000
pname:hk_inst:0_ptype:pp_pstyle:m_x:408575.68_y:6423995.37_zone:1                      0.2861700842364545    1.000000000000000    0.000000000000000
pname:hk_inst:0_ptype:pp_pstyle:m_x:409075.68_y:6423995.37_zone:1                      0.2861700842364545    1.000000000000000    0.000000000000000
pname:hk_inst:0_ptype:pp_pstyle:m_x:409575.68_y:6423995.37_zone:1                      0.2861700842364545    1.000000000000000    0.000000000000000
pname:hk_inst:0_ptype:pp_pstyle:m_x:408575.68_y:6423495.37_zone:1                      0.2861700842364545    1.000000000000000    0.000000000000000
pname:hk_inst:0_ptype:pp_pstyle:m_x:407836.72_y:6429301.04_zone:1                      0.6847571960938043    1.000000000000000    0.000000000000000
pname:hk_inst:0_ptype:pp_pstyle:m_x:407986.72_y:6429301.04_zone:1                      0.9781257994267150    1.000000000000000    0.000000000000000
pname:hk_inst:0_ptype:pp_pstyle:m_x:408136.72_y:6429301.04_zone:1                      1.093001077583744    1.000000000000000    0.000000000000000
pname:hk_inst:0_ptype:pp_pstyle:m_x:408286.72_y:6429301.04_zone:1                      1.303295295729216    1.000000000000000    0.000000000000000
pname:hk_inst:0_ptype:pp_pstyle:m_x:408436.72_y:6429301.04_zone:1                      1.601935717259352    1.000000000000000    0.000000000000000
pname:hk_inst:0_ptype:pp_pstyle:m_x:408586.72_y:6429301.04_zone:1                      1.586047303526488    1.000000000000000    0.000000000000000
pname:hk_inst:0_ptype:pp_pstyle:m_x:408736.72_y:6429301.04_zone:1                      1.991272970953437    1.000000000000000    0.000000000000000
pname:hk_inst:0_ptype:pp_pstyle:m_x:408886.72_y:6429301.04_zone:1                      2.093664594610591    1.000000000000000    0.000000000000000
pname:hk_inst:0_ptype:pp_pstyle:m_x:409036.72_y:6429301.04_zone:1                      1.653566794642966    1.000000000000000    0.000000000000000
pname:hk_inst:0_ptype:pp_pstyle:m_x:409186.72_y:6429301.04_zone:1                      1.638971054528930    1.000000000000000    0.000000000000000
pname:hk_inst:0_ptype:pp_pstyle:m_x:409336.72_y:6429301.04_zone:1                      2.086553373005113    1.000000000000000    0.000000000000000
pname:hk_inst:0_ptype:pp_pstyle:m_x:407836.72_y:6429151.04_zone:1                      0.7626406877246918    1.000000000000000    0.000000000000000
pname:hk_inst:0_ptype:pp_pstyle:m_x:407986.72_y:6429151.04_zone:1                      0.9174991274725365    1.000000000000000    0.000000000000000
pname:hk_inst:0_ptype:pp_pstyle:m_x:408136.72_y:6429151.04_zone:1                      0.9085732735691273    1.000000000000000    0.000000000000000
pname:hk_inst:0_ptype:pp_pstyle:m_x:408286.72_y:6429151.04_zone:1                      1.116881570059084    1.000000000000000    0.000000000000000
pname:hk_inst:0_ptype:pp_pstyle:m_x:408436.72_y:6429151.04_zone:1                      1.638699651505372    1.000000000000000    0.000000000000000
pname:hk_inst:0_ptype:pp_pstyle:m_x:408586.72_y:6429151.04_zone:1                      1.796165821901763    1.000000000000000    0.000000000000000
pname:hk_inst:0_ptype:pp_pstyle:m_x:408736.72_y:6429151.04_zone:1                      1.942292075228982    1.000000000000000    0.000000000000000
pname:hk_inst:0_ptype:pp_pstyle:m_x:408886.72_y:6429151.04_zone:1                      2.154361399467750    1.000000000000000    0.000000000000000
pname:hk_inst:0_ptype:pp_pstyle:m_x:409036.72_y:6429151.04_zone:1                      2.141236461297347    1.000000000000000    0.000000000000000
pname:hk_inst:0_ptype:pp_pstyle:m_x:409186.72_y:6429151.04_zone:1                      1.801999948362174    1.000000000000000    0.000000000000000
pname:hk_inst:0_ptype:pp_pstyle:m_x:409336.72_y:6429151.04_zone:1                      1.212774640006941    1.000000000000000    0.000000000000000
pname:hk_inst:0_ptype:pp_pstyle:m_x:407836.72_y:6429001.04_zone:1                      0.5470343739728588    1.000000000000000    0.000000000000000
pname:hk_inst:0_ptype:pp_pstyle:m_x:407986.72_y:6429001.04_zone:1                      0.8063349261334575    1.000000000000000    0.000000000000000
pname:hk_inst:0_ptype:pp_pstyle:m_x:408136.72_y:6429001.04_zone:1                      0.9032624070266856    1.000000000000000    0.000000000000000
pname:hk_inst:0_ptype:pp_pstyle:m_x:408286.72_y:6429001.04_zone:1                      1.634829435018030    1.000000000000000    0.000000000000000
pname:hk_inst:0_ptype:pp_pstyle:m_x:408436.72_y:6429001.04_zone:1                      2.322007425108339    1.000000000000000    0.000000000000000
pname:hk_inst:0_ptype:pp_pstyle:m_x:408586.72_y:6429001.04_zone:1                      2.669245455524082    1.000000000000000    0.000000000000000
pname:hk_inst:0_ptype:pp_pstyle:m_x:408736.72_y:6429001.04_zone:1                      5.229608980924493    1.000000000000000    0.000000000000000
pname:hk_inst:0_ptype:pp_pstyle:m_x:408886.72_y:6429001.04_zone:1                      4.468262232541815    1.000000000000000    0.000000000000000
pname:hk_inst:0_ptype:pp_pstyle:m_x:409036.72_y:6429001.04_zone:1                      3.698755095444675    1.000000000000000    0.000000000000000
pname:hk_inst:0_ptype:pp_pstyle:m_x:409186.72_y:6429001.04_zone:1                      2.330570998915890    1.000000000000000    0.000000000000000
pname:hk_inst:0_ptype:pp_pstyle:m_x:409336.72_y:6429001.04_zone:1                      0.9795421492852292    1.000000000000000    0.000000000000000
pname:hk_inst:0_ptype:pp_pstyle:m_x:407836.72_y:6428851.04_zone:1                      0.4454554501194876    1.000000000000000    0.000000000000000
pname:hk_inst:0_ptype:pp_pstyle:m_x:407986.72_y:6428851.04_zone:1                      0.5018577659722713    1.000000000000000    0.000000000000000
pname:hk_inst:0_ptype:pp_pstyle:m_x:408136.72_y:6428851.04_zone:1                      0.9673834784817797    1.000000000000000    0.000000000000000
pname:hk_inst:0_ptype:pp_pstyle:m_x:408286.72_y:6428851.04_zone:1                      1.906891344213068    1.000000000000000    0.000000000000000
pname:hk_inst:0_ptype:pp_pstyle:m_x:408436.72_y:6428851.04_zone:1                      2.496603202007385    1.000000000000000    0.000000000000000
pname:hk_inst:0_ptype:pp_pstyle:m_x:408586.72_y:6428851.04_zone:1                      3.296476331865831    1.000000000000000    0.000000000000000
pname:hk_inst:0_ptype:pp_pstyle:m_x:408736.72_y:6428851.04_zone:1                      4.740638659373418    1.000000000000000    0.000000000000000
pname:hk_inst:0_ptype:pp_pstyle:m_x:408886.72_y:6428851.04_zone:1                      7.667060425437857    1.000000000000000    0.000000000000000
pname:hk_inst:0_ptype:pp_pstyle:m_x:409036.72_y:6428851.04_zone:1                      14.86572904593942    1.000000000000000    0.000000000000000
pname:hk_inst:0_ptype:pp_pstyle:m_x:409186.72_y:6428851.04_zone:1                      2.205359175824273    1.000000000000000    0.000000000000000
pname:hk_inst:0_ptype:pp_pstyle:m_x:409336.72_y:6428851.04_zone:1                      0.2756630288237434    1.000000000000000    0.000000000000000
pname:hk_inst:0_ptype:pp_pstyle:m_x:407836.72_y:6428701.04_zone:1                      0.5133489158512992    1.000000000000000    0.000000000000000
pname:hk_inst:0_ptype:pp_pstyle:m_x:407986.72_y:6428701.04_zone:1                      0.7257128259292759    1.000000000000000    0.000000000000000
pname:hk_inst:0_ptype:pp_pstyle:m_x:408136.72_y:6428701.04_zone:1                      1.186586895847918    1.000000000000000    0.000000000000000
pname:hk_inst:0_ptype:pp_pstyle:m_x:408286.72_y:6428701.04_zone:1                      1.847992232091086    1.000000000000000    0.000000000000000
pname:hk_inst:0_ptype:pp_pstyle:m_x:408436.72_y:6428701.04_zone:1                      3.372541630208762    1.000000000000000    0.000000000000000
pname:hk_inst:0_ptype:pp_pstyle:m_x:408586.72_y:6428701.04_zone:1                      2.783973848238891    1.000000000000000    0.000000000000000
pname:hk_inst:0_ptype:pp_pstyle:m_x:408736.72_y:6428701.04_zone:1                      3.528748712526439    1.000000000000000    0.000000000000000
pname:hk_inst:0_ptype:pp_pstyle:m_x:408886.72_y:6428701.04_zone:1                      4.392230354569684    1.000000000000000    0.000000000000000
pname:hk_inst:0_ptype:pp_pstyle:m_x:409036.72_y:6428701.04_zone:1                      0.9969784325225651    1.000000000000000    0.000000000000000
pname:hk_inst:0_ptype:pp_pstyle:m_x:409186.72_y:6428701.04_zone:1                      0.1369734627408730    1.000000000000000    0.000000000000000
pname:hk_inst:0_ptype:pp_pstyle:m_x:409336.72_y:6428701.04_zone:1                      0.1440773740951065    1.000000000000000    0.000000000000000
pname:hk_inst:0_ptype:pp_pstyle:m_x:407836.72_y:6428551.04_zone:1                      0.8669908308411022    1.000000000000000    0.000000000000000
pname:hk_inst:0_ptype:pp_pstyle:m_x:407986.72_y:6428551.04_zone:1                      1.791469045762245    1.000000000000000    0.000000000000000
pname:hk_inst:0_ptype:pp_pstyle:m_x:408136.72_y:6428551.04_zone:1                      1.563334696927022    1.000000000000000    0.000000000000000
pname:hk_inst:0_ptype:pp_pstyle:m_x:408286.72_y:6428551.04_zone:1                      1.495894026716224    1.000000000000000    0.000000000000000
pname:hk_inst:0_ptype:pp_pstyle:m_x:408436.72_y:6428551.04_zone:1                      2.072675416479234    1.000000000000000    0.000000000000000
pname:hk_inst:0_ptype:pp_pstyle:m_x:408586.72_y:6428551.04_zone:1                      2.630380051776968    1.000000000000000    0.000000000000000
pname:hk_inst:0_ptype:pp_pstyle:m_x:408736.72_y:6428551.04_zone:1                      0.5374931659105346    1.000000000000000    0.000000000000000
pname:hk_inst:0_ptype:pp_pstyle:m_x:408886.72_y:6428551.04_zone:1                      0.06701982331631036    1.000000000000000    0.000000000000000
pname:hk_inst:0_ptype:pp_pstyle:m_x:409036.72_y:6428551.04_zone:1                      0.2760708902892762    1.000000000000000    0.000000000000000
pname:hk_inst:0_ptype:pp_pstyle:m_x:409186.72_y:6428551.04_zone:1                      0.7192662592752106    1.000000000000000    0.000000000000000
pname:hk_inst:0_ptype:pp_pstyle:m_x:409336.72_y:6428551.04_zone:1                      0.9704213574466610    1.000000000000000    0.000000000000000
pname:hk_inst:0_ptype:pp_pstyle:m_x:407836.72_y:6428401.04_zone:1                      1.353400625139708    1.000000000000000    0.000000000000000
pname:hk_inst:0_ptype:pp_pstyle:m_x:407986.72_y:6428401.04_zone:1                      2.065081595241124    1.000000000000000    0.000000000000000
pname:hk_inst:0_ptype:pp_pstyle:m_x:408136.72_y:6428401.04_zone:1                      1.154844513499031    1.000000000000000    0.000000000000000
pname:hk_inst:0_ptype:pp_pstyle:m_x:408286.72_y:6428401.04_zone:1                      1.167701390492190    1.000000000000000    0.000000000000000
pname:hk_inst:0_ptype:pp_pstyle:m_x:408436.72_y:6428401.04_zone:1                      2.328935555032936    1.000000000000000    0.000000000000000
pname:hk_inst:0_ptype:pp_pstyle:m_x:408586.72_y:6428401.04_zone:1                      4.352756895555174    1.000000000000000    0.000000000000000
pname:hk_inst:0_ptype:pp_pstyle:m_x:408736.72_y:6428401.04_zone:1                      0.3127192832684526    1.000000000000000    0.000000000000000
pname:hk_inst:0_ptype:pp_pstyle:m_x:408886.72_y:6428401.04_zone:1                      0.5372278766498965    1.000000000000000    0.000000000000000
pname:hk_inst:0_ptype:pp_pstyle:m_x:409036.72_y:6428401.04_zone:1                      0.5381221233330840    1.000000000000000    0.000000000000000
pname:hk_inst:0_ptype:pp_pstyle:m_x:409186.72_y:6428401.04_zone:1                      0.5994631791668562    1.000000000000000    0.000000000000000
pname:hk_inst:0_ptype:pp_pstyle:m_x:409336.72_y:6428401.04_zone:1                      1.651228568383562    1.000000000000000    0.000000000000000
pname:hk_inst:0_ptype:pp_pstyle:m_x:407836.72_y:6428251.04_zone:1                      1.279236436477588    1.000000000000000    0.000000000000000
pname:hk_inst:0_ptype:pp_pstyle:m_x:407986.72_y:6428251.04_zone:1                      0.8316984070586716    1.000000000000000    0.000000000000000
pname:hk_inst:0_ptype:pp_pstyle:m_x:408136.72_y:6428251.04_zone:1                      0.7037807846102485    1.000000000000000    0.000000000000000
pname:hk_inst:0_ptype:pp_pstyle:m_x:408286.72_y:6428251.04_zone:1                      0.9796435778758847    1.000000000000000    0.000000000000000
pname:hk_inst:0_ptype:pp_pstyle:m_x:408436.72_y:6428251.04_zone:1                      2.730672830381200    1.000000000000000    0.000000000000000
pname:hk_inst:0_ptype:pp_pstyle:m_x:408586.72_y:6428251.04_zone:1                      2.214566969935118    1.000000000000000    0.000000000000000
pname:hk_inst:0_ptype:pp_pstyle:m_x:408736.72_y:6428251.04_zone:1                      0.8807262894519209    1.000000000000000    0.000000000000000
pname:hk_inst:0_ptype:pp_pstyle:m_x:408886.72_y:6428251.04_zone:1                      0.4805248855118713    1.000000000000000    0.000000000000000
pname:hk_inst:0_ptype:pp_pstyle:m_x:409036.72_y:6428251.04_zone:1                      0.5228710306050044    1.000000000000000    0.000000000000000
pname:hk_inst:0_ptype:pp_pstyle:m_x:409186.72_y:6428251.04_zone:1                      0.7650842987178219    1.000000000000000    0.000000000000000
pname:hk_inst:0_ptype:pp_pstyle:m_x:409336.72_y:6428251.04_zone:1                      1.759042600634857    1.000000000000000    0.000000000000000
pname:hk_inst:0_ptype:pp_pstyle:m_x:407836.72_y:6428101.04_zone:1                      1.216249743958476    1.000000000000000    0.000000000000000
pname:hk_inst:0_ptype:pp_pstyle:m_x:407986.72_y:6428101.04_zone:1                      0.9591178070054954    1.000000000000000    0.000000000000000
pname:hk_inst:0_ptype:pp_pstyle:m_x:408136.72_y:6428101.04_zone:1                      0.6286279431849491    1.000000000000000    0.000000000000000
pname:hk_inst:0_ptype:pp_pstyle:m_x:408286.72_y:6428101.04_zone:1                      0.5770494737904295    1.000000000000000    0.000000000000000
pname:hk_inst:0_ptype:pp_pstyle:m_x:408436.72_y:6428101.04_zone:1                      1.331422070773974    1.000000000000000    0.000000000000000
pname:hk_inst:0_ptype:pp_pstyle:m_x:408586.72_y:6428101.04_zone:1                      1.455396325313757    1.000000000000000    0.000000000000000
pname:hk_inst:0_ptype:pp_pstyle:m_x:408736.72_y:6428101.04_zone:1                      0.9509950505300908    1.000000000000000    0.000000000000000
pname:hk_inst:0_ptype:pp_pstyle:m_x:408886.72_y:6428101.04_zone:1                      0.9384112325989442    1.000000000000000    0.000000000000000
pname:hk_inst:0_ptype:pp_pstyle:m_x:409036.72_y:6428101.04_zone:1                      0.8478863445547860    1.000000000000000    0.000000000000000
pname:hk_inst:0_ptype:pp_pstyle:m_x:409186.72_y:6428101.04_zone:1                      1.092915633685992    1.000000000000000    0.000000000000000
pname:hk_inst:0_ptype:pp_pstyle:m_x:409336.72_y:6428101.04_zone:1                      1.153299559032730    1.000000000000000    0.000000000000000
pname:hk_inst:0_ptype:pp_pstyle:m_x:407836.72_y:6427951.04_zone:1                      0.9532334377386142    1.000000000000000    0.000000000000000
pname:hk_inst:0_ptype:pp_pstyle:m_x:407986.72_y:6427951.04_zone:1                      1.038969880242227    1.000000000000000    0.000000000000000
pname:hk_inst:0_ptype:pp_pstyle:m_x:408136.72_y:6427951.04_zone:1                      0.6813142680695975    1.000000000000000    0.000000000000000
pname:hk_inst:0_ptype:pp_pstyle:m_x:408286.72_y:6427951.04_zone:1                      0.6336969488121204    1.000000000000000    0.000000000000000
pname:hk_inst:0_ptype:pp_pstyle:m_x:408436.72_y:6427951.04_zone:1                      0.9603476835297058    1.000000000000000    0.000000000000000
pname:hk_inst:0_ptype:pp_pstyle:m_x:408586.72_y:6427951.04_zone:1                      1.476512114352518    1.000000000000000    0.000000000000000
pname:hk_inst:0_ptype:pp_pstyle:m_x:408736.72_y:6427951.04_zone:1                      0.6833964801666730    1.000000000000000    0.000000000000000
pname:hk_inst:0_ptype:pp_pstyle:m_x:408886.72_y:6427951.04_zone:1                      0.8580685097243143    1.000000000000000    0.000000000000000
pname:hk_inst:0_ptype:pp_pstyle:m_x:409036.72_y:6427951.04_zone:1                      0.8879596902367652    1.000000000000000    0.000000000000000
pname:hk_inst:0_ptype:pp_pstyle:m_x:409186.72_y:6427951.04_zone:1                      0.8980158634211339    1.000000000000000    0.000000000000000
pname:hk_inst:0_ptype:pp_pstyle:m_x:409336.72_y:6427951.04_zone:1                      0.9686010749561519    1.000000000000000    0.000000000000000
pname:hk_inst:0_ptype:pp_pstyle:m_x:407836.72_y:6427801.04_zone:1                      1.012274383469215    1.000000000000000    0.000000000000000
pname:hk_inst:0_ptype:pp_pstyle:m_x:407986.72_y:6427801.04_zone:1                      0.8555178511261067    1.000000000000000    0.000000000000000
pname:hk_inst:0_ptype:pp_pstyle:m_x:408136.72_y:6427801.04_zone:1                      0.8337439787260068    1.000000000000000    0.000000000000000
pname:hk_inst:0_ptype:pp_pstyle:m_x:408286.72_y:6427801.04_zone:1                      0.6468907734606703    1.000000000000000    0.000000000000000
pname:hk_inst:0_ptype:pp_pstyle:m_x:408436.72_y:6427801.04_zone:1                      0.6508578802690285    1.000000000000000    0.000000000000000
pname:hk_inst:0_ptype:pp_pstyle:m_x:408586.72_y:6427801.04_zone:1                      0.8894724728344227    1.000000000000000    0.000000000000000
pname:hk_inst:0_ptype:pp_pstyle:m_x:408736.72_y:6427801.04_zone:1                      1.185918965922689    1.000000000000000    0.000000000000000
pname:hk_inst:0_ptype:pp_pstyle:m_x:408886.72_y:6427801.04_zone:1                      0.7571641767492960    1.000000000000000    0.000000000000000
pname:hk_inst:0_ptype:pp_pstyle:m_x:409036.72_y:6427801.04_zone:1                      0.8277431494896085    1.000000000000000    0.000000000000000
pname:hk_inst:0_ptype:pp_pstyle:m_x:409186.72_y:6427801.04_zone:1                      0.9041347729905278    1.000000000000000    0.000000000000000
pname:hk_inst:0_ptype:pp_pstyle:m_x:409336.72_y:6427801.04_zone:1                      0.8751120659309457    1.000000000000000    0.000000000000000
pname:hk_inst:0_ptype:pp_pstyle:m_x:407836.72_y:6427651.04_zone:1                      0.6742444079276111    1.000000000000000    0.000000000000000
pname:hk_inst:0_ptype:pp_pstyle:m_x:407986.72_y:6427651.04_zone:1                      0.8390829863908510    1.000000000000000    0.000000000000000
pname:hk_inst:0_ptype:pp_pstyle:m_x:408136.72_y:6427651.04_zone:1                      0.8642709046046370    1.000000000000000    0.000000000000000
pname:hk_inst:0_ptype:pp_pstyle:m_x:408286.72_y:6427651.04_zone:1                      0.7169994121943110    1.000000000000000    0.000000000000000
pname:hk_inst:0_ptype:pp_pstyle:m_x:408436.72_y:6427651.04_zone:1                      0.9565377262904546    1.000000000000000    0.000000000000000
pname:hk_inst:0_ptype:pp_pstyle:m_x:408586.72_y:6427651.04_zone:1                      1.023883082980389    1.000000000000000    0.000000000000000
pname:hk_inst:0_ptype:pp_pstyle:m_x:408736.72_y:6427651.04_zone:1                      0.9239671819451986    1.000000000000000    0.000000000000000
pname:hk_inst:0_ptype:pp_pstyle:m_x:408886.72_y:6427651.04_zone:1                      0.7416223295742441    1.000000000000000    0.000000000000000
pname:hk_inst:0_ptype:pp_pstyle:m_x:409036.72_y:6427651.04_zone:1                      0.6943923303054924    1.000000000000000    0.000000000000000
pname:hk_inst:0_ptype:pp_pstyle:m_x:409186.72_y:6427651.04_zone:1                      0.6259844242998036    1.000000000000000    0.000000000000000
pname:hk_inst:0_ptype:pp_pstyle:m_x:409336.72_y:6427651.04_zone:1                      0.6430511518045692    1.000000000000000    0.000000000000000
pname:rc_inst:0_ptype:cn_pstyle:m                      0.5434521058420279    1.000000000000000    0.000000000000000
pname:d_inst:0_ptype:gr_usecol:3_pstyle:m_idx0:ghb_n                      1.106053625327314    1.000000000000000    0.000000000000000
pname:d_inst:0_ptype:gr_usecol:3_pstyle:m_idx0:ghb_s                      0.8286980002837049    1.000000000000000    0.000000000000000
pname:d_inst:0_ptype:gr_usecol:3_pstyle:m_idx0:ghb_w                      1.010607355731135    1.000000000000000    0.000000000000000
pname:cond_inst:0_ptype:gr_usecol:3_pstyle:m_idx0:bar                      2.139262062957994    1.000000000000000    0.000000000000000
pname:cond_inst:0_ptype:gr_usecol:3_pstyle:m_idx0:gal                      1.478675884972844    1.000000000000000    0.000000000000000
pname:riv_inst:0_ptype:gr_usecol:3_pstyle:m_idx0:haillan5                      0.9748782090340252    1.000000000000000    0.000000000000000
pname:riv_inst:0_ptype:gr_usecol:3_pstyle:m_idx0:blanc_amont                      1.000801828197270    1.000000000000000    0.000000000000000
pname:riv_inst:0_ptype:gr_usecol:3_pstyle:m_idx0:bussaguet_amont                      0.8399891271652691    1.000000000000000    0.000000000000000
pname:riv_inst:0_ptype:gr_usecol:3_pstyle:m_idx0:gajac                      1.028096243359723    1.000000000000000    0.000000000000000
pname:riv_inst:0_ptype:gr_usecol:3_pstyle:m_idx0:haillan3                      0.6198147702408772    1.000000000000000    0.000000000000000
pname:riv_inst:0_ptype:gr_usecol:3_pstyle:m_idx0:jpt_ecl_amont                      1.002631766807614    1.000000000000000    0.000000000000000
pname:riv_inst:0_ptype:gr_usecol:3_pstyle:m_idx0:majolan                      0.9450693490329101    1.000000000000000    0.000000000000000
pname:riv_inst:0_ptype:gr_usecol:3_pstyle:m_idx0:moulinat_aval                      0.9943868195313148    1.000000000000000    0.000000000000000
pname:riv_inst:0_ptype:gr_usecol:3_pstyle:m_idx0:noir_amont                      1.000024276758948    1.000000000000000    0.000000000000000
pname:riv_inst:0_ptype:gr_usecol:3_pstyle:m_idx0:moulinat_amont                      0.9451182201286163    1.000000000000000    0.000000000000000
pname:riv_inst:0_ptype:gr_usecol:3_pstyle:m_idx0:haillan2                      1.160529675852219    1.000000000000000    0.000000000000000
pname:riv_inst:0_ptype:gr_usecol:3_pstyle:m_idx0:haillan4                      0.8689697279958185    1.000000000000000    0.000000000000000
pname:riv_inst:0_ptype:gr_usecol:3_pstyle:m_idx0:noir_aval                      1.000094123058001    1.000000000000000    0.000000000000000
pname:riv_inst:0_ptype:gr_usecol:3_pstyle:m_idx0:jpt_seuil_aval                      0.9997008130608434    1.000000000000000    0.000000000000000
pname:riv_inst:0_ptype:gr_usecol:3_pstyle:m_idx0:haillan1                      0.06171828636785462    1.000000000000000    0.000000000000000
pname:riv_inst:0_ptype:gr_usecol:3_pstyle:m_idx0:jpt_ecl_aval                      0.9999555919542854    1.000000000000000    0.000000000000000
pname:riv_inst:0_ptype:gr_usecol:3_pstyle:m_idx0:thil_amont                      0.2357809342305853    1.000000000000000    0.000000000000000
pname:riv_inst:0_ptype:gr_usecol:3_pstyle:m_idx0:bussaguet_aval                      0.9958290894259100    1.000000000000000    0.000000000000000
pname:riv_inst:0_ptype:gr_usecol:3_pstyle:m_idx0:thil_aval                      0.1311806189153713    1.000000000000000    0.000000000000000
pname:cond_inst:1_ptype:gr_usecol:3_pstyle:m_idx0:bar                      23.99631402747839    1.000000000000000    0.000000000000000
pname:cond_inst:1_ptype:gr_usecol:3_pstyle:m_idx0:gal                      0.4328780626170419    1.000000000000000    0.000000000000000
pname:riv_inst:1_ptype:gr_usecol:3_pstyle:m_idx0:haillan5                      0.9748782090340252    1.000000000000000    0.000000000000000
pname:riv_inst:1_ptype:gr_usecol:3_pstyle:m_idx0:blanc_amont                      1.000801828197270    1.000000000000000    0.000000000000000
pname:riv_inst:1_ptype:gr_usecol:3_pstyle:m_idx0:bussaguet_amont                      0.8399891271652691    1.000000000000000    0.000000000000000
pname:riv_inst:1_ptype:gr_usecol:3_pstyle:m_idx0:gajac                      1.028096243359723    1.000000000000000    0.000000000000000
pname:riv_inst:1_ptype:gr_usecol:3_pstyle:m_idx0:haillan3                      0.6198147702408772    1.000000000000000    0.000000000000000
pname:riv_inst:1_ptype:gr_usecol:3_pstyle:m_idx0:jpt_ecl_amont                      1.002631766807614    1.000000000000000    0.000000000000000
pname:riv_inst:1_ptype:gr_usecol:3_pstyle:m_idx0:majolan                      0.9450693490329101    1.000000000000000    0.000000000000000
pname:riv_inst:1_ptype:gr_usecol:3_pstyle:m_idx0:moulinat_aval                      0.9943868195313148    1.000000000000000    0.000000000000000
pname:riv_inst:1_ptype:gr_usecol:3_pstyle:m_idx0:noir_amont                      1.000024276758948    1.000000000000000    0.000000000000000
pname:riv_inst:1_ptype:gr_usecol:3_pstyle:m_idx0:moulinat_amont                      0.9451182201286163    1.000000000000000    0.000000000000000
pname:riv_inst:1_ptype:gr_usecol:3_pstyle:m_idx0:haillan2                      1.160529675852219    1.000000000000000    0.000000000000000
pname:riv_inst:1_ptype:gr_usecol:3_pstyle:m_idx0:haillan4                      0.8689697279958185    1.000000000000000    0.000000000000000
pname:riv_inst:1_ptype:gr_usecol:3_pstyle:m_idx0:noir_aval                      1.000094123058001    1.000000000000000    0.000000000000000
pname:riv_inst:1_ptype:gr_usecol:3_pstyle:m_idx0:jpt_seuil_aval                      0.9997008130608434    1.000000000000000    0.000000000000000
pname:riv_inst:1_ptype:gr_usecol:3_pstyle:m_idx0:haillan1                      0.06171828636785462    1.000000000000000    0.000000000000000
pname:riv_inst:1_ptype:gr_usecol:3_pstyle:m_idx0:jpt_ecl_aval                      0.9999555919542854    1.000000000000000    0.000000000000000
pname:riv_inst:1_ptype:gr_usecol:3_pstyle:m_idx0:thil_amont                      0.2357809342305853    1.000000000000000    0.000000000000000
pname:riv_inst:1_ptype:gr_usecol:3_pstyle:m_idx0:bussaguet_aval                      0.9958290894259100    1.000000000000000    0.000000000000000
pname:riv_inst:1_ptype:gr_usecol:3_pstyle:m_idx0:thil_aval                      0.1311806189153713    1.000000000000000    0.000000000000000
pname:cond_inst:2_ptype:gr_usecol:3_pstyle:m_idx0:bar                      1.445656960711698    1.000000000000000    0.000000000000000
pname:cond_inst:2_ptype:gr_usecol:3_pstyle:m_idx0:gal                      2.613909869360314    1.000000000000000    0.000000000000000
pname:riv_inst:2_ptype:gr_usecol:3_pstyle:m_idx0:haillan5                      0.9748782090340252    1.000000000000000    0.000000000000000
pname:riv_inst:2_ptype:gr_usecol:3_pstyle:m_idx0:blanc_amont                      1.000801828197270    1.000000000000000    0.000000000000000
pname:riv_inst:2_ptype:gr_usecol:3_pstyle:m_idx0:bussaguet_amont                      0.8399891271652691    1.000000000000000    0.000000000000000
pname:riv_inst:2_ptype:gr_usecol:3_pstyle:m_idx0:gajac                      1.028096243359723    1.000000000000000    0.000000000000000
pname:riv_inst:2_ptype:gr_usecol:3_pstyle:m_idx0:haillan3                      0.6198147702408772    1.000000000000000    0.000000000000000
pname:riv_inst:2_ptype:gr_usecol:3_pstyle:m_idx0:jpt_ecl_amont                      1.002631766807614    1.000000000000000    0.000000000000000
pname:riv_inst:2_ptype:gr_usecol:3_pstyle:m_idx0:majolan                      0.9450693490329101    1.000000000000000    0.000000000000000
pname:riv_inst:2_ptype:gr_usecol:3_pstyle:m_idx0:moulinat_aval                      0.9943868195313148    1.000000000000000    0.000000000000000
pname:riv_inst:2_ptype:gr_usecol:3_pstyle:m_idx0:noir_amont                      1.000024276758948    1.000000000000000    0.000000000000000
pname:riv_inst:2_ptype:gr_usecol:3_pstyle:m_idx0:moulinat_amont                      0.9451182201286163    1.000000000000000    0.000000000000000
pname:riv_inst:2_ptype:gr_usecol:3_pstyle:m_idx0:haillan2                      1.160529675852219    1.000000000000000    0.000000000000000
pname:riv_inst:2_ptype:gr_usecol:3_pstyle:m_idx0:haillan4                      0.8689697279958185    1.000000000000000    0.000000000000000
pname:riv_inst:2_ptype:gr_usecol:3_pstyle:m_idx0:noir_aval                      1.000094123058001    1.000000000000000    0.000000000000000
pname:riv_inst:2_ptype:gr_usecol:3_pstyle:m_idx0:jpt_seuil_aval                      0.9997008130608434    1.000000000000000    0.000000000000000
pname:riv_inst:2_ptype:gr_usecol:3_pstyle:m_idx0:haillan1                      0.06171828636785462    1.000000000000000    0.000000000000000
pname:riv_inst:2_ptype:gr_usecol:3_pstyle:m_idx0:jpt_ecl_aval                      0.9999555919542854    1.000000000000000    0.000000000000000
pname:riv_inst:2_ptype:gr_usecol:3_pstyle:m_idx0:thil_amont                      0.2357809342305853    1.000000000000000    0.000000000000000
pname:riv_inst:2_ptype:gr_usecol:3_pstyle:m_idx0:bussaguet_aval                      0.9958290894259100    1.000000000000000    0.000000000000000
pname:riv_inst:2_ptype:gr_usecol:3_pstyle:m_idx0:thil_aval                      0.1311806189153713    1.000000000000000    0.000000000000000
pname:cond_inst:3_ptype:gr_usecol:3_pstyle:m_idx0:bar                      1.106341749918549    1.000000000000000    0.000000000000000
pname:cond_inst:3_ptype:gr_usecol:3_pstyle:m_idx0:gal                      0.6480442899625598    1.000000000000000    0.000000000000000
pname:riv_inst:3_ptype:gr_usecol:3_pstyle:m_idx0:haillan5                      0.9748782090340252    1.000000000000000    0.000000000000000
pname:riv_inst:3_ptype:gr_usecol:3_pstyle:m_idx0:blanc_amont                      1.000801828197270    1.000000000000000    0.000000000000000
pname:riv_inst:3_ptype:gr_usecol:3_pstyle:m_idx0:bussaguet_amont                      0.8399891271652691    1.000000000000000    0.000000000000000
pname:riv_inst:3_ptype:gr_usecol:3_pstyle:m_idx0:gajac                      1.028096243359723    1.000000000000000    0.000000000000000
pname:riv_inst:3_ptype:gr_usecol:3_pstyle:m_idx0:haillan3                      0.6198147702408772    1.000000000000000    0.000000000000000
pname:riv_inst:3_ptype:gr_usecol:3_pstyle:m_idx0:jpt_ecl_amont                      1.002631766807614    1.000000000000000    0.000000000000000
pname:riv_inst:3_ptype:gr_usecol:3_pstyle:m_idx0:majolan                      0.9450693490329101    1.000000000000000    0.000000000000000
pname:riv_inst:3_ptype:gr_usecol:3_pstyle:m_idx0:moulinat_aval                      0.9943868195313148    1.000000000000000    0.000000000000000
pname:riv_inst:3_ptype:gr_usecol:3_pstyle:m_idx0:noir_amont                      1.000024276758948    1.000000000000000    0.000000000000000
pname:riv_inst:3_ptype:gr_usecol:3_pstyle:m_idx0:moulinat_amont                      0.9451182201286163    1.000000000000000    0.000000000000000
pname:riv_inst:3_ptype:gr_usecol:3_pstyle:m_idx0:haillan2                      1.160529675852219    1.000000000000000    0.000000000000000
pname:riv_inst:3_ptype:gr_usecol:3_pstyle:m_idx0:haillan4                      0.8689697279958185    1.000000000000000    0.000000000000000
pname:riv_inst:3_ptype:gr_usecol:3_pstyle:m_idx0:noir_aval                      1.000094123058001    1.000000000000000    0.000000000000000
pname:riv_inst:3_ptype:gr_usecol:3_pstyle:m_idx0:jpt_seuil_aval                      0.9997008130608434    1.000000000000000    0.000000000000000
pname:riv_inst:3_ptype:gr_usecol:3_pstyle:m_idx0:haillan1                      0.06171828636785462    1.000000000000000    0.000000000000000
pname:riv_inst:3_ptype:gr_usecol:3_pstyle:m_idx0:jpt_ecl_aval                      0.9999555919542854    1.000000000000000    0.000000000000000
pname:riv_inst:3_ptype:gr_usecol:3_pstyle:m_idx0:thil_amont                      0.2357809342305853    1.000000000000000    0.000000000000000
pname:riv_inst:3_ptype:gr_usecol:3_pstyle:m_idx0:bussaguet_aval                      0.9958290894259100    1.000000000000000    0.000000000000000
pname:riv_inst:3_ptype:gr_usecol:3_pstyle:m_idx0:thil_aval                      0.1311806189153713    1.000000000000000    0.000000000000000
pname:cond_inst:4_ptype:gr_usecol:3_pstyle:m_idx0:bar                      1.166040140196442    1.000000000000000    0.000000000000000
pname:cond_inst:4_ptype:gr_usecol:3_pstyle:m_idx0:gal                      0.8703909196163447    1.000000000000000    0.000000000000000
pname:riv_inst:4_ptype:gr_usecol:3_pstyle:m_idx0:haillan5                      0.9748782090340252    1.000000000000000    0.000000000000000
pname:riv_inst:4_ptype:gr_usecol:3_pstyle:m_idx0:blanc_amont                      1.000801828197270    1.000000000000000    0.000000000000000
pname:riv_inst:4_ptype:gr_usecol:3_pstyle:m_idx0:bussaguet_amont                      0.8399891271652691    1.000000000000000    0.000000000000000
pname:riv_inst:4_ptype:gr_usecol:3_pstyle:m_idx0:gajac                      1.028096243359723    1.000000000000000    0.000000000000000
pname:riv_inst:4_ptype:gr_usecol:3_pstyle:m_idx0:haillan3                      0.6198147702408772    1.000000000000000    0.000000000000000
pname:riv_inst:4_ptype:gr_usecol:3_pstyle:m_idx0:jpt_ecl_amont                      1.002631766807614    1.000000000000000    0.000000000000000
pname:riv_inst:4_ptype:gr_usecol:3_pstyle:m_idx0:majolan                      0.9450693490329101    1.000000000000000    0.000000000000000
pname:riv_inst:4_ptype:gr_usecol:3_pstyle:m_idx0:moulinat_aval                      0.9943868195313148    1.000000000000000    0.000000000000000
pname:riv_inst:4_ptype:gr_usecol:3_pstyle:m_idx0:noir_amont                      1.000024276758948    1.000000000000000    0.000000000000000
pname:riv_inst:4_ptype:gr_usecol:3_pstyle:m_idx0:moulinat_amont                      0.9451182201286163    1.000000000000000    0.000000000000000
pname:riv_inst:4_ptype:gr_usecol:3_pstyle:m_idx0:haillan2                      1.160529675852219    1.000000000000000    0.000000000000000
pname:riv_inst:4_ptype:gr_usecol:3_pstyle:m_idx0:haillan4                      0.8689697279958185    1.000000000000000    0.000000000000000
pname:riv_inst:4_ptype:gr_usecol:3_pstyle:m_idx0:noir_aval                      1.000094123058001    1.000000000000000    0.000000000000000
pname:riv_inst:4_ptype:gr_usecol:3_pstyle:m_idx0:jpt_seuil_aval                      0.9997008130608434    1.000000000000000    0.000000000000000
pname:riv_inst:4_ptype:gr_usecol:3_pstyle:m_idx0:haillan1                      0.06171828636785462    1.000000000000000    0.000000000000000
pname:riv_inst:4_ptype:gr_usecol:3_pstyle:m_idx0:jpt_ecl_aval                      0.9999555919542854    1.000000000000000    0.000000000000000
pname:riv_inst:4_ptype:gr_usecol:3_pstyle:m_idx0:thil_amont                      0.2357809342305853    1.000000000000000    0.000000000000000
pname:riv_inst:4_ptype:gr_usecol:3_pstyle:m_idx0:bussaguet_aval                      0.9958290894259100    1.000000000000000    0.000000000000000
pname:riv_inst:4_ptype:gr_usecol:3_pstyle:m_idx0:thil_aval                      0.1311806189153713    1.000000000000000    0.000000000000000
pname:cond_inst:5_ptype:gr_usecol:3_pstyle:m_idx0:bar                      1.161617494933024    1.000000000000000    0.000000000000000
pname:cond_inst:5_ptype:gr_usecol:3_pstyle:m_idx0:gal                      0.6470648409931437    1.000000000000000    0.000000000000000
pname:riv_inst:5_ptype:gr_usecol:3_pstyle:m_idx0:haillan5                      0.9748782090340252    1.000000000000000    0.000000000000000
pname:riv_inst:5_ptype:gr_usecol:3_pstyle:m_idx0:blanc_amont                      1.000801828197270    1.000000000000000    0.000000000000000
pname:riv_inst:5_ptype:gr_usecol:3_pstyle:m_idx0:bussaguet_amont                      0.8399891271652691    1.000000000000000    0.000000000000000
pname:riv_inst:5_ptype:gr_usecol:3_pstyle:m_idx0:gajac                      1.028096243359723    1.000000000000000    0.000000000000000
pname:riv_inst:5_ptype:gr_usecol:3_pstyle:m_idx0:haillan3                      0.6198147702408772    1.000000000000000    0.000000000000000
pname:riv_inst:5_ptype:gr_usecol:3_pstyle:m_idx0:jpt_ecl_amont                      1.002631766807614    1.000000000000000    0.000000000000000
pname:riv_inst:5_ptype:gr_usecol:3_pstyle:m_idx0:majolan                      0.9450693490329101    1.000000000000000    0.000000000000000
pname:riv_inst:5_ptype:gr_usecol:3_pstyle:m_idx0:moulinat_aval                      0.9943868195313148    1.000000000000000    0.000000000000000
pname:riv_inst:5_ptype:gr_usecol:3_pstyle:m_idx0:noir_amont                      1.000024276758948    1.000000000000000    0.000000000000000
pname:riv_inst:5_ptype:gr_usecol:3_pstyle:m_idx0:moulinat_amont                      0.9451182201286163    1.000000000000000    0.000000000000000
pname:riv_inst:5_ptype:gr_usecol:3_pstyle:m_idx0:haillan2                      1.160529675852219    1.000000000000000    0.000000000000000
pname:riv_inst:5_ptype:gr_usecol:3_pstyle:m_idx0:haillan4                      0.8689697279958185    1.000000000000000    0.000000000000000
pname:riv_inst:5_ptype:gr_usecol:3_pstyle:m_idx0:noir_aval                      1.000094123058001    1.000000000000000    0.000000000000000
pname:riv_inst:5_ptype:gr_usecol:3_pstyle:m_idx0:jpt_seuil_aval                      0.9997008130608434    1.000000000000000    0.000000000000000
pname:riv_inst:5_ptype:gr_usecol:3_pstyle:m_idx0:haillan1                      0.06171828636785462    1.000000000000000    0.000000000000000
pname:riv_inst:5_ptype:gr_usecol:3_pstyle:m_idx0:jpt_ecl_aval                      0.9999555919542854    1.000000000000000    0.000000000000000
pname:riv_inst:5_ptype:gr_usecol:3_pstyle:m_idx0:thil_amont                      0.2357809342305853    1.000000000000000    0.000000000000000
pname:riv_inst:5_ptype:gr_usecol:3_pstyle:m_idx0:bussaguet_aval                      0.9958290894259100    1.000000000000000    0.000000000000000
pname:riv_inst:5_ptype:gr_usecol:3_pstyle:m_idx0:thil_aval                      0.1311806189153713    1.000000000000000    0.000000000000000
pname:cond_inst:6_ptype:gr_usecol:3_pstyle:m_idx0:bar                      1.492828523662030    1.000000000000000    0.000000000000000
pname:cond_inst:6_ptype:gr_usecol:3_pstyle:m_idx0:gal                      0.4577538485667657    1.000000000000000    0.000000000000000
pname:riv_inst:6_ptype:gr_usecol:3_pstyle:m_idx0:haillan5                      0.9748782090340252    1.000000000000000    0.000000000000000
pname:riv_inst:6_ptype:gr_usecol:3_pstyle:m_idx0:blanc_amont                      1.000801828197270    1.000000000000000    0.000000000000000
pname:riv_inst:6_ptype:gr_usecol:3_pstyle:m_idx0:bussaguet_amont                      0.8399891271652691    1.000000000000000    0.000000000000000
pname:riv_inst:6_ptype:gr_usecol:3_pstyle:m_idx0:gajac                      1.028096243359723    1.000000000000000    0.000000000000000
pname:riv_inst:6_ptype:gr_usecol:3_pstyle:m_idx0:haillan3                      0.6198147702408772    1.000000000000000    0.000000000000000
pname:riv_inst:6_ptype:gr_usecol:3_pstyle:m_idx0:jpt_ecl_amont                      1.002631766807614    1.000000000000000    0.000000000000000
pname:riv_inst:6_ptype:gr_usecol:3_pstyle:m_idx0:majolan                      0.9450693490329101    1.000000000000000    0.000000000000000
pname:riv_inst:6_ptype:gr_usecol:3_pstyle:m_idx0:moulinat_aval                      0.9943868195313148    1.000000000000000    0.000000000000000
pname:riv_inst:6_ptype:gr_usecol:3_pstyle:m_idx0:noir_amont                      1.000024276758948    1.000000000000000    0.000000000000000
pname:riv_inst:6_ptype:gr_usecol:3_pstyle:m_idx0:moulinat_amont                      0.9451182201286163    1.000000000000000    0.000000000000000
pname:riv_inst:6_ptype:gr_usecol:3_pstyle:m_idx0:haillan2                      1.160529675852219    1.000000000000000    0.000000000000000
pname:riv_inst:6_ptype:gr_usecol:3_pstyle:m_idx0:haillan4                      0.8689697279958185    1.000000000000000    0.000000000000000
pname:riv_inst:6_ptype:gr_usecol:3_pstyle:m_idx0:noir_aval                      1.000094123058001    1.000000000000000    0.000000000000000
pname:riv_inst:6_ptype:gr_usecol:3_pstyle:m_idx0:jpt_seuil_aval                      0.9997008130608434    1.000000000000000    0.000000000000000
pname:riv_inst:6_ptype:gr_usecol:3_pstyle:m_idx0:haillan1                      0.06171828636785462    1.000000000000000    0.000000000000000
pname:riv_inst:6_ptype:gr_usecol:3_pstyle:m_idx0:jpt_ecl_aval                      0.9999555919542854    1.000000000000000    0.000000000000000
pname:riv_inst:6_ptype:gr_usecol:3_pstyle:m_idx0:thil_amont                      0.2357809342305853    1.000000000000000    0.000000000000000
pname:riv_inst:6_ptype:gr_usecol:3_pstyle:m_idx0:bussaguet_aval                      0.9958290894259100    1.000000000000000    0.000000000000000
pname:riv_inst:6_ptype:gr_usecol:3_pstyle:m_idx0:thil_aval                      0.1311806189153713    1.000000000000000    0.000000000000000
pname:cond_inst:7_ptype:gr_usecol:3_pstyle:m_idx0:bar                      1.579724090768214    1.000000000000000    0.000000000000000
pname:cond_inst:7_ptype:gr_usecol:3_pstyle:m_idx0:gal                      0.2542357705168506    1.000000000000000    0.000000000000000
pname:riv_inst:7_ptype:gr_usecol:3_pstyle:m_idx0:haillan5                      0.9748782090340252    1.000000000000000    0.000000000000000
pname:riv_inst:7_ptype:gr_usecol:3_pstyle:m_idx0:blanc_amont                      1.000801828197270    1.000000000000000    0.000000000000000
pname:riv_inst:7_ptype:gr_usecol:3_pstyle:m_idx0:bussaguet_amont                      0.8399891271652691    1.000000000000000    0.000000000000000
pname:riv_inst:7_ptype:gr_usecol:3_pstyle:m_idx0:gajac                      1.028096243359723    1.000000000000000    0.000000000000000
pname:riv_inst:7_ptype:gr_usecol:3_pstyle:m_idx0:haillan3                      0.6198147702408772    1.000000000000000    0.000000000000000
pname:riv_inst:7_ptype:gr_usecol:3_pstyle:m_idx0:jpt_ecl_amont                      1.002631766807614    1.000000000000000    0.000000000000000
pname:riv_inst:7_ptype:gr_usecol:3_pstyle:m_idx0:majolan                      0.9450693490329101    1.000000000000000    0.000000000000000
pname:riv_inst:7_ptype:gr_usecol:3_pstyle:m_idx0:moulinat_aval                      0.9943868195313148    1.000000000000000    0.000000000000000
pname:riv_inst:7_ptype:gr_usecol:3_pstyle:m_idx0:noir_amont                      1.000024276758948    1.000000000000000    0.000000000000000
pname:riv_inst:7_ptype:gr_usecol:3_pstyle:m_idx0:moulinat_amont                      0.9451182201286163    1.000000000000000    0.000000000000000
pname:riv_inst:7_ptype:gr_usecol:3_pstyle:m_idx0:haillan2                      1.160529675852219    1.000000000000000    0.000000000000000
pname:riv_inst:7_ptype:gr_usecol:3_pstyle:m_idx0:haillan4                      0.8689697279958185    1.000000000000000    0.000000000000000
pname:riv_inst:7_ptype:gr_usecol:3_pstyle:m_idx0:noir_aval                      1.000094123058001    1.000000000000000    0.000000000000000
pname:riv_inst:7_ptype:gr_usecol:3_pstyle:m_idx0:jpt_seuil_aval                      0.9997008130608434    1.000000000000000    0.000000000000000
pname:riv_inst:7_ptype:gr_usecol:3_pstyle:m_idx0:haillan1                      0.06171828636785462    1.000000000000000    0.000000000000000
pname:riv_inst:7_ptype:gr_usecol:3_pstyle:m_idx0:jpt_ecl_aval                      0.9999555919542854    1.000000000000000    0.000000000000000
pname:riv_inst:7_ptype:gr_usecol:3_pstyle:m_idx0:thil_amont                      0.2357809342305853    1.000000000000000    0.000000000000000
pname:riv_inst:7_ptype:gr_usecol:3_pstyle:m_idx0:bussaguet_aval                      0.9958290894259100    1.000000000000000    0.000000000000000
pname:riv_inst:7_ptype:gr_usecol:3_pstyle:m_idx0:thil_aval                      0.1311806189153713    1.000000000000000    0.000000000000000
pname:cond_inst:8_ptype:gr_usecol:3_pstyle:m_idx0:bar                      1.528083883806666    1.000000000000000    0.000000000000000
pname:cond_inst:8_ptype:gr_usecol:3_pstyle:m_idx0:gal                      0.4798814230507354    1.000000000000000    0.000000000000000
pname:riv_inst:8_ptype:gr_usecol:3_pstyle:m_idx0:haillan5                      0.9748782090340252    1.000000000000000    0.000000000000000
pname:riv_inst:8_ptype:gr_usecol:3_pstyle:m_idx0:blanc_amont                      1.000801828197270    1.000000000000000    0.000000000000000
pname:riv_inst:8_ptype:gr_usecol:3_pstyle:m_idx0:bussaguet_amont                      0.8399891271652691    1.000000000000000    0.000000000000000
pname:riv_inst:8_ptype:gr_usecol:3_pstyle:m_idx0:gajac                      1.028096243359723    1.000000000000000    0.000000000000000
pname:riv_inst:8_ptype:gr_usecol:3_pstyle:m_idx0:haillan3                      0.6198147702408772    1.000000000000000    0.000000000000000
pname:riv_inst:8_ptype:gr_usecol:3_pstyle:m_idx0:jpt_ecl_amont                      1.002631766807614    1.000000000000000    0.000000000000000
pname:riv_inst:8_ptype:gr_usecol:3_pstyle:m_idx0:majolan                      0.9450693490329101    1.000000000000000    0.000000000000000
pname:riv_inst:8_ptype:gr_usecol:3_pstyle:m_idx0:moulinat_aval                      0.9943868195313148    1.000000000000000    0.000000000000000
pname:riv_inst:8_ptype:gr_usecol:3_pstyle:m_idx0:noir_amont                      1.000024276758948    1.000000000000000    0.000000000000000
pname:riv_inst:8_ptype:gr_usecol:3_pstyle:m_idx0:moulinat_amont                      0.9451182201286163    1.000000000000000    0.000000000000000
pname:riv_inst:8_ptype:gr_usecol:3_pstyle:m_idx0:haillan2                      1.160529675852219    1.000000000000000    0.000000000000000
pname:riv_inst:8_ptype:gr_usecol:3_pstyle:m_idx0:haillan4                      0.8689697279958185    1.000000000000000    0.000000000000000
pname:riv_inst:8_ptype:gr_usecol:3_pstyle:m_idx0:noir_aval                      1.000094123058001    1.000000000000000    0.000000000000000
pname:riv_inst:8_ptype:gr_usecol:3_pstyle:m_idx0:jpt_seuil_aval                      0.9997008130608434    1.000000000000000    0.000000000000000
pname:riv_inst:8_ptype:gr_usecol:3_pstyle:m_idx0:haillan1                      0.06171828636785462    1.000000000000000    0.000000000000000
pname:riv_inst:8_ptype:gr_usecol:3_pstyle:m_idx0:jpt_ecl_aval                      0.9999555919542854    1.000000000000000    0.000000000000000
pname:riv_inst:8_ptype:gr_usecol:3_pstyle:m_idx0:thil_amont                      0.2357809342305853    1.000000000000000    0.000000000000000
pname:riv_inst:8_ptype:gr_usecol:3_pstyle:m_idx0:bussaguet_aval                      0.9958290894259100    1.000000000000000    0.000000000000000
pname:riv_inst:8_ptype:gr_usecol:3_pstyle:m_idx0:thil_aval                      0.1311806189153713    1.000000000000000    0.000000000000000
pname:cond_inst:9_ptype:gr_usecol:3_pstyle:m_idx0:bar                      1.900255424694561    1.000000000000000    0.000000000000000
pname:cond_inst:9_ptype:gr_usecol:3_pstyle:m_idx0:gal                      0.4922569804552842    1.000000000000000    0.000000000000000
pname:riv_inst:9_ptype:gr_usecol:3_pstyle:m_idx0:haillan5                      0.9748782090340252    1.000000000000000    0.000000000000000
pname:riv_inst:9_ptype:gr_usecol:3_pstyle:m_idx0:blanc_amont                      1.000801828197270    1.000000000000000    0.000000000000000
pname:riv_inst:9_ptype:gr_usecol:3_pstyle:m_idx0:bussaguet_amont                      0.8399891271652691    1.000000000000000    0.000000000000000
pname:riv_inst:9_ptype:gr_usecol:3_pstyle:m_idx0:gajac                      1.028096243359723    1.000000000000000    0.000000000000000
pname:riv_inst:9_ptype:gr_usecol:3_pstyle:m_idx0:haillan3                      0.6198147702408772    1.000000000000000    0.000000000000000
pname:riv_inst:9_ptype:gr_usecol:3_pstyle:m_idx0:jpt_ecl_amont                      1.002631766807614    1.000000000000000    0.000000000000000
pname:riv_inst:9_ptype:gr_usecol:3_pstyle:m_idx0:majolan                      0.9450693490329101    1.000000000000000    0.000000000000000
pname:riv_inst:9_ptype:gr_usecol:3_pstyle:m_idx0:moulinat_aval                      0.9943868195313148    1.000000000000000    0.000000000000000
pname:riv_inst:9_ptype:gr_usecol:3_pstyle:m_idx0:noir_amont                      1.000024276758948    1.000000000000000    0.000000000000000
pname:riv_inst:9_ptype:gr_usecol:3_pstyle:m_idx0:moulinat_amont                      0.9451182201286163    1.000000000000000    0.000000000000000
pname:riv_inst:9_ptype:gr_usecol:3_pstyle:m_idx0:haillan2                      1.160529675852219    1.000000000000000    0.000000000000000
pname:riv_inst:9_ptype:gr_usecol:3_pstyle:m_idx0:haillan4                      0.8689697279958185    1.000000000000000    0.000000000000000
pname:riv_inst:9_ptype:gr_usecol:3_pstyle:m_idx0:noir_aval                      1.000094123058001    1.000000000000000    0.000000000000000
pname:riv_inst:9_ptype:gr_usecol:3_pstyle:m_idx0:jpt_seuil_aval                      0.9997008130608434    1.000000000000000    0.000000000000000
pname:riv_inst:9_ptype:gr_usecol:3_pstyle:m_idx0:haillan1                      0.06171828636785462    1.000000000000000    0.000000000000000
pname:riv_inst:9_ptype:gr_usecol:3_pstyle:m_idx0:jpt_ecl_aval                      0.9999555919542854    1.000000000000000    0.000000000000000
pname:riv_inst:9_ptype:gr_usecol:3_pstyle:m_idx0:thil_amont                      0.2357809342305853    1.000000000000000    0.000000000000000
pname:riv_inst:9_ptype:gr_usecol:3_pstyle:m_idx0:bussaguet_aval                      0.9958290894259100    1.000000000000000    0.000000000000000
pname:riv_inst:9_ptype:gr_usecol:3_pstyle:m_idx0:thil_aval                      0.1311806189153713    1.000000000000000    0.000000000000000
