single point
pname:hk_inst:0_ptype:pp_pstyle:m_x:409075.68_y:6432495.37_zone:1                      0.3924646691460278    1.000000000000000    0.000000000000000
pname:hk_inst:0_ptype:pp_pstyle:m_x:407575.68_y:6431995.37_zone:1                      0.3924646691460278    1.000000000000000    0.000000000000000
pname:hk_inst:0_ptype:pp_pstyle:m_x:408075.68_y:6431995.37_zone:1                      0.3924646691460278    1.000000000000000    0.000000000000000
pname:hk_inst:0_ptype:pp_pstyle:m_x:408575.68_y:6431995.37_zone:1                      0.3924646691460278    1.000000000000000    0.000000000000000
pname:hk_inst:0_ptype:pp_pstyle:m_x:409075.68_y:6431995.37_zone:1                      0.3924646691460278    1.000000000000000    0.000000000000000
pname:hk_inst:0_ptype:pp_pstyle:m_x:409575.68_y:6431995.37_zone:1                      0.3924646691460278    1.000000000000000    0.000000000000000
pname:hk_inst:0_ptype:pp_pstyle:m_x:410075.68_y:6431995.37_zone:1                      0.3924646691460278    1.000000000000000    0.000000000000000
pname:hk_inst:0_ptype:pp_pstyle:m_x:407075.68_y:6431495.37_zone:1                      0.3924646691460278    1.000000000000000    0.000000000000000
pname:hk_inst:0_ptype:pp_pstyle:m_x:407575.68_y:6431495.37_zone:1                      0.3924646691460278    1.000000000000000    0.000000000000000
pname:hk_inst:0_ptype:pp_pstyle:m_x:408075.68_y:6431495.37_zone:1                      0.3924646691460278    1.000000000000000    0.000000000000000
pname:hk_inst:0_ptype:pp_pstyle:m_x:408575.68_y:6431495.37_zone:1                      0.3924646691460278    1.000000000000000    0.000000000000000
pname:hk_inst:0_ptype:pp_pstyle:m_x:409075.68_y:6431495.37_zone:1                      0.3924646691460278    1.000000000000000    0.000000000000000
pname:hk_inst:0_ptype:pp_pstyle:m_x:409575.68_y:6431495.37_zone:1                      0.3924646691460278    1.000000000000000    0.000000000000000
pname:hk_inst:0_ptype:pp_pstyle:m_x:410075.68_y:6431495.37_zone:1                      0.3924646691460278    1.000000000000000    0.000000000000000
pname:hk_inst:0_ptype:pp_pstyle:m_x:410575.68_y:6431495.37_zone:1                      0.3924646691460278    1.000000000000000    0.000000000000000
pname:hk_inst:0_ptype:pp_pstyle:m_x:407075.68_y:6430995.37_zone:1                      0.3924646691460278    1.000000000000000    0.000000000000000
pname:hk_inst:0_ptype:pp_pstyle:m_x:407575.68_y:6430995.37_zone:1                      0.3924646691460278    1.000000000000000    0.000000000000000
pname:hk_inst:0_ptype:pp_pstyle:m_x:408075.68_y:6430995.37_zone:1                      0.3924646691460278    1.000000000000000    0.000000000000000
pname:hk_inst:0_ptype:pp_pstyle:m_x:408575.68_y:6430995.37_zone:1                      0.3924646691460278    1.000000000000000    0.000000000000000
pname:hk_inst:0_ptype:pp_pstyle:m_x:409075.68_y:6430995.37_zone:1                      0.3924646691460278    1.000000000000000    0.000000000000000
pname:hk_inst:0_ptype:pp_pstyle:m_x:409575.68_y:6430995.37_zone:1                      0.3924646691460278    1.000000000000000    0.000000000000000
pname:hk_inst:0_ptype:pp_pstyle:m_x:410075.68_y:6430995.37_zone:1                      0.3924646691460278    1.000000000000000    0.000000000000000
pname:hk_inst:0_ptype:pp_pstyle:m_x:410575.68_y:6430995.37_zone:1                      0.3924646691460278    1.000000000000000    0.000000000000000
pname:hk_inst:0_ptype:pp_pstyle:m_x:411075.68_y:6430995.37_zone:1                      0.3924646691460278    1.000000000000000    0.000000000000000
pname:hk_inst:0_ptype:pp_pstyle:m_x:407075.68_y:6430495.37_zone:1                      0.3924646691460278    1.000000000000000    0.000000000000000
pname:hk_inst:0_ptype:pp_pstyle:m_x:407575.68_y:6430495.37_zone:1                      0.3924646691460278    1.000000000000000    0.000000000000000
pname:hk_inst:0_ptype:pp_pstyle:m_x:408075.68_y:6430495.37_zone:1                      0.3924646691460278    1.000000000000000    0.000000000000000
pname:hk_inst:0_ptype:pp_pstyle:m_x:408575.68_y:6430495.37_zone:1                      0.3924646691460278    1.000000000000000    0.000000000000000
pname:hk_inst:0_ptype:pp_pstyle:m_x:409075.68_y:6430495.37_zone:1                      0.3924646691460278    1.000000000000000    0.000000000000000
pname:hk_inst:0_ptype:pp_pstyle:m_x:409575.68_y:6430495.37_zone:1                      0.3924646691460278    1.000000000000000    0.000000000000000
pname:hk_inst:0_ptype:pp_pstyle:m_x:410075.68_y:6430495.37_zone:1                      0.3924646691460278    1.000000000000000    0.000000000000000
pname:hk_inst:0_ptype:pp_pstyle:m_x:410575.68_y:6430495.37_zone:1                      0.3924646691460278    1.000000000000000    0.000000000000000
pname:hk_inst:0_ptype:pp_pstyle:m_x:411075.68_y:6430495.37_zone:1                      0.3924646691460278    1.000000000000000    0.000000000000000
pname:hk_inst:0_ptype:pp_pstyle:m_x:411575.68_y:6430495.37_zone:1                      0.3924646691460278    1.000000000000000    0.000000000000000
pname:hk_inst:0_ptype:pp_pstyle:m_x:406575.68_y:6429995.37_zone:1                      0.3924646691460278    1.000000000000000    0.000000000000000
pname:hk_inst:0_ptype:pp_pstyle:m_x:407075.68_y:6429995.37_zone:1                      0.3924646691460278    1.000000000000000    0.000000000000000
pname:hk_inst:0_ptype:pp_pstyle:m_x:407575.68_y:6429995.37_zone:1                      0.3924646691460278    1.000000000000000    0.000000000000000
pname:hk_inst:0_ptype:pp_pstyle:m_x:408075.68_y:6429995.37_zone:1                      0.3924646691460278    1.000000000000000    0.000000000000000
pname:hk_inst:0_ptype:pp_pstyle:m_x:408575.68_y:6429995.37_zone:1                      0.3924646691460278    1.000000000000000    0.000000000000000
pname:hk_inst:0_ptype:pp_pstyle:m_x:409075.68_y:6429995.37_zone:1                      0.3924646691460278    1.000000000000000    0.000000000000000
pname:hk_inst:0_ptype:pp_pstyle:m_x:409575.68_y:6429995.37_zone:1                      0.3924646691460278    1.000000000000000    0.000000000000000
pname:hk_inst:0_ptype:pp_pstyle:m_x:410075.68_y:6429995.37_zone:1                      0.3924646691460278    1.000000000000000    0.000000000000000
pname:hk_inst:0_ptype:pp_pstyle:m_x:410575.68_y:6429995.37_zone:1                      0.3924646691460278    1.000000000000000    0.000000000000000
pname:hk_inst:0_ptype:pp_pstyle:m_x:411075.68_y:6429995.37_zone:1                      0.3924646691460278    1.000000000000000    0.000000000000000
pname:hk_inst:0_ptype:pp_pstyle:m_x:411575.68_y:6429995.37_zone:1                      0.3924646691460278    1.000000000000000    0.000000000000000
pname:hk_inst:0_ptype:pp_pstyle:m_x:412075.68_y:6429995.37_zone:1                      0.3924646691460278    1.000000000000000    0.000000000000000
pname:hk_inst:0_ptype:pp_pstyle:m_x:412575.68_y:6429995.37_zone:1                      0.3924646691460278    1.000000000000000    0.000000000000000
pname:hk_inst:0_ptype:pp_pstyle:m_x:413075.68_y:6429995.37_zone:1                      0.3924646691460278    1.000000000000000    0.000000000000000
pname:hk_inst:0_ptype:pp_pstyle:m_x:406575.68_y:6429495.37_zone:1                      0.3924646691460278    1.000000000000000    0.000000000000000
pname:hk_inst:0_ptype:pp_pstyle:m_x:407075.68_y:6429495.37_zone:1                      0.3924646691460278    1.000000000000000    0.000000000000000
pname:hk_inst:0_ptype:pp_pstyle:m_x:407575.68_y:6429495.37_zone:1                      0.3924646691460278    1.000000000000000    0.000000000000000
pname:hk_inst:0_ptype:pp_pstyle:m_x:408075.68_y:6429495.37_zone:1                      0.3924646691460278    1.000000000000000    0.000000000000000
pname:hk_inst:0_ptype:pp_pstyle:m_x:408575.68_y:6429495.37_zone:1                      0.3924646691460278    1.000000000000000    0.000000000000000
pname:hk_inst:0_ptype:pp_pstyle:m_x:409075.68_y:6429495.37_zone:1                      0.3924646691460278    1.000000000000000    0.000000000000000
pname:hk_inst:0_ptype:pp_pstyle:m_x:409575.68_y:6429495.37_zone:1                      0.3924646691460278    1.000000000000000    0.000000000000000
pname:hk_inst:0_ptype:pp_pstyle:m_x:410075.68_y:6429495.37_zone:1                      0.3924646691460278    1.000000000000000    0.000000000000000
pname:hk_inst:0_ptype:pp_pstyle:m_x:410575.68_y:6429495.37_zone:1                      0.3924646691460278    1.000000000000000    0.000000000000000
pname:hk_inst:0_ptype:pp_pstyle:m_x:411075.68_y:6429495.37_zone:1                      0.3924646691460278    1.000000000000000    0.000000000000000
pname:hk_inst:0_ptype:pp_pstyle:m_x:411575.68_y:6429495.37_zone:1                      0.3924646691460278    1.000000000000000    0.000000000000000
pname:hk_inst:0_ptype:pp_pstyle:m_x:412075.68_y:6429495.37_zone:1                      0.3924646691460278    1.000000000000000    0.000000000000000
pname:hk_inst:0_ptype:pp_pstyle:m_x:412575.68_y:6429495.37_zone:1                      0.3924646691460278    1.000000000000000    0.000000000000000
pname:hk_inst:0_ptype:pp_pstyle:m_x:413075.68_y:6429495.37_zone:1                      0.3924646691460278    1.000000000000000    0.000000000000000
pname:hk_inst:0_ptype:pp_pstyle:m_x:413575.68_y:6429495.37_zone:1                      0.3924646691460278    1.000000000000000    0.000000000000000
pname:hk_inst:0_ptype:pp_pstyle:m_x:406075.68_y:6428995.37_zone:1                      0.3924646691460278    1.000000000000000    0.000000000000000
pname:hk_inst:0_ptype:pp_pstyle:m_x:406575.68_y:6428995.37_zone:1                      0.3924646691460278    1.000000000000000    0.000000000000000
pname:hk_inst:0_ptype:pp_pstyle:m_x:407075.68_y:6428995.37_zone:1                      0.3924646691460278    1.000000000000000    0.000000000000000
pname:hk_inst:0_ptype:pp_pstyle:m_x:407575.68_y:6428995.37_zone:1                      0.3924646691460278    1.000000000000000    0.000000000000000
pname:hk_inst:0_ptype:pp_pstyle:m_x:409575.68_y:6428995.37_zone:1                      0.3924646691460278    1.000000000000000    0.000000000000000
pname:hk_inst:0_ptype:pp_pstyle:m_x:410075.68_y:6428995.37_zone:1                      0.3924646691460278    1.000000000000000    0.000000000000000
pname:hk_inst:0_ptype:pp_pstyle:m_x:410575.68_y:6428995.37_zone:1                      0.3924646691460278    1.000000000000000    0.000000000000000
pname:hk_inst:0_ptype:pp_pstyle:m_x:411075.68_y:6428995.37_zone:1                      0.3924646691460278    1.000000000000000    0.000000000000000
pname:hk_inst:0_ptype:pp_pstyle:m_x:411575.68_y:6428995.37_zone:1                      0.3924646691460278    1.000000000000000    0.000000000000000
pname:hk_inst:0_ptype:pp_pstyle:m_x:412075.68_y:6428995.37_zone:1                      0.3924646691460278    1.000000000000000    0.000000000000000
pname:hk_inst:0_ptype:pp_pstyle:m_x:412575.68_y:6428995.37_zone:1                      0.3924646691460278    1.000000000000000    0.000000000000000
pname:hk_inst:0_ptype:pp_pstyle:m_x:413075.68_y:6428995.37_zone:1                      0.3924646691460278    1.000000000000000    0.000000000000000
pname:hk_inst:0_ptype:pp_pstyle:m_x:413575.68_y:6428995.37_zone:1                      0.3924646691460278    1.000000000000000    0.000000000000000
pname:hk_inst:0_ptype:pp_pstyle:m_x:406075.68_y:6428495.37_zone:1                      0.3924646691460278    1.000000000000000    0.000000000000000
pname:hk_inst:0_ptype:pp_pstyle:m_x:406575.68_y:6428495.37_zone:1                      0.3924646691460278    1.000000000000000    0.000000000000000
pname:hk_inst:0_ptype:pp_pstyle:m_x:407075.68_y:6428495.37_zone:1                      0.3924646691460278    1.000000000000000    0.000000000000000
pname:hk_inst:0_ptype:pp_pstyle:m_x:407575.68_y:6428495.37_zone:1                      0.3924646691460278    1.000000000000000    0.000000000000000
pname:hk_inst:0_ptype:pp_pstyle:m_x:409575.68_y:6428495.37_zone:1                      0.3924646691460278    1.000000000000000    0.000000000000000
pname:hk_inst:0_ptype:pp_pstyle:m_x:410075.68_y:6428495.37_zone:1                      0.3924646691460278    1.000000000000000    0.000000000000000
pname:hk_inst:0_ptype:pp_pstyle:m_x:410575.68_y:6428495.37_zone:1                      0.3924646691460278    1.000000000000000    0.000000000000000
pname:hk_inst:0_ptype:pp_pstyle:m_x:411075.68_y:6428495.37_zone:1                      0.3924646691460278    1.000000000000000    0.000000000000000
pname:hk_inst:0_ptype:pp_pstyle:m_x:411575.68_y:6428495.37_zone:1                      0.3924646691460278    1.000000000000000    0.000000000000000
pname:hk_inst:0_ptype:pp_pstyle:m_x:412075.68_y:6428495.37_zone:1                      0.3924646691460278    1.000000000000000    0.000000000000000
pname:hk_inst:0_ptype:pp_pstyle:m_x:412575.68_y:6428495.37_zone:1                      0.3924646691460278    1.000000000000000    0.000000000000000
pname:hk_inst:0_ptype:pp_pstyle:m_x:413075.68_y:6428495.37_zone:1                      0.3924646691460278    1.000000000000000    0.000000000000000
pname:hk_inst:0_ptype:pp_pstyle:m_x:406075.68_y:6427995.37_zone:1                      0.3924646691460278    1.000000000000000    0.000000000000000
pname:hk_inst:0_ptype:pp_pstyle:m_x:406575.68_y:6427995.37_zone:1                      0.3924646691460278    1.000000000000000    0.000000000000000
pname:hk_inst:0_ptype:pp_pstyle:m_x:407075.68_y:6427995.37_zone:1                      0.3924646691460278    1.000000000000000    0.000000000000000
pname:hk_inst:0_ptype:pp_pstyle:m_x:407575.68_y:6427995.37_zone:1                      0.3924646691460278    1.000000000000000    0.000000000000000
pname:hk_inst:0_ptype:pp_pstyle:m_x:409575.68_y:6427995.37_zone:1                      0.3924646691460278    1.000000000000000    0.000000000000000
pname:hk_inst:0_ptype:pp_pstyle:m_x:410075.68_y:6427995.37_zone:1                      0.3924646691460278    1.000000000000000    0.000000000000000
pname:hk_inst:0_ptype:pp_pstyle:m_x:410575.68_y:6427995.37_zone:1                      0.3924646691460278    1.000000000000000    0.000000000000000
pname:hk_inst:0_ptype:pp_pstyle:m_x:411075.68_y:6427995.37_zone:1                      0.3924646691460278    1.000000000000000    0.000000000000000
pname:hk_inst:0_ptype:pp_pstyle:m_x:411575.68_y:6427995.37_zone:1                      0.3924646691460278    1.000000000000000    0.000000000000000
pname:hk_inst:0_ptype:pp_pstyle:m_x:412075.68_y:6427995.37_zone:1                      0.3924646691460278    1.000000000000000    0.000000000000000
pname:hk_inst:0_ptype:pp_pstyle:m_x:412575.68_y:6427995.37_zone:1                      0.3924646691460278    1.000000000000000    0.000000000000000
pname:hk_inst:0_ptype:pp_pstyle:m_x:413075.68_y:6427995.37_zone:1                      0.3924646691460278    1.000000000000000    0.000000000000000
pname:hk_inst:0_ptype:pp_pstyle:m_x:406075.68_y:6427495.37_zone:1                      0.3924646691460278    1.000000000000000    0.000000000000000
pname:hk_inst:0_ptype:pp_pstyle:m_x:406575.68_y:6427495.37_zone:1                      0.3924646691460278    1.000000000000000    0.000000000000000
pname:hk_inst:0_ptype:pp_pstyle:m_x:407075.68_y:6427495.37_zone:1                      0.3924646691460278    1.000000000000000    0.000000000000000
pname:hk_inst:0_ptype:pp_pstyle:m_x:407575.68_y:6427495.37_zone:1                      0.3924646691460278    1.000000000000000    0.000000000000000
pname:hk_inst:0_ptype:pp_pstyle:m_x:408075.68_y:6427495.37_zone:1                      0.3924646691460278    1.000000000000000    0.000000000000000
pname:hk_inst:0_ptype:pp_pstyle:m_x:408575.68_y:6427495.37_zone:1                      0.3924646691460278    1.000000000000000    0.000000000000000
pname:hk_inst:0_ptype:pp_pstyle:m_x:409075.68_y:6427495.37_zone:1                      0.3924646691460278    1.000000000000000    0.000000000000000
pname:hk_inst:0_ptype:pp_pstyle:m_x:409575.68_y:6427495.37_zone:1                      0.3924646691460278    1.000000000000000    0.000000000000000
pname:hk_inst:0_ptype:pp_pstyle:m_x:410075.68_y:6427495.37_zone:1                      0.3924646691460278    1.000000000000000    0.000000000000000
pname:hk_inst:0_ptype:pp_pstyle:m_x:410575.68_y:6427495.37_zone:1                      0.3924646691460278    1.000000000000000    0.000000000000000
pname:hk_inst:0_ptype:pp_pstyle:m_x:411075.68_y:6427495.37_zone:1                      0.3924646691460278    1.000000000000000    0.000000000000000
pname:hk_inst:0_ptype:pp_pstyle:m_x:411575.68_y:6427495.37_zone:1                      0.3924646691460278    1.000000000000000    0.000000000000000
pname:hk_inst:0_ptype:pp_pstyle:m_x:412075.68_y:6427495.37_zone:1                      0.3924646691460278    1.000000000000000    0.000000000000000
pname:hk_inst:0_ptype:pp_pstyle:m_x:412575.68_y:6427495.37_zone:1                      0.3924646691460278    1.000000000000000    0.000000000000000
pname:hk_inst:0_ptype:pp_pstyle:m_x:413075.68_y:6427495.37_zone:1                      0.3924646691460278    1.000000000000000    0.000000000000000
pname:hk_inst:0_ptype:pp_pstyle:m_x:406075.68_y:6426995.37_zone:1                      0.3924646691460278    1.000000000000000    0.000000000000000
pname:hk_inst:0_ptype:pp_pstyle:m_x:406575.68_y:6426995.37_zone:1                      0.3924646691460278    1.000000000000000    0.000000000000000
pname:hk_inst:0_ptype:pp_pstyle:m_x:407075.68_y:6426995.37_zone:1                      0.3924646691460278    1.000000000000000    0.000000000000000
pname:hk_inst:0_ptype:pp_pstyle:m_x:407575.68_y:6426995.37_zone:1                      0.3924646691460278    1.000000000000000    0.000000000000000
pname:hk_inst:0_ptype:pp_pstyle:m_x:408075.68_y:6426995.37_zone:1                      0.3924646691460278    1.000000000000000    0.000000000000000
pname:hk_inst:0_ptype:pp_pstyle:m_x:408575.68_y:6426995.37_zone:1                      0.3924646691460278    1.000000000000000    0.000000000000000
pname:hk_inst:0_ptype:pp_pstyle:m_x:409075.68_y:6426995.37_zone:1                      0.3924646691460278    1.000000000000000    0.000000000000000
pname:hk_inst:0_ptype:pp_pstyle:m_x:409575.68_y:6426995.37_zone:1                      0.3924646691460278    1.000000000000000    0.000000000000000
pname:hk_inst:0_ptype:pp_pstyle:m_x:410075.68_y:6426995.37_zone:1                      0.3924646691460278    1.000000000000000    0.000000000000000
pname:hk_inst:0_ptype:pp_pstyle:m_x:410575.68_y:6426995.37_zone:1                      0.3924646691460278    1.000000000000000    0.000000000000000
pname:hk_inst:0_ptype:pp_pstyle:m_x:411075.68_y:6426995.37_zone:1                      0.3924646691460278    1.000000000000000    0.000000000000000
pname:hk_inst:0_ptype:pp_pstyle:m_x:411575.68_y:6426995.37_zone:1                      0.3924646691460278    1.000000000000000    0.000000000000000
pname:hk_inst:0_ptype:pp_pstyle:m_x:412075.68_y:6426995.37_zone:1                      0.3924646691460278    1.000000000000000    0.000000000000000
pname:hk_inst:0_ptype:pp_pstyle:m_x:412575.68_y:6426995.37_zone:1                      0.3924646691460278    1.000000000000000    0.000000000000000
pname:hk_inst:0_ptype:pp_pstyle:m_x:413075.68_y:6426995.37_zone:1                      0.3924646691460278    1.000000000000000    0.000000000000000
pname:hk_inst:0_ptype:pp_pstyle:m_x:406075.68_y:6426495.37_zone:1                      0.3924646691460278    1.000000000000000    0.000000000000000
pname:hk_inst:0_ptype:pp_pstyle:m_x:406575.68_y:6426495.37_zone:1                      0.3924646691460278    1.000000000000000    0.000000000000000
pname:hk_inst:0_ptype:pp_pstyle:m_x:407075.68_y:6426495.37_zone:1                      0.3924646691460278    1.000000000000000    0.000000000000000
pname:hk_inst:0_ptype:pp_pstyle:m_x:407575.68_y:6426495.37_zone:1                      0.3924646691460278    1.000000000000000    0.000000000000000
pname:hk_inst:0_ptype:pp_pstyle:m_x:408075.68_y:6426495.37_zone:1                      0.3924646691460278    1.000000000000000    0.000000000000000
pname:hk_inst:0_ptype:pp_pstyle:m_x:408575.68_y:6426495.37_zone:1                      0.3924646691460278    1.000000000000000    0.000000000000000
pname:hk_inst:0_ptype:pp_pstyle:m_x:409075.68_y:6426495.37_zone:1                      0.3924646691460278    1.000000000000000    0.000000000000000
pname:hk_inst:0_ptype:pp_pstyle:m_x:409575.68_y:6426495.37_zone:1                      0.3924646691460278    1.000000000000000    0.000000000000000
pname:hk_inst:0_ptype:pp_pstyle:m_x:410075.68_y:6426495.37_zone:1                      0.3924646691460278    1.000000000000000    0.000000000000000
pname:hk_inst:0_ptype:pp_pstyle:m_x:410575.68_y:6426495.37_zone:1                      0.3924646691460278    1.000000000000000    0.000000000000000
pname:hk_inst:0_ptype:pp_pstyle:m_x:411075.68_y:6426495.37_zone:1                      0.3924646691460278    1.000000000000000    0.000000000000000
pname:hk_inst:0_ptype:pp_pstyle:m_x:411575.68_y:6426495.37_zone:1                      0.3924646691460278    1.000000000000000    0.000000000000000
pname:hk_inst:0_ptype:pp_pstyle:m_x:412075.68_y:6426495.37_zone:1                      0.3924646691460278    1.000000000000000    0.000000000000000
pname:hk_inst:0_ptype:pp_pstyle:m_x:412575.68_y:6426495.37_zone:1                      0.3924646691460278    1.000000000000000    0.000000000000000
pname:hk_inst:0_ptype:pp_pstyle:m_x:406575.68_y:6425995.37_zone:1                      0.3924646691460278    1.000000000000000    0.000000000000000
pname:hk_inst:0_ptype:pp_pstyle:m_x:407075.68_y:6425995.37_zone:1                      0.3924646691460278    1.000000000000000    0.000000000000000
pname:hk_inst:0_ptype:pp_pstyle:m_x:407575.68_y:6425995.37_zone:1                      0.3924646691460278    1.000000000000000    0.000000000000000
pname:hk_inst:0_ptype:pp_pstyle:m_x:408075.68_y:6425995.37_zone:1                      0.3924646691460278    1.000000000000000    0.000000000000000
pname:hk_inst:0_ptype:pp_pstyle:m_x:408575.68_y:6425995.37_zone:1                      0.3924646691460278    1.000000000000000    0.000000000000000
pname:hk_inst:0_ptype:pp_pstyle:m_x:409075.68_y:6425995.37_zone:1                      0.3924646691460278    1.000000000000000    0.000000000000000
pname:hk_inst:0_ptype:pp_pstyle:m_x:409575.68_y:6425995.37_zone:1                      0.3924646691460278    1.000000000000000    0.000000000000000
pname:hk_inst:0_ptype:pp_pstyle:m_x:410075.68_y:6425995.37_zone:1                      0.3924646691460278    1.000000000000000    0.000000000000000
pname:hk_inst:0_ptype:pp_pstyle:m_x:410575.68_y:6425995.37_zone:1                      0.3924646691460278    1.000000000000000    0.000000000000000
pname:hk_inst:0_ptype:pp_pstyle:m_x:411075.68_y:6425995.37_zone:1                      0.3924646691460278    1.000000000000000    0.000000000000000
pname:hk_inst:0_ptype:pp_pstyle:m_x:411575.68_y:6425995.37_zone:1                      0.3924646691460278    1.000000000000000    0.000000000000000
pname:hk_inst:0_ptype:pp_pstyle:m_x:412075.68_y:6425995.37_zone:1                      0.3924646691460278    1.000000000000000    0.000000000000000
pname:hk_inst:0_ptype:pp_pstyle:m_x:406575.68_y:6425495.37_zone:1                      0.3924646691460278    1.000000000000000    0.000000000000000
pname:hk_inst:0_ptype:pp_pstyle:m_x:407075.68_y:6425495.37_zone:1                      0.3924646691460278    1.000000000000000    0.000000000000000
pname:hk_inst:0_ptype:pp_pstyle:m_x:407575.68_y:6425495.37_zone:1                      0.3924646691460278    1.000000000000000    0.000000000000000
pname:hk_inst:0_ptype:pp_pstyle:m_x:408075.68_y:6425495.37_zone:1                      0.3924646691460278    1.000000000000000    0.000000000000000
pname:hk_inst:0_ptype:pp_pstyle:m_x:408575.68_y:6425495.37_zone:1                      0.3924646691460278    1.000000000000000    0.000000000000000
pname:hk_inst:0_ptype:pp_pstyle:m_x:409075.68_y:6425495.37_zone:1                      0.3924646691460278    1.000000000000000    0.000000000000000
pname:hk_inst:0_ptype:pp_pstyle:m_x:409575.68_y:6425495.37_zone:1                      0.3924646691460278    1.000000000000000    0.000000000000000
pname:hk_inst:0_ptype:pp_pstyle:m_x:410075.68_y:6425495.37_zone:1                      0.3924646691460278    1.000000000000000    0.000000000000000
pname:hk_inst:0_ptype:pp_pstyle:m_x:410575.68_y:6425495.37_zone:1                      0.3924646691460278    1.000000000000000    0.000000000000000
pname:hk_inst:0_ptype:pp_pstyle:m_x:411075.68_y:6425495.37_zone:1                      0.3924646691460278    1.000000000000000    0.000000000000000
pname:hk_inst:0_ptype:pp_pstyle:m_x:411575.68_y:6425495.37_zone:1                      0.3924646691460278    1.000000000000000    0.000000000000000
pname:hk_inst:0_ptype:pp_pstyle:m_x:407575.68_y:6424995.37_zone:1                      0.3924646691460278    1.000000000000000    0.000000000000000
pname:hk_inst:0_ptype:pp_pstyle:m_x:408075.68_y:6424995.37_zone:1                      0.3924646691460278    1.000000000000000    0.000000000000000
pname:hk_inst:0_ptype:pp_pstyle:m_x:408575.68_y:6424995.37_zone:1                      0.3924646691460278    1.000000000000000    0.000000000000000
pname:hk_inst:0_ptype:pp_pstyle:m_x:409075.68_y:6424995.37_zone:1                      0.3924646691460278    1.000000000000000    0.000000000000000
pname:hk_inst:0_ptype:pp_pstyle:m_x:409575.68_y:6424995.37_zone:1                      0.3924646691460278    1.000000000000000    0.000000000000000
pname:hk_inst:0_ptype:pp_pstyle:m_x:410075.68_y:6424995.37_zone:1                      0.3924646691460278    1.000000000000000    0.000000000000000
pname:hk_inst:0_ptype:pp_pstyle:m_x:410575.68_y:6424995.37_zone:1                      0.3924646691460278    1.000000000000000    0.000000000000000
pname:hk_inst:0_ptype:pp_pstyle:m_x:408075.68_y:6424495.37_zone:1                      0.3924646691460278    1.000000000000000    0.000000000000000
pname:hk_inst:0_ptype:pp_pstyle:m_x:408575.68_y:6424495.37_zone:1                      0.3924646691460278    1.000000000000000    0.000000000000000
pname:hk_inst:0_ptype:pp_pstyle:m_x:409075.68_y:6424495.37_zone:1                      0.3924646691460278    1.000000000000000    0.000000000000000
pname:hk_inst:0_ptype:pp_pstyle:m_x:409575.68_y:6424495.37_zone:1                      0.3924646691460278    1.000000000000000    0.000000000000000
pname:hk_inst:0_ptype:pp_pstyle:m_x:410075.68_y:6424495.37_zone:1                      0.3924646691460278    1.000000000000000    0.000000000000000
pname:hk_inst:0_ptype:pp_pstyle:m_x:408575.68_y:6423995.37_zone:1                      0.3924646691460278    1.000000000000000    0.000000000000000
pname:hk_inst:0_ptype:pp_pstyle:m_x:409075.68_y:6423995.37_zone:1                      0.3924646691460278    1.000000000000000    0.000000000000000
pname:hk_inst:0_ptype:pp_pstyle:m_x:409575.68_y:6423995.37_zone:1                      0.3924646691460278    1.000000000000000    0.000000000000000
pname:hk_inst:0_ptype:pp_pstyle:m_x:408575.68_y:6423495.37_zone:1                      0.3924646691460278    1.000000000000000    0.000000000000000
pname:hk_inst:0_ptype:pp_pstyle:m_x:407836.72_y:6429301.04_zone:1                      0.1347043876236843    1.000000000000000    0.000000000000000
pname:hk_inst:0_ptype:pp_pstyle:m_x:407986.72_y:6429301.04_zone:1                      0.3250594888275183    1.000000000000000    0.000000000000000
pname:hk_inst:0_ptype:pp_pstyle:m_x:408136.72_y:6429301.04_zone:1                      0.3883730118630601    1.000000000000000    0.000000000000000
pname:hk_inst:0_ptype:pp_pstyle:m_x:408286.72_y:6429301.04_zone:1                      0.5614789802824680    1.000000000000000    0.000000000000000
pname:hk_inst:0_ptype:pp_pstyle:m_x:408436.72_y:6429301.04_zone:1                      6.542861152285254    1.000000000000000    0.000000000000000
pname:hk_inst:0_ptype:pp_pstyle:m_x:408586.72_y:6429301.04_zone:1                      2.619890294638074    1.000000000000000    0.000000000000000
pname:hk_inst:0_ptype:pp_pstyle:m_x:408736.72_y:6429301.04_zone:1                      2.802088834739029    1.000000000000000    0.000000000000000
pname:hk_inst:0_ptype:pp_pstyle:m_x:408886.72_y:6429301.04_zone:1                      6.800194746240695    1.000000000000000    0.000000000000000
pname:hk_inst:0_ptype:pp_pstyle:m_x:409036.72_y:6429301.04_zone:1                      3.402952218476618    1.000000000000000    0.000000000000000
pname:hk_inst:0_ptype:pp_pstyle:m_x:409186.72_y:6429301.04_zone:1                      2.783021120131326    1.000000000000000    0.000000000000000
pname:hk_inst:0_ptype:pp_pstyle:m_x:409336.72_y:6429301.04_zone:1                      3.444208639531846    1.000000000000000    0.000000000000000
pname:hk_inst:0_ptype:pp_pstyle:m_x:407836.72_y:6429151.04_zone:1                      0.1627758361549070    1.000000000000000    0.000000000000000
pname:hk_inst:0_ptype:pp_pstyle:m_x:407986.72_y:6429151.04_zone:1                      0.2448121795237829    1.000000000000000    0.000000000000000
pname:hk_inst:0_ptype:pp_pstyle:m_x:408136.72_y:6429151.04_zone:1                      0.1600566822075726    1.000000000000000    0.000000000000000
pname:hk_inst:0_ptype:pp_pstyle:m_x:408286.72_y:6429151.04_zone:1                      0.6738228097376641    1.000000000000000    0.000000000000000
pname:hk_inst:0_ptype:pp_pstyle:m_x:408436.72_y:6429151.04_zone:1                      1.857994126216800    1.000000000000000    0.000000000000000
pname:hk_inst:0_ptype:pp_pstyle:m_x:408586.72_y:6429151.04_zone:1                      3.712628575934844    1.000000000000000    0.000000000000000
pname:hk_inst:0_ptype:pp_pstyle:m_x:408736.72_y:6429151.04_zone:1                      5.103477342986243    1.000000000000000    0.000000000000000
pname:hk_inst:0_ptype:pp_pstyle:m_x:408886.72_y:6429151.04_zone:1                      8.670939279445621    1.000000000000000    0.000000000000000
pname:hk_inst:0_ptype:pp_pstyle:m_x:409036.72_y:6429151.04_zone:1                      7.315716935635135    1.000000000000000    0.000000000000000
pname:hk_inst:0_ptype:pp_pstyle:m_x:409186.72_y:6429151.04_zone:1                      3.078758463762777    1.000000000000000    0.000000000000000
pname:hk_inst:0_ptype:pp_pstyle:m_x:409336.72_y:6429151.04_zone:1                      2.234447753599425    1.000000000000000    0.000000000000000
pname:hk_inst:0_ptype:pp_pstyle:m_x:407836.72_y:6429001.04_zone:1                      0.1457894460752905    1.000000000000000    0.000000000000000
pname:hk_inst:0_ptype:pp_pstyle:m_x:407986.72_y:6429001.04_zone:1                      0.2609537546271474    1.000000000000000    0.000000000000000
pname:hk_inst:0_ptype:pp_pstyle:m_x:408136.72_y:6429001.04_zone:1                      1.060526119134542    1.000000000000000    0.000000000000000
pname:hk_inst:0_ptype:pp_pstyle:m_x:408286.72_y:6429001.04_zone:1                      20.49647279226601    1.000000000000000    0.000000000000000
pname:hk_inst:0_ptype:pp_pstyle:m_x:408436.72_y:6429001.04_zone:1                      8.261442629779417    1.000000000000000    0.000000000000000
pname:hk_inst:0_ptype:pp_pstyle:m_x:408586.72_y:6429001.04_zone:1                      9.184734277101533    1.000000000000000    0.000000000000000
pname:hk_inst:0_ptype:pp_pstyle:m_x:408736.72_y:6429001.04_zone:1                      20.46958837134981    1.000000000000000    0.000000000000000
pname:hk_inst:0_ptype:pp_pstyle:m_x:408886.72_y:6429001.04_zone:1                      12.08142716429365    1.000000000000000    0.000000000000000
pname:hk_inst:0_ptype:pp_pstyle:m_x:409036.72_y:6429001.04_zone:1                      28.58415809825093    1.000000000000000    0.000000000000000
pname:hk_inst:0_ptype:pp_pstyle:m_x:409186.72_y:6429001.04_zone:1                      5.872151016580314    1.000000000000000    0.000000000000000
pname:hk_inst:0_ptype:pp_pstyle:m_x:409336.72_y:6429001.04_zone:1                      1.778535678281257    1.000000000000000    0.000000000000000
pname:hk_inst:0_ptype:pp_pstyle:m_x:407836.72_y:6428851.04_zone:1                      0.01895282188401867    1.000000000000000    0.000000000000000
pname:hk_inst:0_ptype:pp_pstyle:m_x:407986.72_y:6428851.04_zone:1                      0.5133078193357172    1.000000000000000    0.000000000000000
pname:hk_inst:0_ptype:pp_pstyle:m_x:408136.72_y:6428851.04_zone:1                      10.44605550618355    1.000000000000000    0.000000000000000
pname:hk_inst:0_ptype:pp_pstyle:m_x:408286.72_y:6428851.04_zone:1                      37.12026679919516    1.000000000000000    0.000000000000000
pname:hk_inst:0_ptype:pp_pstyle:m_x:408436.72_y:6428851.04_zone:1                      9.013630582027147    1.000000000000000    0.000000000000000
pname:hk_inst:0_ptype:pp_pstyle:m_x:408586.72_y:6428851.04_zone:1                      85.27774231111052    1.000000000000000    0.000000000000000
pname:hk_inst:0_ptype:pp_pstyle:m_x:408736.72_y:6428851.04_zone:1                      19.25414500273992    1.000000000000000    0.000000000000000
pname:hk_inst:0_ptype:pp_pstyle:m_x:408886.72_y:6428851.04_zone:1                      4341.730760884730    1.000000000000000    0.000000000000000
pname:hk_inst:0_ptype:pp_pstyle:m_x:409036.72_y:6428851.04_zone:1                      8157.256986357297    1.000000000000000    0.000000000000000
pname:hk_inst:0_ptype:pp_pstyle:m_x:409186.72_y:6428851.04_zone:1                      3.125066233348309    1.000000000000000    0.000000000000000
pname:hk_inst:0_ptype:pp_pstyle:m_x:409336.72_y:6428851.04_zone:1                      0.4436372437824350    1.000000000000000    0.000000000000000
pname:hk_inst:0_ptype:pp_pstyle:m_x:407836.72_y:6428701.04_zone:1                      0.02803580494210010    1.000000000000000    0.000000000000000
pname:hk_inst:0_ptype:pp_pstyle:m_x:407986.72_y:6428701.04_zone:1                      14.10383557907502    1.000000000000000    0.000000000000000
pname:hk_inst:0_ptype:pp_pstyle:m_x:408136.72_y:6428701.04_zone:1                      672.9265964039070    1.000000000000000    0.000000000000000
pname:hk_inst:0_ptype:pp_pstyle:m_x:408286.72_y:6428701.04_zone:1                      669.0465108692548    1.000000000000000    0.000000000000000
pname:hk_inst:0_ptype:pp_pstyle:m_x:408436.72_y:6428701.04_zone:1                      6238.449334111347    1.000000000000000    0.000000000000000
pname:hk_inst:0_ptype:pp_pstyle:m_x:408586.72_y:6428701.04_zone:1                      39.27455954467774    1.000000000000000    0.000000000000000
pname:hk_inst:0_ptype:pp_pstyle:m_x:408736.72_y:6428701.04_zone:1                      38.85500570357320    1.000000000000000    0.000000000000000
pname:hk_inst:0_ptype:pp_pstyle:m_x:408886.72_y:6428701.04_zone:1                      72.07188820121731    1.000000000000000    0.000000000000000
pname:hk_inst:0_ptype:pp_pstyle:m_x:409036.72_y:6428701.04_zone:1                      3.784389856470840    1.000000000000000    0.000000000000000
pname:hk_inst:0_ptype:pp_pstyle:m_x:409186.72_y:6428701.04_zone:1                      0.1396018806940365    1.000000000000000    0.000000000000000
pname:hk_inst:0_ptype:pp_pstyle:m_x:409336.72_y:6428701.04_zone:1                      0.2611304855852224    1.000000000000000    0.000000000000000
pname:hk_inst:0_ptype:pp_pstyle:m_x:407836.72_y:6428551.04_zone:1                      1.345572098145480    1.000000000000000    0.000000000000000
pname:hk_inst:0_ptype:pp_pstyle:m_x:407986.72_y:6428551.04_zone:1                      33.50400707631068    1.000000000000000    0.000000000000000
pname:hk_inst:0_ptype:pp_pstyle:m_x:408136.72_y:6428551.04_zone:1                      1.212293220038489    1.000000000000000    0.000000000000000
pname:hk_inst:0_ptype:pp_pstyle:m_x:408286.72_y:6428551.04_zone:1                      8.035069998946108    1.000000000000000    0.000000000000000
pname:hk_inst:0_ptype:pp_pstyle:m_x:408436.72_y:6428551.04_zone:1                      0.2412365475261668    1.000000000000000    0.000000000000000
pname:hk_inst:0_ptype:pp_pstyle:m_x:408586.72_y:6428551.04_zone:1                      3.191643358440714    1.000000000000000    0.000000000000000
pname:hk_inst:0_ptype:pp_pstyle:m_x:408736.72_y:6428551.04_zone:1                      0.1645737870364799    1.000000000000000    0.000000000000000
pname:hk_inst:0_ptype:pp_pstyle:m_x:408886.72_y:6428551.04_zone:1                      0.02674684814474968    1.000000000000000    0.000000000000000
pname:hk_inst:0_ptype:pp_pstyle:m_x:409036.72_y:6428551.04_zone:1                      0.2737959864911523    1.000000000000000    0.000000000000000
pname:hk_inst:0_ptype:pp_pstyle:m_x:409186.72_y:6428551.04_zone:1                      1.278043047178339    1.000000000000000    0.000000000000000
pname:hk_inst:0_ptype:pp_pstyle:m_x:409336.72_y:6428551.04_zone:1                      5.348130139486863    1.000000000000000    0.000000000000000
pname:hk_inst:0_ptype:pp_pstyle:m_x:407836.72_y:6428401.04_zone:1                      0.3757439369185188    1.000000000000000    0.000000000000000
pname:hk_inst:0_ptype:pp_pstyle:m_x:407986.72_y:6428401.04_zone:1                      4.721385290020951    1.000000000000000    0.000000000000000
pname:hk_inst:0_ptype:pp_pstyle:m_x:408136.72_y:6428401.04_zone:1                      2.838520466146413    1.000000000000000    0.000000000000000
pname:hk_inst:0_ptype:pp_pstyle:m_x:408286.72_y:6428401.04_zone:1                      1.628234528372797    1.000000000000000    0.000000000000000
pname:hk_inst:0_ptype:pp_pstyle:m_x:408436.72_y:6428401.04_zone:1                      19107.58859269434    1.000000000000000    0.000000000000000
pname:hk_inst:0_ptype:pp_pstyle:m_x:408586.72_y:6428401.04_zone:1                      59.71598832776822    1.000000000000000    0.000000000000000
pname:hk_inst:0_ptype:pp_pstyle:m_x:408736.72_y:6428401.04_zone:1                      0.1064260171891084    1.000000000000000    0.000000000000000
pname:hk_inst:0_ptype:pp_pstyle:m_x:408886.72_y:6428401.04_zone:1                      5.802831665001324    1.000000000000000    0.000000000000000
pname:hk_inst:0_ptype:pp_pstyle:m_x:409036.72_y:6428401.04_zone:1                      0.6400606396652443    1.000000000000000    0.000000000000000
pname:hk_inst:0_ptype:pp_pstyle:m_x:409186.72_y:6428401.04_zone:1                      0.1533033817667775    1.000000000000000    0.000000000000000
pname:hk_inst:0_ptype:pp_pstyle:m_x:409336.72_y:6428401.04_zone:1                      4.552362264432137    1.000000000000000    0.000000000000000
pname:hk_inst:0_ptype:pp_pstyle:m_x:407836.72_y:6428251.04_zone:1                      0.2153393118863487    1.000000000000000    0.000000000000000
pname:hk_inst:0_ptype:pp_pstyle:m_x:407986.72_y:6428251.04_zone:1                      0.1181581201777566    1.000000000000000    0.000000000000000
pname:hk_inst:0_ptype:pp_pstyle:m_x:408136.72_y:6428251.04_zone:1                      0.2657231739115929    1.000000000000000    0.000000000000000
pname:hk_inst:0_ptype:pp_pstyle:m_x:408286.72_y:6428251.04_zone:1                      15.69199606482245    1.000000000000000    0.000000000000000
pname:hk_inst:0_ptype:pp_pstyle:m_x:408436.72_y:6428251.04_zone:1                      54.27016744325081    1.000000000000000    0.000000000000000
pname:hk_inst:0_ptype:pp_pstyle:m_x:408586.72_y:6428251.04_zone:1                      0.1393937209426946    1.000000000000000    0.000000000000000
pname:hk_inst:0_ptype:pp_pstyle:m_x:408736.72_y:6428251.04_zone:1                      4.111361372332825    1.000000000000000    0.000000000000000
pname:hk_inst:0_ptype:pp_pstyle:m_x:408886.72_y:6428251.04_zone:1                      42.04978314248804    1.000000000000000    0.000000000000000
pname:hk_inst:0_ptype:pp_pstyle:m_x:409036.72_y:6428251.04_zone:1                      0.1658029031961999    1.000000000000000    0.000000000000000
pname:hk_inst:0_ptype:pp_pstyle:m_x:409186.72_y:6428251.04_zone:1                      0.3635165744904001    1.000000000000000    0.000000000000000
pname:hk_inst:0_ptype:pp_pstyle:m_x:409336.72_y:6428251.04_zone:1                      2884.592760685566    1.000000000000000    0.000000000000000
pname:hk_inst:0_ptype:pp_pstyle:m_x:407836.72_y:6428101.04_zone:1                      0.7326386221421027    1.000000000000000    0.000000000000000
pname:hk_inst:0_ptype:pp_pstyle:m_x:407986.72_y:6428101.04_zone:1                      0.7905940126768847    1.000000000000000    0.000000000000000
pname:hk_inst:0_ptype:pp_pstyle:m_x:408136.72_y:6428101.04_zone:1                      0.2388792962369247    1.000000000000000    0.000000000000000
pname:hk_inst:0_ptype:pp_pstyle:m_x:408286.72_y:6428101.04_zone:1                      0.3312029262480729    1.000000000000000    0.000000000000000
pname:hk_inst:0_ptype:pp_pstyle:m_x:408436.72_y:6428101.04_zone:1                      2.548072523832287    1.000000000000000    0.000000000000000
pname:hk_inst:0_ptype:pp_pstyle:m_x:408586.72_y:6428101.04_zone:1                      2.453598408954337    1.000000000000000    0.000000000000000
pname:hk_inst:0_ptype:pp_pstyle:m_x:408736.72_y:6428101.04_zone:1                      21.37375391630573    1.000000000000000    0.000000000000000
pname:hk_inst:0_ptype:pp_pstyle:m_x:408886.72_y:6428101.04_zone:1                      15.14123976416907    1.000000000000000    0.000000000000000
pname:hk_inst:0_ptype:pp_pstyle:m_x:409036.72_y:6428101.04_zone:1                      1.064739767323494    1.000000000000000    0.000000000000000
pname:hk_inst:0_ptype:pp_pstyle:m_x:409186.72_y:6428101.04_zone:1                      4.168629006032256    1.000000000000000    0.000000000000000
pname:hk_inst:0_ptype:pp_pstyle:m_x:409336.72_y:6428101.04_zone:1                      4.050683028838180    1.000000000000000    0.000000000000000
pname:hk_inst:0_ptype:pp_pstyle:m_x:407836.72_y:6427951.04_zone:1                      5.098236375110977    1.000000000000000    0.000000000000000
pname:hk_inst:0_ptype:pp_pstyle:m_x:407986.72_y:6427951.04_zone:1                      2.914760679061262    1.000000000000000    0.000000000000000
pname:hk_inst:0_ptype:pp_pstyle:m_x:408136.72_y:6427951.04_zone:1                      0.7664977784234889    1.000000000000000    0.000000000000000
pname:hk_inst:0_ptype:pp_pstyle:m_x:408286.72_y:6427951.04_zone:1                      0.2583556016804300    1.000000000000000    0.000000000000000
pname:hk_inst:0_ptype:pp_pstyle:m_x:408436.72_y:6427951.04_zone:1                      0.2800359293182481    1.000000000000000    0.000000000000000
pname:hk_inst:0_ptype:pp_pstyle:m_x:408586.72_y:6427951.04_zone:1                      0.1893177131583295    1.000000000000000    0.000000000000000
pname:hk_inst:0_ptype:pp_pstyle:m_x:408736.72_y:6427951.04_zone:1                      0.02649260102163461    1.000000000000000    0.000000000000000
pname:hk_inst:0_ptype:pp_pstyle:m_x:408886.72_y:6427951.04_zone:1                      0.2752272043006181    1.000000000000000    0.000000000000000
pname:hk_inst:0_ptype:pp_pstyle:m_x:409036.72_y:6427951.04_zone:1                      0.3773117131016203    1.000000000000000    0.000000000000000
pname:hk_inst:0_ptype:pp_pstyle:m_x:409186.72_y:6427951.04_zone:1                      1.297790896973434    1.000000000000000    0.000000000000000
pname:hk_inst:0_ptype:pp_pstyle:m_x:409336.72_y:6427951.04_zone:1                      1.333074369634391    1.000000000000000    0.000000000000000
pname:hk_inst:0_ptype:pp_pstyle:m_x:407836.72_y:6427801.04_zone:1                      3.558199559109887    1.000000000000000    0.000000000000000
pname:hk_inst:0_ptype:pp_pstyle:m_x:407986.72_y:6427801.04_zone:1                      2.016013392899393    1.000000000000000    0.000000000000000
pname:hk_inst:0_ptype:pp_pstyle:m_x:408136.72_y:6427801.04_zone:1                      1.317181744908945    1.000000000000000    0.000000000000000
pname:hk_inst:0_ptype:pp_pstyle:m_x:408286.72_y:6427801.04_zone:1                      0.4890274678805180    1.000000000000000    0.000000000000000
pname:hk_inst:0_ptype:pp_pstyle:m_x:408436.72_y:6427801.04_zone:1                      0.2677795376727918    1.000000000000000    0.000000000000000
pname:hk_inst:0_ptype:pp_pstyle:m_x:408586.72_y:6427801.04_zone:1                      0.3151205042374848    1.000000000000000    0.000000000000000
pname:hk_inst:0_ptype:pp_pstyle:m_x:408736.72_y:6427801.04_zone:1                      0.2143972154462349    1.000000000000000    0.000000000000000
pname:hk_inst:0_ptype:pp_pstyle:m_x:408886.72_y:6427801.04_zone:1                      0.1758427763744675    1.000000000000000    0.000000000000000
pname:hk_inst:0_ptype:pp_pstyle:m_x:409036.72_y:6427801.04_zone:1                      0.6071823726713969    1.000000000000000    0.000000000000000
pname:hk_inst:0_ptype:pp_pstyle:m_x:409186.72_y:6427801.04_zone:1                      0.7809013192841162    1.000000000000000    0.000000000000000
pname:hk_inst:0_ptype:pp_pstyle:m_x:409336.72_y:6427801.04_zone:1                      1.042641551494977    1.000000000000000    0.000000000000000
pname:hk_inst:0_ptype:pp_pstyle:m_x:407836.72_y:6427651.04_zone:1                      2.501190629406433    1.000000000000000    0.000000000000000
pname:hk_inst:0_ptype:pp_pstyle:m_x:407986.72_y:6427651.04_zone:1                      1.434114086633415    1.000000000000000    0.000000000000000
pname:hk_inst:0_ptype:pp_pstyle:m_x:408136.72_y:6427651.04_zone:1                      1.217221012196579    1.000000000000000    0.000000000000000
pname:hk_inst:0_ptype:pp_pstyle:m_x:408286.72_y:6427651.04_zone:1                      0.7875286381727806    1.000000000000000    0.000000000000000
pname:hk_inst:0_ptype:pp_pstyle:m_x:408436.72_y:6427651.04_zone:1                      0.2857681614543957    1.000000000000000    0.000000000000000
pname:hk_inst:0_ptype:pp_pstyle:m_x:408586.72_y:6427651.04_zone:1                      0.2833683171925872    1.000000000000000    0.000000000000000
pname:hk_inst:0_ptype:pp_pstyle:m_x:408736.72_y:6427651.04_zone:1                      0.2804595916053083    1.000000000000000    0.000000000000000
pname:hk_inst:0_ptype:pp_pstyle:m_x:408886.72_y:6427651.04_zone:1                      0.1392891406488886    1.000000000000000    0.000000000000000
pname:hk_inst:0_ptype:pp_pstyle:m_x:409036.72_y:6427651.04_zone:1                      0.2768506436509939    1.000000000000000    0.000000000000000
pname:hk_inst:0_ptype:pp_pstyle:m_x:409186.72_y:6427651.04_zone:1                      0.5268154141626979    1.000000000000000    0.000000000000000
pname:hk_inst:0_ptype:pp_pstyle:m_x:409336.72_y:6427651.04_zone:1                      0.4785593966279951    1.000000000000000    0.000000000000000
pname:rc_inst:0_ptype:cn_pstyle:m                      0.2672733046080384    1.000000000000000    0.000000000000000
pname:d_inst:0_ptype:gr_usecol:3_pstyle:m_idx0:ghb_s                      1.000000005433680    1.000000000000000    0.000000000000000
pname:d_inst:0_ptype:gr_usecol:3_pstyle:m_idx0:ghb_n                      1.000000000320037    1.000000000000000    0.000000000000000
pname:d_inst:0_ptype:gr_usecol:3_pstyle:m_idx0:ghb_w                      1.000000049979563    1.000000000000000    0.000000000000000
pname:cond_inst:0_ptype:gr_usecol:3_pstyle:m_idx0:bar                      3.112734362292302    1.000000000000000    0.000000000000000
pname:cond_inst:0_ptype:gr_usecol:3_pstyle:m_idx0:gal                      4.425002068475760    1.000000000000000    0.000000000000000
pname:riv_inst:0_ptype:gr_usecol:3_pstyle:m_idx0:jpt_seuil_aval                      1.180729873072157    1.000000000000000    0.000000000000000
pname:riv_inst:0_ptype:gr_usecol:3_pstyle:m_idx0:noir_amont                      0.9911870058771730    1.000000000000000    0.000000000000000
pname:riv_inst:0_ptype:gr_usecol:3_pstyle:m_idx0:thil_amont                      0.1213057191826486    1.000000000000000    0.000000000000000
pname:riv_inst:0_ptype:gr_usecol:3_pstyle:m_idx0:haillan4                      0.8528519941073824    1.000000000000000    0.000000000000000
pname:riv_inst:0_ptype:gr_usecol:3_pstyle:m_idx0:noir_aval                      1.027685662281432    1.000000000000000    0.000000000000000
pname:riv_inst:0_ptype:gr_usecol:3_pstyle:m_idx0:majolan                      1.084679183465692    1.000000000000000    0.000000000000000
pname:riv_inst:0_ptype:gr_usecol:3_pstyle:m_idx0:gajac                      0.7583488346643062    1.000000000000000    0.000000000000000
pname:riv_inst:0_ptype:gr_usecol:3_pstyle:m_idx0:haillan2                      0.8983859600247397    1.000000000000000    0.000000000000000
pname:riv_inst:0_ptype:gr_usecol:3_pstyle:m_idx0:bussaguet_aval                      1.119554119929911    1.000000000000000    0.000000000000000
pname:riv_inst:0_ptype:gr_usecol:3_pstyle:m_idx0:jpt_ecl_amont                      0.9879872107695382    1.000000000000000    0.000000000000000
pname:riv_inst:0_ptype:gr_usecol:3_pstyle:m_idx0:moulinat_amont                      1.417960166996335    1.000000000000000    0.000000000000000
pname:riv_inst:0_ptype:gr_usecol:3_pstyle:m_idx0:haillan3                      0.1749538727358446    1.000000000000000    0.000000000000000
pname:riv_inst:0_ptype:gr_usecol:3_pstyle:m_idx0:blanc_amont                      0.9920553302752194    1.000000000000000    0.000000000000000
pname:riv_inst:0_ptype:gr_usecol:3_pstyle:m_idx0:bussaguet_amont                      0.9472055740520826    1.000000000000000    0.000000000000000
pname:riv_inst:0_ptype:gr_usecol:3_pstyle:m_idx0:haillan5                      0.8064026738417369    1.000000000000000    0.000000000000000
pname:riv_inst:0_ptype:gr_usecol:3_pstyle:m_idx0:jpt_ecl_aval                      1.045003808154736    1.000000000000000    0.000000000000000
pname:riv_inst:0_ptype:gr_usecol:3_pstyle:m_idx0:thil_aval                      6.128619046869434    1.000000000000000    0.000000000000000
pname:riv_inst:0_ptype:gr_usecol:3_pstyle:m_idx0:haillan1                      0.04958355310941553    1.000000000000000    0.000000000000000
pname:riv_inst:0_ptype:gr_usecol:3_pstyle:m_idx0:moulinat_aval                      1.130696422268878    1.000000000000000    0.000000000000000
pname:cond_inst:1_ptype:gr_usecol:3_pstyle:m_idx0:bar                      11.99789288615425    1.000000000000000    0.000000000000000
pname:cond_inst:1_ptype:gr_usecol:3_pstyle:m_idx0:gal                      0.4041920182409562    1.000000000000000    0.000000000000000
pname:riv_inst:1_ptype:gr_usecol:3_pstyle:m_idx0:jpt_seuil_aval                      1.180729873072157    1.000000000000000    0.000000000000000
pname:riv_inst:1_ptype:gr_usecol:3_pstyle:m_idx0:noir_amont                      0.9911870058771730    1.000000000000000    0.000000000000000
pname:riv_inst:1_ptype:gr_usecol:3_pstyle:m_idx0:thil_amont                      0.1213057191826486    1.000000000000000    0.000000000000000
pname:riv_inst:1_ptype:gr_usecol:3_pstyle:m_idx0:haillan4                      0.8528519941073824    1.000000000000000    0.000000000000000
pname:riv_inst:1_ptype:gr_usecol:3_pstyle:m_idx0:noir_aval                      1.027685662281432    1.000000000000000    0.000000000000000
pname:riv_inst:1_ptype:gr_usecol:3_pstyle:m_idx0:majolan                      1.084679183465692    1.000000000000000    0.000000000000000
pname:riv_inst:1_ptype:gr_usecol:3_pstyle:m_idx0:gajac                      0.7583488346643062    1.000000000000000    0.000000000000000
pname:riv_inst:1_ptype:gr_usecol:3_pstyle:m_idx0:haillan2                      0.8983859600247397    1.000000000000000    0.000000000000000
pname:riv_inst:1_ptype:gr_usecol:3_pstyle:m_idx0:bussaguet_aval                      1.119554119929911    1.000000000000000    0.000000000000000
pname:riv_inst:1_ptype:gr_usecol:3_pstyle:m_idx0:jpt_ecl_amont                      0.9879872107695382    1.000000000000000    0.000000000000000
pname:riv_inst:1_ptype:gr_usecol:3_pstyle:m_idx0:moulinat_amont                      1.417960166996335    1.000000000000000    0.000000000000000
pname:riv_inst:1_ptype:gr_usecol:3_pstyle:m_idx0:haillan3                      0.1749538727358446    1.000000000000000    0.000000000000000
pname:riv_inst:1_ptype:gr_usecol:3_pstyle:m_idx0:blanc_amont                      0.9920553302752194    1.000000000000000    0.000000000000000
pname:riv_inst:1_ptype:gr_usecol:3_pstyle:m_idx0:bussaguet_amont                      0.9472055740520826    1.000000000000000    0.000000000000000
pname:riv_inst:1_ptype:gr_usecol:3_pstyle:m_idx0:haillan5                      0.8064026738417369    1.000000000000000    0.000000000000000
pname:riv_inst:1_ptype:gr_usecol:3_pstyle:m_idx0:jpt_ecl_aval                      1.045003808154736    1.000000000000000    0.000000000000000
pname:riv_inst:1_ptype:gr_usecol:3_pstyle:m_idx0:thil_aval                      6.128619046869434    1.000000000000000    0.000000000000000
pname:riv_inst:1_ptype:gr_usecol:3_pstyle:m_idx0:haillan1                      0.04958355310941553    1.000000000000000    0.000000000000000
pname:riv_inst:1_ptype:gr_usecol:3_pstyle:m_idx0:moulinat_aval                      1.130696422268878    1.000000000000000    0.000000000000000
pname:cond_inst:2_ptype:gr_usecol:3_pstyle:m_idx0:bar                      1.154095155169498    1.000000000000000    0.000000000000000
pname:cond_inst:2_ptype:gr_usecol:3_pstyle:m_idx0:gal                      15.24566000530207    1.000000000000000    0.000000000000000
pname:riv_inst:2_ptype:gr_usecol:3_pstyle:m_idx0:jpt_seuil_aval                      1.180729873072157    1.000000000000000    0.000000000000000
pname:riv_inst:2_ptype:gr_usecol:3_pstyle:m_idx0:noir_amont                      0.9911870058771730    1.000000000000000    0.000000000000000
pname:riv_inst:2_ptype:gr_usecol:3_pstyle:m_idx0:thil_amont                      0.1213057191826486    1.000000000000000    0.000000000000000
pname:riv_inst:2_ptype:gr_usecol:3_pstyle:m_idx0:haillan4                      0.8528519941073824    1.000000000000000    0.000000000000000
pname:riv_inst:2_ptype:gr_usecol:3_pstyle:m_idx0:noir_aval                      1.027685662281432    1.000000000000000    0.000000000000000
pname:riv_inst:2_ptype:gr_usecol:3_pstyle:m_idx0:majolan                      1.084679183465692    1.000000000000000    0.000000000000000
pname:riv_inst:2_ptype:gr_usecol:3_pstyle:m_idx0:gajac                      0.7583488346643062    1.000000000000000    0.000000000000000
pname:riv_inst:2_ptype:gr_usecol:3_pstyle:m_idx0:haillan2                      0.8983859600247397    1.000000000000000    0.000000000000000
pname:riv_inst:2_ptype:gr_usecol:3_pstyle:m_idx0:bussaguet_aval                      1.119554119929911    1.000000000000000    0.000000000000000
pname:riv_inst:2_ptype:gr_usecol:3_pstyle:m_idx0:jpt_ecl_amont                      0.9879872107695382    1.000000000000000    0.000000000000000
pname:riv_inst:2_ptype:gr_usecol:3_pstyle:m_idx0:moulinat_amont                      1.417960166996335    1.000000000000000    0.000000000000000
pname:riv_inst:2_ptype:gr_usecol:3_pstyle:m_idx0:haillan3                      0.1749538727358446    1.000000000000000    0.000000000000000
pname:riv_inst:2_ptype:gr_usecol:3_pstyle:m_idx0:blanc_amont                      0.9920553302752194    1.000000000000000    0.000000000000000
pname:riv_inst:2_ptype:gr_usecol:3_pstyle:m_idx0:bussaguet_amont                      0.9472055740520826    1.000000000000000    0.000000000000000
pname:riv_inst:2_ptype:gr_usecol:3_pstyle:m_idx0:haillan5                      0.8064026738417369    1.000000000000000    0.000000000000000
pname:riv_inst:2_ptype:gr_usecol:3_pstyle:m_idx0:jpt_ecl_aval                      1.045003808154736    1.000000000000000    0.000000000000000
pname:riv_inst:2_ptype:gr_usecol:3_pstyle:m_idx0:thil_aval                      6.128619046869434    1.000000000000000    0.000000000000000
pname:riv_inst:2_ptype:gr_usecol:3_pstyle:m_idx0:haillan1                      0.04958355310941553    1.000000000000000    0.000000000000000
pname:riv_inst:2_ptype:gr_usecol:3_pstyle:m_idx0:moulinat_aval                      1.130696422268878    1.000000000000000    0.000000000000000
pname:cond_inst:3_ptype:gr_usecol:3_pstyle:m_idx0:bar                      0.7112604622378913    1.000000000000000    0.000000000000000
pname:cond_inst:3_ptype:gr_usecol:3_pstyle:m_idx0:gal                      0.6772953148656518    1.000000000000000    0.000000000000000
pname:riv_inst:3_ptype:gr_usecol:3_pstyle:m_idx0:jpt_seuil_aval                      1.180729873072157    1.000000000000000    0.000000000000000
pname:riv_inst:3_ptype:gr_usecol:3_pstyle:m_idx0:noir_amont                      0.9911870058771730    1.000000000000000    0.000000000000000
pname:riv_inst:3_ptype:gr_usecol:3_pstyle:m_idx0:thil_amont                      0.1213057191826486    1.000000000000000    0.000000000000000
pname:riv_inst:3_ptype:gr_usecol:3_pstyle:m_idx0:haillan4                      0.8528519941073824    1.000000000000000    0.000000000000000
pname:riv_inst:3_ptype:gr_usecol:3_pstyle:m_idx0:noir_aval                      1.027685662281432    1.000000000000000    0.000000000000000
pname:riv_inst:3_ptype:gr_usecol:3_pstyle:m_idx0:majolan                      1.084679183465692    1.000000000000000    0.000000000000000
pname:riv_inst:3_ptype:gr_usecol:3_pstyle:m_idx0:gajac                      0.7583488346643062    1.000000000000000    0.000000000000000
pname:riv_inst:3_ptype:gr_usecol:3_pstyle:m_idx0:haillan2                      0.8983859600247397    1.000000000000000    0.000000000000000
pname:riv_inst:3_ptype:gr_usecol:3_pstyle:m_idx0:bussaguet_aval                      1.119554119929911    1.000000000000000    0.000000000000000
pname:riv_inst:3_ptype:gr_usecol:3_pstyle:m_idx0:jpt_ecl_amont                      0.9879872107695382    1.000000000000000    0.000000000000000
pname:riv_inst:3_ptype:gr_usecol:3_pstyle:m_idx0:moulinat_amont                      1.417960166996335    1.000000000000000    0.000000000000000
pname:riv_inst:3_ptype:gr_usecol:3_pstyle:m_idx0:haillan3                      0.1749538727358446    1.000000000000000    0.000000000000000
pname:riv_inst:3_ptype:gr_usecol:3_pstyle:m_idx0:blanc_amont                      0.9920553302752194    1.000000000000000    0.000000000000000
pname:riv_inst:3_ptype:gr_usecol:3_pstyle:m_idx0:bussaguet_amont                      0.9472055740520826    1.000000000000000    0.000000000000000
pname:riv_inst:3_ptype:gr_usecol:3_pstyle:m_idx0:haillan5                      0.8064026738417369    1.000000000000000    0.000000000000000
pname:riv_inst:3_ptype:gr_usecol:3_pstyle:m_idx0:jpt_ecl_aval                      1.045003808154736    1.000000000000000    0.000000000000000
pname:riv_inst:3_ptype:gr_usecol:3_pstyle:m_idx0:thil_aval                      6.128619046869434    1.000000000000000    0.000000000000000
pname:riv_inst:3_ptype:gr_usecol:3_pstyle:m_idx0:haillan1                      0.04958355310941553    1.000000000000000    0.000000000000000
pname:riv_inst:3_ptype:gr_usecol:3_pstyle:m_idx0:moulinat_aval                      1.130696422268878    1.000000000000000    0.000000000000000
pname:cond_inst:4_ptype:gr_usecol:3_pstyle:m_idx0:bar                      0.6958678150548717    1.000000000000000    0.000000000000000
pname:cond_inst:4_ptype:gr_usecol:3_pstyle:m_idx0:gal                      0.5445195237036780    1.000000000000000    0.000000000000000
pname:riv_inst:4_ptype:gr_usecol:3_pstyle:m_idx0:jpt_seuil_aval                      1.180729873072157    1.000000000000000    0.000000000000000
pname:riv_inst:4_ptype:gr_usecol:3_pstyle:m_idx0:noir_amont                      0.9911870058771730    1.000000000000000    0.000000000000000
pname:riv_inst:4_ptype:gr_usecol:3_pstyle:m_idx0:thil_amont                      0.1213057191826486    1.000000000000000    0.000000000000000
pname:riv_inst:4_ptype:gr_usecol:3_pstyle:m_idx0:haillan4                      0.8528519941073824    1.000000000000000    0.000000000000000
pname:riv_inst:4_ptype:gr_usecol:3_pstyle:m_idx0:noir_aval                      1.027685662281432    1.000000000000000    0.000000000000000
pname:riv_inst:4_ptype:gr_usecol:3_pstyle:m_idx0:majolan                      1.084679183465692    1.000000000000000    0.000000000000000
pname:riv_inst:4_ptype:gr_usecol:3_pstyle:m_idx0:gajac                      0.7583488346643062    1.000000000000000    0.000000000000000
pname:riv_inst:4_ptype:gr_usecol:3_pstyle:m_idx0:haillan2                      0.8983859600247397    1.000000000000000    0.000000000000000
pname:riv_inst:4_ptype:gr_usecol:3_pstyle:m_idx0:bussaguet_aval                      1.119554119929911    1.000000000000000    0.000000000000000
pname:riv_inst:4_ptype:gr_usecol:3_pstyle:m_idx0:jpt_ecl_amont                      0.9879872107695382    1.000000000000000    0.000000000000000
pname:riv_inst:4_ptype:gr_usecol:3_pstyle:m_idx0:moulinat_amont                      1.417960166996335    1.000000000000000    0.000000000000000
pname:riv_inst:4_ptype:gr_usecol:3_pstyle:m_idx0:haillan3                      0.1749538727358446    1.000000000000000    0.000000000000000
pname:riv_inst:4_ptype:gr_usecol:3_pstyle:m_idx0:blanc_amont                      0.9920553302752194    1.000000000000000    0.000000000000000
pname:riv_inst:4_ptype:gr_usecol:3_pstyle:m_idx0:bussaguet_amont                      0.9472055740520826    1.000000000000000    0.000000000000000
pname:riv_inst:4_ptype:gr_usecol:3_pstyle:m_idx0:haillan5                      0.8064026738417369    1.000000000000000    0.000000000000000
pname:riv_inst:4_ptype:gr_usecol:3_pstyle:m_idx0:jpt_ecl_aval                      1.045003808154736    1.000000000000000    0.000000000000000
pname:riv_inst:4_ptype:gr_usecol:3_pstyle:m_idx0:thil_aval                      6.128619046869434    1.000000000000000    0.000000000000000
pname:riv_inst:4_ptype:gr_usecol:3_pstyle:m_idx0:haillan1                      0.04958355310941553    1.000000000000000    0.000000000000000
pname:riv_inst:4_ptype:gr_usecol:3_pstyle:m_idx0:moulinat_aval                      1.130696422268878    1.000000000000000    0.000000000000000
pname:cond_inst:5_ptype:gr_usecol:3_pstyle:m_idx0:bar                      0.6693365132908037    1.000000000000000    0.000000000000000
pname:cond_inst:5_ptype:gr_usecol:3_pstyle:m_idx0:gal                      0.6881050658490567    1.000000000000000    0.000000000000000
pname:riv_inst:5_ptype:gr_usecol:3_pstyle:m_idx0:jpt_seuil_aval                      1.180729873072157    1.000000000000000    0.000000000000000
pname:riv_inst:5_ptype:gr_usecol:3_pstyle:m_idx0:noir_amont                      0.9911870058771730    1.000000000000000    0.000000000000000
pname:riv_inst:5_ptype:gr_usecol:3_pstyle:m_idx0:thil_amont                      0.1213057191826486    1.000000000000000    0.000000000000000
pname:riv_inst:5_ptype:gr_usecol:3_pstyle:m_idx0:haillan4                      0.8528519941073824    1.000000000000000    0.000000000000000
pname:riv_inst:5_ptype:gr_usecol:3_pstyle:m_idx0:noir_aval                      1.027685662281432    1.000000000000000    0.000000000000000
pname:riv_inst:5_ptype:gr_usecol:3_pstyle:m_idx0:majolan                      1.084679183465692    1.000000000000000    0.000000000000000
pname:riv_inst:5_ptype:gr_usecol:3_pstyle:m_idx0:gajac                      0.7583488346643062    1.000000000000000    0.000000000000000
pname:riv_inst:5_ptype:gr_usecol:3_pstyle:m_idx0:haillan2                      0.8983859600247397    1.000000000000000    0.000000000000000
pname:riv_inst:5_ptype:gr_usecol:3_pstyle:m_idx0:bussaguet_aval                      1.119554119929911    1.000000000000000    0.000000000000000
pname:riv_inst:5_ptype:gr_usecol:3_pstyle:m_idx0:jpt_ecl_amont                      0.9879872107695382    1.000000000000000    0.000000000000000
pname:riv_inst:5_ptype:gr_usecol:3_pstyle:m_idx0:moulinat_amont                      1.417960166996335    1.000000000000000    0.000000000000000
pname:riv_inst:5_ptype:gr_usecol:3_pstyle:m_idx0:haillan3                      0.1749538727358446    1.000000000000000    0.000000000000000
pname:riv_inst:5_ptype:gr_usecol:3_pstyle:m_idx0:blanc_amont                      0.9920553302752194    1.000000000000000    0.000000000000000
pname:riv_inst:5_ptype:gr_usecol:3_pstyle:m_idx0:bussaguet_amont                      0.9472055740520826    1.000000000000000    0.000000000000000
pname:riv_inst:5_ptype:gr_usecol:3_pstyle:m_idx0:haillan5                      0.8064026738417369    1.000000000000000    0.000000000000000
pname:riv_inst:5_ptype:gr_usecol:3_pstyle:m_idx0:jpt_ecl_aval                      1.045003808154736    1.000000000000000    0.000000000000000
pname:riv_inst:5_ptype:gr_usecol:3_pstyle:m_idx0:thil_aval                      6.128619046869434    1.000000000000000    0.000000000000000
pname:riv_inst:5_ptype:gr_usecol:3_pstyle:m_idx0:haillan1                      0.04958355310941553    1.000000000000000    0.000000000000000
pname:riv_inst:5_ptype:gr_usecol:3_pstyle:m_idx0:moulinat_aval                      1.130696422268878    1.000000000000000    0.000000000000000
pname:cond_inst:6_ptype:gr_usecol:3_pstyle:m_idx0:bar                      3.818574945702232    1.000000000000000    0.000000000000000
pname:cond_inst:6_ptype:gr_usecol:3_pstyle:m_idx0:gal                      0.5796646105998724    1.000000000000000    0.000000000000000
pname:riv_inst:6_ptype:gr_usecol:3_pstyle:m_idx0:jpt_seuil_aval                      1.180729873072157    1.000000000000000    0.000000000000000
pname:riv_inst:6_ptype:gr_usecol:3_pstyle:m_idx0:noir_amont                      0.9911870058771730    1.000000000000000    0.000000000000000
pname:riv_inst:6_ptype:gr_usecol:3_pstyle:m_idx0:thil_amont                      0.1213057191826486    1.000000000000000    0.000000000000000
pname:riv_inst:6_ptype:gr_usecol:3_pstyle:m_idx0:haillan4                      0.8528519941073824    1.000000000000000    0.000000000000000
pname:riv_inst:6_ptype:gr_usecol:3_pstyle:m_idx0:noir_aval                      1.027685662281432    1.000000000000000    0.000000000000000
pname:riv_inst:6_ptype:gr_usecol:3_pstyle:m_idx0:majolan                      1.084679183465692    1.000000000000000    0.000000000000000
pname:riv_inst:6_ptype:gr_usecol:3_pstyle:m_idx0:gajac                      0.7583488346643062    1.000000000000000    0.000000000000000
pname:riv_inst:6_ptype:gr_usecol:3_pstyle:m_idx0:haillan2                      0.8983859600247397    1.000000000000000    0.000000000000000
pname:riv_inst:6_ptype:gr_usecol:3_pstyle:m_idx0:bussaguet_aval                      1.119554119929911    1.000000000000000    0.000000000000000
pname:riv_inst:6_ptype:gr_usecol:3_pstyle:m_idx0:jpt_ecl_amont                      0.9879872107695382    1.000000000000000    0.000000000000000
pname:riv_inst:6_ptype:gr_usecol:3_pstyle:m_idx0:moulinat_amont                      1.417960166996335    1.000000000000000    0.000000000000000
pname:riv_inst:6_ptype:gr_usecol:3_pstyle:m_idx0:haillan3                      0.1749538727358446    1.000000000000000    0.000000000000000
pname:riv_inst:6_ptype:gr_usecol:3_pstyle:m_idx0:blanc_amont                      0.9920553302752194    1.000000000000000    0.000000000000000
pname:riv_inst:6_ptype:gr_usecol:3_pstyle:m_idx0:bussaguet_amont                      0.9472055740520826    1.000000000000000    0.000000000000000
pname:riv_inst:6_ptype:gr_usecol:3_pstyle:m_idx0:haillan5                      0.8064026738417369    1.000000000000000    0.000000000000000
pname:riv_inst:6_ptype:gr_usecol:3_pstyle:m_idx0:jpt_ecl_aval                      1.045003808154736    1.000000000000000    0.000000000000000
pname:riv_inst:6_ptype:gr_usecol:3_pstyle:m_idx0:thil_aval                      6.128619046869434    1.000000000000000    0.000000000000000
pname:riv_inst:6_ptype:gr_usecol:3_pstyle:m_idx0:haillan1                      0.04958355310941553    1.000000000000000    0.000000000000000
pname:riv_inst:6_ptype:gr_usecol:3_pstyle:m_idx0:moulinat_aval                      1.130696422268878    1.000000000000000    0.000000000000000
pname:cond_inst:7_ptype:gr_usecol:3_pstyle:m_idx0:bar                      2.526128152910857    1.000000000000000    0.000000000000000
pname:cond_inst:7_ptype:gr_usecol:3_pstyle:m_idx0:gal                      0.1510321775620595    1.000000000000000    0.000000000000000
pname:riv_inst:7_ptype:gr_usecol:3_pstyle:m_idx0:jpt_seuil_aval                      1.180729873072157    1.000000000000000    0.000000000000000
pname:riv_inst:7_ptype:gr_usecol:3_pstyle:m_idx0:noir_amont                      0.9911870058771730    1.000000000000000    0.000000000000000
pname:riv_inst:7_ptype:gr_usecol:3_pstyle:m_idx0:thil_amont                      0.1213057191826486    1.000000000000000    0.000000000000000
pname:riv_inst:7_ptype:gr_usecol:3_pstyle:m_idx0:haillan4                      0.8528519941073824    1.000000000000000    0.000000000000000
pname:riv_inst:7_ptype:gr_usecol:3_pstyle:m_idx0:noir_aval                      1.027685662281432    1.000000000000000    0.000000000000000
pname:riv_inst:7_ptype:gr_usecol:3_pstyle:m_idx0:majolan                      1.084679183465692    1.000000000000000    0.000000000000000
pname:riv_inst:7_ptype:gr_usecol:3_pstyle:m_idx0:gajac                      0.7583488346643062    1.000000000000000    0.000000000000000
pname:riv_inst:7_ptype:gr_usecol:3_pstyle:m_idx0:haillan2                      0.8983859600247397    1.000000000000000    0.000000000000000
pname:riv_inst:7_ptype:gr_usecol:3_pstyle:m_idx0:bussaguet_aval                      1.119554119929911    1.000000000000000    0.000000000000000
pname:riv_inst:7_ptype:gr_usecol:3_pstyle:m_idx0:jpt_ecl_amont                      0.9879872107695382    1.000000000000000    0.000000000000000
pname:riv_inst:7_ptype:gr_usecol:3_pstyle:m_idx0:moulinat_amont                      1.417960166996335    1.000000000000000    0.000000000000000
pname:riv_inst:7_ptype:gr_usecol:3_pstyle:m_idx0:haillan3                      0.1749538727358446    1.000000000000000    0.000000000000000
pname:riv_inst:7_ptype:gr_usecol:3_pstyle:m_idx0:blanc_amont                      0.9920553302752194    1.000000000000000    0.000000000000000
pname:riv_inst:7_ptype:gr_usecol:3_pstyle:m_idx0:bussaguet_amont                      0.9472055740520826    1.000000000000000    0.000000000000000
pname:riv_inst:7_ptype:gr_usecol:3_pstyle:m_idx0:haillan5                      0.8064026738417369    1.000000000000000    0.000000000000000
pname:riv_inst:7_ptype:gr_usecol:3_pstyle:m_idx0:jpt_ecl_aval                      1.045003808154736    1.000000000000000    0.000000000000000
pname:riv_inst:7_ptype:gr_usecol:3_pstyle:m_idx0:thil_aval                      6.128619046869434    1.000000000000000    0.000000000000000
pname:riv_inst:7_ptype:gr_usecol:3_pstyle:m_idx0:haillan1                      0.04958355310941553    1.000000000000000    0.000000000000000
pname:riv_inst:7_ptype:gr_usecol:3_pstyle:m_idx0:moulinat_aval                      1.130696422268878    1.000000000000000    0.000000000000000
pname:cond_inst:8_ptype:gr_usecol:3_pstyle:m_idx0:bar                      5.027950834822938    1.000000000000000    0.000000000000000
pname:cond_inst:8_ptype:gr_usecol:3_pstyle:m_idx0:gal                      0.2378878404678805    1.000000000000000    0.000000000000000
pname:riv_inst:8_ptype:gr_usecol:3_pstyle:m_idx0:jpt_seuil_aval                      1.180729873072157    1.000000000000000    0.000000000000000
pname:riv_inst:8_ptype:gr_usecol:3_pstyle:m_idx0:noir_amont                      0.9911870058771730    1.000000000000000    0.000000000000000
pname:riv_inst:8_ptype:gr_usecol:3_pstyle:m_idx0:thil_amont                      0.1213057191826486    1.000000000000000    0.000000000000000
pname:riv_inst:8_ptype:gr_usecol:3_pstyle:m_idx0:haillan4                      0.8528519941073824    1.000000000000000    0.000000000000000
pname:riv_inst:8_ptype:gr_usecol:3_pstyle:m_idx0:noir_aval                      1.027685662281432    1.000000000000000    0.000000000000000
pname:riv_inst:8_ptype:gr_usecol:3_pstyle:m_idx0:majolan                      1.084679183465692    1.000000000000000    0.000000000000000
pname:riv_inst:8_ptype:gr_usecol:3_pstyle:m_idx0:gajac                      0.7583488346643062    1.000000000000000    0.000000000000000
pname:riv_inst:8_ptype:gr_usecol:3_pstyle:m_idx0:haillan2                      0.8983859600247397    1.000000000000000    0.000000000000000
pname:riv_inst:8_ptype:gr_usecol:3_pstyle:m_idx0:bussaguet_aval                      1.119554119929911    1.000000000000000    0.000000000000000
pname:riv_inst:8_ptype:gr_usecol:3_pstyle:m_idx0:jpt_ecl_amont                      0.9879872107695382    1.000000000000000    0.000000000000000
pname:riv_inst:8_ptype:gr_usecol:3_pstyle:m_idx0:moulinat_amont                      1.417960166996335    1.000000000000000    0.000000000000000
pname:riv_inst:8_ptype:gr_usecol:3_pstyle:m_idx0:haillan3                      0.1749538727358446    1.000000000000000    0.000000000000000
pname:riv_inst:8_ptype:gr_usecol:3_pstyle:m_idx0:blanc_amont                      0.9920553302752194    1.000000000000000    0.000000000000000
pname:riv_inst:8_ptype:gr_usecol:3_pstyle:m_idx0:bussaguet_amont                      0.9472055740520826    1.000000000000000    0.000000000000000
pname:riv_inst:8_ptype:gr_usecol:3_pstyle:m_idx0:haillan5                      0.8064026738417369    1.000000000000000    0.000000000000000
pname:riv_inst:8_ptype:gr_usecol:3_pstyle:m_idx0:jpt_ecl_aval                      1.045003808154736    1.000000000000000    0.000000000000000
pname:riv_inst:8_ptype:gr_usecol:3_pstyle:m_idx0:thil_aval                      6.128619046869434    1.000000000000000    0.000000000000000
pname:riv_inst:8_ptype:gr_usecol:3_pstyle:m_idx0:haillan1                      0.04958355310941553    1.000000000000000    0.000000000000000
pname:riv_inst:8_ptype:gr_usecol:3_pstyle:m_idx0:moulinat_aval                      1.130696422268878    1.000000000000000    0.000000000000000
pname:cond_inst:9_ptype:gr_usecol:3_pstyle:m_idx0:bar                      5.094317148483275    1.000000000000000    0.000000000000000
pname:cond_inst:9_ptype:gr_usecol:3_pstyle:m_idx0:gal                      0.7448737655956063    1.000000000000000    0.000000000000000
pname:riv_inst:9_ptype:gr_usecol:3_pstyle:m_idx0:jpt_seuil_aval                      1.180729873072157    1.000000000000000    0.000000000000000
pname:riv_inst:9_ptype:gr_usecol:3_pstyle:m_idx0:noir_amont                      0.9911870058771730    1.000000000000000    0.000000000000000
pname:riv_inst:9_ptype:gr_usecol:3_pstyle:m_idx0:thil_amont                      0.1213057191826486    1.000000000000000    0.000000000000000
pname:riv_inst:9_ptype:gr_usecol:3_pstyle:m_idx0:haillan4                      0.8528519941073824    1.000000000000000    0.000000000000000
pname:riv_inst:9_ptype:gr_usecol:3_pstyle:m_idx0:noir_aval                      1.027685662281432    1.000000000000000    0.000000000000000
pname:riv_inst:9_ptype:gr_usecol:3_pstyle:m_idx0:majolan                      1.084679183465692    1.000000000000000    0.000000000000000
pname:riv_inst:9_ptype:gr_usecol:3_pstyle:m_idx0:gajac                      0.7583488346643062    1.000000000000000    0.000000000000000
pname:riv_inst:9_ptype:gr_usecol:3_pstyle:m_idx0:haillan2                      0.8983859600247397    1.000000000000000    0.000000000000000
pname:riv_inst:9_ptype:gr_usecol:3_pstyle:m_idx0:bussaguet_aval                      1.119554119929911    1.000000000000000    0.000000000000000
pname:riv_inst:9_ptype:gr_usecol:3_pstyle:m_idx0:jpt_ecl_amont                      0.9879872107695382    1.000000000000000    0.000000000000000
pname:riv_inst:9_ptype:gr_usecol:3_pstyle:m_idx0:moulinat_amont                      1.417960166996335    1.000000000000000    0.000000000000000
pname:riv_inst:9_ptype:gr_usecol:3_pstyle:m_idx0:haillan3                      0.1749538727358446    1.000000000000000    0.000000000000000
pname:riv_inst:9_ptype:gr_usecol:3_pstyle:m_idx0:blanc_amont                      0.9920553302752194    1.000000000000000    0.000000000000000
pname:riv_inst:9_ptype:gr_usecol:3_pstyle:m_idx0:bussaguet_amont                      0.9472055740520826    1.000000000000000    0.000000000000000
pname:riv_inst:9_ptype:gr_usecol:3_pstyle:m_idx0:haillan5                      0.8064026738417369    1.000000000000000    0.000000000000000
pname:riv_inst:9_ptype:gr_usecol:3_pstyle:m_idx0:jpt_ecl_aval                      1.045003808154736    1.000000000000000    0.000000000000000
pname:riv_inst:9_ptype:gr_usecol:3_pstyle:m_idx0:thil_aval                      6.128619046869434    1.000000000000000    0.000000000000000
pname:riv_inst:9_ptype:gr_usecol:3_pstyle:m_idx0:haillan1                      0.04958355310941553    1.000000000000000    0.000000000000000
pname:riv_inst:9_ptype:gr_usecol:3_pstyle:m_idx0:moulinat_aval                      1.130696422268878    1.000000000000000    0.000000000000000
