single point
pname:hk_inst:0_ptype:pp_pstyle:m_x:409075.68_y:6432495.37_zone:1                      0.3902533415530051    1.000000000000000    0.000000000000000
pname:hk_inst:0_ptype:pp_pstyle:m_x:407575.68_y:6431995.37_zone:1                      0.3902533415530051    1.000000000000000    0.000000000000000
pname:hk_inst:0_ptype:pp_pstyle:m_x:408075.68_y:6431995.37_zone:1                      0.3902533415530051    1.000000000000000    0.000000000000000
pname:hk_inst:0_ptype:pp_pstyle:m_x:408575.68_y:6431995.37_zone:1                      0.3902533415530051    1.000000000000000    0.000000000000000
pname:hk_inst:0_ptype:pp_pstyle:m_x:409075.68_y:6431995.37_zone:1                      0.3902533415530051    1.000000000000000    0.000000000000000
pname:hk_inst:0_ptype:pp_pstyle:m_x:409575.68_y:6431995.37_zone:1                      0.3902533415530051    1.000000000000000    0.000000000000000
pname:hk_inst:0_ptype:pp_pstyle:m_x:410075.68_y:6431995.37_zone:1                      0.3902533415530051    1.000000000000000    0.000000000000000
pname:hk_inst:0_ptype:pp_pstyle:m_x:407075.68_y:6431495.37_zone:1                      0.3902533415530051    1.000000000000000    0.000000000000000
pname:hk_inst:0_ptype:pp_pstyle:m_x:407575.68_y:6431495.37_zone:1                      0.3902533415530051    1.000000000000000    0.000000000000000
pname:hk_inst:0_ptype:pp_pstyle:m_x:408075.68_y:6431495.37_zone:1                      0.3902533415530051    1.000000000000000    0.000000000000000
pname:hk_inst:0_ptype:pp_pstyle:m_x:408575.68_y:6431495.37_zone:1                      0.3902533415530051    1.000000000000000    0.000000000000000
pname:hk_inst:0_ptype:pp_pstyle:m_x:409075.68_y:6431495.37_zone:1                      0.3902533415530051    1.000000000000000    0.000000000000000
pname:hk_inst:0_ptype:pp_pstyle:m_x:409575.68_y:6431495.37_zone:1                      0.3902533415530051    1.000000000000000    0.000000000000000
pname:hk_inst:0_ptype:pp_pstyle:m_x:410075.68_y:6431495.37_zone:1                      0.3902533415530051    1.000000000000000    0.000000000000000
pname:hk_inst:0_ptype:pp_pstyle:m_x:410575.68_y:6431495.37_zone:1                      0.3902533415530051    1.000000000000000    0.000000000000000
pname:hk_inst:0_ptype:pp_pstyle:m_x:407075.68_y:6430995.37_zone:1                      0.3902533415530051    1.000000000000000    0.000000000000000
pname:hk_inst:0_ptype:pp_pstyle:m_x:407575.68_y:6430995.37_zone:1                      0.3902533415530051    1.000000000000000    0.000000000000000
pname:hk_inst:0_ptype:pp_pstyle:m_x:408075.68_y:6430995.37_zone:1                      0.3902533415530051    1.000000000000000    0.000000000000000
pname:hk_inst:0_ptype:pp_pstyle:m_x:408575.68_y:6430995.37_zone:1                      0.3902533415530051    1.000000000000000    0.000000000000000
pname:hk_inst:0_ptype:pp_pstyle:m_x:409075.68_y:6430995.37_zone:1                      0.3902533415530051    1.000000000000000    0.000000000000000
pname:hk_inst:0_ptype:pp_pstyle:m_x:409575.68_y:6430995.37_zone:1                      0.3902533415530051    1.000000000000000    0.000000000000000
pname:hk_inst:0_ptype:pp_pstyle:m_x:410075.68_y:6430995.37_zone:1                      0.3902533415530051    1.000000000000000    0.000000000000000
pname:hk_inst:0_ptype:pp_pstyle:m_x:410575.68_y:6430995.37_zone:1                      0.3902533415530051    1.000000000000000    0.000000000000000
pname:hk_inst:0_ptype:pp_pstyle:m_x:411075.68_y:6430995.37_zone:1                      0.3902533415530051    1.000000000000000    0.000000000000000
pname:hk_inst:0_ptype:pp_pstyle:m_x:407075.68_y:6430495.37_zone:1                      0.3902533415530051    1.000000000000000    0.000000000000000
pname:hk_inst:0_ptype:pp_pstyle:m_x:407575.68_y:6430495.37_zone:1                      0.3902533415530051    1.000000000000000    0.000000000000000
pname:hk_inst:0_ptype:pp_pstyle:m_x:408075.68_y:6430495.37_zone:1                      0.3902533415530051    1.000000000000000    0.000000000000000
pname:hk_inst:0_ptype:pp_pstyle:m_x:408575.68_y:6430495.37_zone:1                      0.3902533415530051    1.000000000000000    0.000000000000000
pname:hk_inst:0_ptype:pp_pstyle:m_x:409075.68_y:6430495.37_zone:1                      0.3902533415530051    1.000000000000000    0.000000000000000
pname:hk_inst:0_ptype:pp_pstyle:m_x:409575.68_y:6430495.37_zone:1                      0.3902533415530051    1.000000000000000    0.000000000000000
pname:hk_inst:0_ptype:pp_pstyle:m_x:410075.68_y:6430495.37_zone:1                      0.3902533415530051    1.000000000000000    0.000000000000000
pname:hk_inst:0_ptype:pp_pstyle:m_x:410575.68_y:6430495.37_zone:1                      0.3902533415530051    1.000000000000000    0.000000000000000
pname:hk_inst:0_ptype:pp_pstyle:m_x:411075.68_y:6430495.37_zone:1                      0.3902533415530051    1.000000000000000    0.000000000000000
pname:hk_inst:0_ptype:pp_pstyle:m_x:411575.68_y:6430495.37_zone:1                      0.3902533415530051    1.000000000000000    0.000000000000000
pname:hk_inst:0_ptype:pp_pstyle:m_x:406575.68_y:6429995.37_zone:1                      0.3902533415530051    1.000000000000000    0.000000000000000
pname:hk_inst:0_ptype:pp_pstyle:m_x:407075.68_y:6429995.37_zone:1                      0.3902533415530051    1.000000000000000    0.000000000000000
pname:hk_inst:0_ptype:pp_pstyle:m_x:407575.68_y:6429995.37_zone:1                      0.3902533415530051    1.000000000000000    0.000000000000000
pname:hk_inst:0_ptype:pp_pstyle:m_x:408075.68_y:6429995.37_zone:1                      0.3902533415530051    1.000000000000000    0.000000000000000
pname:hk_inst:0_ptype:pp_pstyle:m_x:408575.68_y:6429995.37_zone:1                      0.3902533415530051    1.000000000000000    0.000000000000000
pname:hk_inst:0_ptype:pp_pstyle:m_x:409075.68_y:6429995.37_zone:1                      0.3902533415530051    1.000000000000000    0.000000000000000
pname:hk_inst:0_ptype:pp_pstyle:m_x:409575.68_y:6429995.37_zone:1                      0.3902533415530051    1.000000000000000    0.000000000000000
pname:hk_inst:0_ptype:pp_pstyle:m_x:410075.68_y:6429995.37_zone:1                      0.3902533415530051    1.000000000000000    0.000000000000000
pname:hk_inst:0_ptype:pp_pstyle:m_x:410575.68_y:6429995.37_zone:1                      0.3902533415530051    1.000000000000000    0.000000000000000
pname:hk_inst:0_ptype:pp_pstyle:m_x:411075.68_y:6429995.37_zone:1                      0.3902533415530051    1.000000000000000    0.000000000000000
pname:hk_inst:0_ptype:pp_pstyle:m_x:411575.68_y:6429995.37_zone:1                      0.3902533415530051    1.000000000000000    0.000000000000000
pname:hk_inst:0_ptype:pp_pstyle:m_x:412075.68_y:6429995.37_zone:1                      0.3902533415530051    1.000000000000000    0.000000000000000
pname:hk_inst:0_ptype:pp_pstyle:m_x:412575.68_y:6429995.37_zone:1                      0.3902533415530051    1.000000000000000    0.000000000000000
pname:hk_inst:0_ptype:pp_pstyle:m_x:413075.68_y:6429995.37_zone:1                      0.3902533415530051    1.000000000000000    0.000000000000000
pname:hk_inst:0_ptype:pp_pstyle:m_x:406575.68_y:6429495.37_zone:1                      0.3902533415530051    1.000000000000000    0.000000000000000
pname:hk_inst:0_ptype:pp_pstyle:m_x:407075.68_y:6429495.37_zone:1                      0.3902533415530051    1.000000000000000    0.000000000000000
pname:hk_inst:0_ptype:pp_pstyle:m_x:407575.68_y:6429495.37_zone:1                      0.3902533415530051    1.000000000000000    0.000000000000000
pname:hk_inst:0_ptype:pp_pstyle:m_x:408075.68_y:6429495.37_zone:1                      0.3902533415530051    1.000000000000000    0.000000000000000
pname:hk_inst:0_ptype:pp_pstyle:m_x:408575.68_y:6429495.37_zone:1                      0.3902533415530051    1.000000000000000    0.000000000000000
pname:hk_inst:0_ptype:pp_pstyle:m_x:409075.68_y:6429495.37_zone:1                      0.3902533415530051    1.000000000000000    0.000000000000000
pname:hk_inst:0_ptype:pp_pstyle:m_x:409575.68_y:6429495.37_zone:1                      0.3902533415530051    1.000000000000000    0.000000000000000
pname:hk_inst:0_ptype:pp_pstyle:m_x:410075.68_y:6429495.37_zone:1                      0.3902533415530051    1.000000000000000    0.000000000000000
pname:hk_inst:0_ptype:pp_pstyle:m_x:410575.68_y:6429495.37_zone:1                      0.3902533415530051    1.000000000000000    0.000000000000000
pname:hk_inst:0_ptype:pp_pstyle:m_x:411075.68_y:6429495.37_zone:1                      0.3902533415530051    1.000000000000000    0.000000000000000
pname:hk_inst:0_ptype:pp_pstyle:m_x:411575.68_y:6429495.37_zone:1                      0.3902533415530051    1.000000000000000    0.000000000000000
pname:hk_inst:0_ptype:pp_pstyle:m_x:412075.68_y:6429495.37_zone:1                      0.3902533415530051    1.000000000000000    0.000000000000000
pname:hk_inst:0_ptype:pp_pstyle:m_x:412575.68_y:6429495.37_zone:1                      0.3902533415530051    1.000000000000000    0.000000000000000
pname:hk_inst:0_ptype:pp_pstyle:m_x:413075.68_y:6429495.37_zone:1                      0.3902533415530051    1.000000000000000    0.000000000000000
pname:hk_inst:0_ptype:pp_pstyle:m_x:413575.68_y:6429495.37_zone:1                      0.3902533415530051    1.000000000000000    0.000000000000000
pname:hk_inst:0_ptype:pp_pstyle:m_x:406075.68_y:6428995.37_zone:1                      0.3902533415530051    1.000000000000000    0.000000000000000
pname:hk_inst:0_ptype:pp_pstyle:m_x:406575.68_y:6428995.37_zone:1                      0.3902533415530051    1.000000000000000    0.000000000000000
pname:hk_inst:0_ptype:pp_pstyle:m_x:407075.68_y:6428995.37_zone:1                      0.3902533415530051    1.000000000000000    0.000000000000000
pname:hk_inst:0_ptype:pp_pstyle:m_x:407575.68_y:6428995.37_zone:1                      0.3902533415530051    1.000000000000000    0.000000000000000
pname:hk_inst:0_ptype:pp_pstyle:m_x:409575.68_y:6428995.37_zone:1                      0.3902533415530051    1.000000000000000    0.000000000000000
pname:hk_inst:0_ptype:pp_pstyle:m_x:410075.68_y:6428995.37_zone:1                      0.3902533415530051    1.000000000000000    0.000000000000000
pname:hk_inst:0_ptype:pp_pstyle:m_x:410575.68_y:6428995.37_zone:1                      0.3902533415530051    1.000000000000000    0.000000000000000
pname:hk_inst:0_ptype:pp_pstyle:m_x:411075.68_y:6428995.37_zone:1                      0.3902533415530051    1.000000000000000    0.000000000000000
pname:hk_inst:0_ptype:pp_pstyle:m_x:411575.68_y:6428995.37_zone:1                      0.3902533415530051    1.000000000000000    0.000000000000000
pname:hk_inst:0_ptype:pp_pstyle:m_x:412075.68_y:6428995.37_zone:1                      0.3902533415530051    1.000000000000000    0.000000000000000
pname:hk_inst:0_ptype:pp_pstyle:m_x:412575.68_y:6428995.37_zone:1                      0.3902533415530051    1.000000000000000    0.000000000000000
pname:hk_inst:0_ptype:pp_pstyle:m_x:413075.68_y:6428995.37_zone:1                      0.3902533415530051    1.000000000000000    0.000000000000000
pname:hk_inst:0_ptype:pp_pstyle:m_x:413575.68_y:6428995.37_zone:1                      0.3902533415530051    1.000000000000000    0.000000000000000
pname:hk_inst:0_ptype:pp_pstyle:m_x:406075.68_y:6428495.37_zone:1                      0.3902533415530051    1.000000000000000    0.000000000000000
pname:hk_inst:0_ptype:pp_pstyle:m_x:406575.68_y:6428495.37_zone:1                      0.3902533415530051    1.000000000000000    0.000000000000000
pname:hk_inst:0_ptype:pp_pstyle:m_x:407075.68_y:6428495.37_zone:1                      0.3902533415530051    1.000000000000000    0.000000000000000
pname:hk_inst:0_ptype:pp_pstyle:m_x:407575.68_y:6428495.37_zone:1                      0.3902533415530051    1.000000000000000    0.000000000000000
pname:hk_inst:0_ptype:pp_pstyle:m_x:409575.68_y:6428495.37_zone:1                      0.3902533415530051    1.000000000000000    0.000000000000000
pname:hk_inst:0_ptype:pp_pstyle:m_x:410075.68_y:6428495.37_zone:1                      0.3902533415530051    1.000000000000000    0.000000000000000
pname:hk_inst:0_ptype:pp_pstyle:m_x:410575.68_y:6428495.37_zone:1                      0.3902533415530051    1.000000000000000    0.000000000000000
pname:hk_inst:0_ptype:pp_pstyle:m_x:411075.68_y:6428495.37_zone:1                      0.3902533415530051    1.000000000000000    0.000000000000000
pname:hk_inst:0_ptype:pp_pstyle:m_x:411575.68_y:6428495.37_zone:1                      0.3902533415530051    1.000000000000000    0.000000000000000
pname:hk_inst:0_ptype:pp_pstyle:m_x:412075.68_y:6428495.37_zone:1                      0.3902533415530051    1.000000000000000    0.000000000000000
pname:hk_inst:0_ptype:pp_pstyle:m_x:412575.68_y:6428495.37_zone:1                      0.3902533415530051    1.000000000000000    0.000000000000000
pname:hk_inst:0_ptype:pp_pstyle:m_x:413075.68_y:6428495.37_zone:1                      0.3902533415530051    1.000000000000000    0.000000000000000
pname:hk_inst:0_ptype:pp_pstyle:m_x:406075.68_y:6427995.37_zone:1                      0.3902533415530051    1.000000000000000    0.000000000000000
pname:hk_inst:0_ptype:pp_pstyle:m_x:406575.68_y:6427995.37_zone:1                      0.3902533415530051    1.000000000000000    0.000000000000000
pname:hk_inst:0_ptype:pp_pstyle:m_x:407075.68_y:6427995.37_zone:1                      0.3902533415530051    1.000000000000000    0.000000000000000
pname:hk_inst:0_ptype:pp_pstyle:m_x:407575.68_y:6427995.37_zone:1                      0.3902533415530051    1.000000000000000    0.000000000000000
pname:hk_inst:0_ptype:pp_pstyle:m_x:409575.68_y:6427995.37_zone:1                      0.3902533415530051    1.000000000000000    0.000000000000000
pname:hk_inst:0_ptype:pp_pstyle:m_x:410075.68_y:6427995.37_zone:1                      0.3902533415530051    1.000000000000000    0.000000000000000
pname:hk_inst:0_ptype:pp_pstyle:m_x:410575.68_y:6427995.37_zone:1                      0.3902533415530051    1.000000000000000    0.000000000000000
pname:hk_inst:0_ptype:pp_pstyle:m_x:411075.68_y:6427995.37_zone:1                      0.3902533415530051    1.000000000000000    0.000000000000000
pname:hk_inst:0_ptype:pp_pstyle:m_x:411575.68_y:6427995.37_zone:1                      0.3902533415530051    1.000000000000000    0.000000000000000
pname:hk_inst:0_ptype:pp_pstyle:m_x:412075.68_y:6427995.37_zone:1                      0.3902533415530051    1.000000000000000    0.000000000000000
pname:hk_inst:0_ptype:pp_pstyle:m_x:412575.68_y:6427995.37_zone:1                      0.3902533415530051    1.000000000000000    0.000000000000000
pname:hk_inst:0_ptype:pp_pstyle:m_x:413075.68_y:6427995.37_zone:1                      0.3902533415530051    1.000000000000000    0.000000000000000
pname:hk_inst:0_ptype:pp_pstyle:m_x:406075.68_y:6427495.37_zone:1                      0.3902533415530051    1.000000000000000    0.000000000000000
pname:hk_inst:0_ptype:pp_pstyle:m_x:406575.68_y:6427495.37_zone:1                      0.3902533415530051    1.000000000000000    0.000000000000000
pname:hk_inst:0_ptype:pp_pstyle:m_x:407075.68_y:6427495.37_zone:1                      0.3902533415530051    1.000000000000000    0.000000000000000
pname:hk_inst:0_ptype:pp_pstyle:m_x:407575.68_y:6427495.37_zone:1                      0.3902533415530051    1.000000000000000    0.000000000000000
pname:hk_inst:0_ptype:pp_pstyle:m_x:408075.68_y:6427495.37_zone:1                      0.3902533415530051    1.000000000000000    0.000000000000000
pname:hk_inst:0_ptype:pp_pstyle:m_x:408575.68_y:6427495.37_zone:1                      0.3902533415530051    1.000000000000000    0.000000000000000
pname:hk_inst:0_ptype:pp_pstyle:m_x:409075.68_y:6427495.37_zone:1                      0.3902533415530051    1.000000000000000    0.000000000000000
pname:hk_inst:0_ptype:pp_pstyle:m_x:409575.68_y:6427495.37_zone:1                      0.3902533415530051    1.000000000000000    0.000000000000000
pname:hk_inst:0_ptype:pp_pstyle:m_x:410075.68_y:6427495.37_zone:1                      0.3902533415530051    1.000000000000000    0.000000000000000
pname:hk_inst:0_ptype:pp_pstyle:m_x:410575.68_y:6427495.37_zone:1                      0.3902533415530051    1.000000000000000    0.000000000000000
pname:hk_inst:0_ptype:pp_pstyle:m_x:411075.68_y:6427495.37_zone:1                      0.3902533415530051    1.000000000000000    0.000000000000000
pname:hk_inst:0_ptype:pp_pstyle:m_x:411575.68_y:6427495.37_zone:1                      0.3902533415530051    1.000000000000000    0.000000000000000
pname:hk_inst:0_ptype:pp_pstyle:m_x:412075.68_y:6427495.37_zone:1                      0.3902533415530051    1.000000000000000    0.000000000000000
pname:hk_inst:0_ptype:pp_pstyle:m_x:412575.68_y:6427495.37_zone:1                      0.3902533415530051    1.000000000000000    0.000000000000000
pname:hk_inst:0_ptype:pp_pstyle:m_x:413075.68_y:6427495.37_zone:1                      0.3902533415530051    1.000000000000000    0.000000000000000
pname:hk_inst:0_ptype:pp_pstyle:m_x:406075.68_y:6426995.37_zone:1                      0.3902533415530051    1.000000000000000    0.000000000000000
pname:hk_inst:0_ptype:pp_pstyle:m_x:406575.68_y:6426995.37_zone:1                      0.3902533415530051    1.000000000000000    0.000000000000000
pname:hk_inst:0_ptype:pp_pstyle:m_x:407075.68_y:6426995.37_zone:1                      0.3902533415530051    1.000000000000000    0.000000000000000
pname:hk_inst:0_ptype:pp_pstyle:m_x:407575.68_y:6426995.37_zone:1                      0.3902533415530051    1.000000000000000    0.000000000000000
pname:hk_inst:0_ptype:pp_pstyle:m_x:408075.68_y:6426995.37_zone:1                      0.3902533415530051    1.000000000000000    0.000000000000000
pname:hk_inst:0_ptype:pp_pstyle:m_x:408575.68_y:6426995.37_zone:1                      0.3902533415530051    1.000000000000000    0.000000000000000
pname:hk_inst:0_ptype:pp_pstyle:m_x:409075.68_y:6426995.37_zone:1                      0.3902533415530051    1.000000000000000    0.000000000000000
pname:hk_inst:0_ptype:pp_pstyle:m_x:409575.68_y:6426995.37_zone:1                      0.3902533415530051    1.000000000000000    0.000000000000000
pname:hk_inst:0_ptype:pp_pstyle:m_x:410075.68_y:6426995.37_zone:1                      0.3902533415530051    1.000000000000000    0.000000000000000
pname:hk_inst:0_ptype:pp_pstyle:m_x:410575.68_y:6426995.37_zone:1                      0.3902533415530051    1.000000000000000    0.000000000000000
pname:hk_inst:0_ptype:pp_pstyle:m_x:411075.68_y:6426995.37_zone:1                      0.3902533415530051    1.000000000000000    0.000000000000000
pname:hk_inst:0_ptype:pp_pstyle:m_x:411575.68_y:6426995.37_zone:1                      0.3902533415530051    1.000000000000000    0.000000000000000
pname:hk_inst:0_ptype:pp_pstyle:m_x:412075.68_y:6426995.37_zone:1                      0.3902533415530051    1.000000000000000    0.000000000000000
pname:hk_inst:0_ptype:pp_pstyle:m_x:412575.68_y:6426995.37_zone:1                      0.3902533415530051    1.000000000000000    0.000000000000000
pname:hk_inst:0_ptype:pp_pstyle:m_x:413075.68_y:6426995.37_zone:1                      0.3902533415530051    1.000000000000000    0.000000000000000
pname:hk_inst:0_ptype:pp_pstyle:m_x:406075.68_y:6426495.37_zone:1                      0.3902533415530051    1.000000000000000    0.000000000000000
pname:hk_inst:0_ptype:pp_pstyle:m_x:406575.68_y:6426495.37_zone:1                      0.3902533415530051    1.000000000000000    0.000000000000000
pname:hk_inst:0_ptype:pp_pstyle:m_x:407075.68_y:6426495.37_zone:1                      0.3902533415530051    1.000000000000000    0.000000000000000
pname:hk_inst:0_ptype:pp_pstyle:m_x:407575.68_y:6426495.37_zone:1                      0.3902533415530051    1.000000000000000    0.000000000000000
pname:hk_inst:0_ptype:pp_pstyle:m_x:408075.68_y:6426495.37_zone:1                      0.3902533415530051    1.000000000000000    0.000000000000000
pname:hk_inst:0_ptype:pp_pstyle:m_x:408575.68_y:6426495.37_zone:1                      0.3902533415530051    1.000000000000000    0.000000000000000
pname:hk_inst:0_ptype:pp_pstyle:m_x:409075.68_y:6426495.37_zone:1                      0.3902533415530051    1.000000000000000    0.000000000000000
pname:hk_inst:0_ptype:pp_pstyle:m_x:409575.68_y:6426495.37_zone:1                      0.3902533415530051    1.000000000000000    0.000000000000000
pname:hk_inst:0_ptype:pp_pstyle:m_x:410075.68_y:6426495.37_zone:1                      0.3902533415530051    1.000000000000000    0.000000000000000
pname:hk_inst:0_ptype:pp_pstyle:m_x:410575.68_y:6426495.37_zone:1                      0.3902533415530051    1.000000000000000    0.000000000000000
pname:hk_inst:0_ptype:pp_pstyle:m_x:411075.68_y:6426495.37_zone:1                      0.3902533415530051    1.000000000000000    0.000000000000000
pname:hk_inst:0_ptype:pp_pstyle:m_x:411575.68_y:6426495.37_zone:1                      0.3902533415530051    1.000000000000000    0.000000000000000
pname:hk_inst:0_ptype:pp_pstyle:m_x:412075.68_y:6426495.37_zone:1                      0.3902533415530051    1.000000000000000    0.000000000000000
pname:hk_inst:0_ptype:pp_pstyle:m_x:412575.68_y:6426495.37_zone:1                      0.3902533415530051    1.000000000000000    0.000000000000000
pname:hk_inst:0_ptype:pp_pstyle:m_x:406575.68_y:6425995.37_zone:1                      0.3902533415530051    1.000000000000000    0.000000000000000
pname:hk_inst:0_ptype:pp_pstyle:m_x:407075.68_y:6425995.37_zone:1                      0.3902533415530051    1.000000000000000    0.000000000000000
pname:hk_inst:0_ptype:pp_pstyle:m_x:407575.68_y:6425995.37_zone:1                      0.3902533415530051    1.000000000000000    0.000000000000000
pname:hk_inst:0_ptype:pp_pstyle:m_x:408075.68_y:6425995.37_zone:1                      0.3902533415530051    1.000000000000000    0.000000000000000
pname:hk_inst:0_ptype:pp_pstyle:m_x:408575.68_y:6425995.37_zone:1                      0.3902533415530051    1.000000000000000    0.000000000000000
pname:hk_inst:0_ptype:pp_pstyle:m_x:409075.68_y:6425995.37_zone:1                      0.3902533415530051    1.000000000000000    0.000000000000000
pname:hk_inst:0_ptype:pp_pstyle:m_x:409575.68_y:6425995.37_zone:1                      0.3902533415530051    1.000000000000000    0.000000000000000
pname:hk_inst:0_ptype:pp_pstyle:m_x:410075.68_y:6425995.37_zone:1                      0.3902533415530051    1.000000000000000    0.000000000000000
pname:hk_inst:0_ptype:pp_pstyle:m_x:410575.68_y:6425995.37_zone:1                      0.3902533415530051    1.000000000000000    0.000000000000000
pname:hk_inst:0_ptype:pp_pstyle:m_x:411075.68_y:6425995.37_zone:1                      0.3902533415530051    1.000000000000000    0.000000000000000
pname:hk_inst:0_ptype:pp_pstyle:m_x:411575.68_y:6425995.37_zone:1                      0.3902533415530051    1.000000000000000    0.000000000000000
pname:hk_inst:0_ptype:pp_pstyle:m_x:412075.68_y:6425995.37_zone:1                      0.3902533415530051    1.000000000000000    0.000000000000000
pname:hk_inst:0_ptype:pp_pstyle:m_x:406575.68_y:6425495.37_zone:1                      0.3902533415530051    1.000000000000000    0.000000000000000
pname:hk_inst:0_ptype:pp_pstyle:m_x:407075.68_y:6425495.37_zone:1                      0.3902533415530051    1.000000000000000    0.000000000000000
pname:hk_inst:0_ptype:pp_pstyle:m_x:407575.68_y:6425495.37_zone:1                      0.3902533415530051    1.000000000000000    0.000000000000000
pname:hk_inst:0_ptype:pp_pstyle:m_x:408075.68_y:6425495.37_zone:1                      0.3902533415530051    1.000000000000000    0.000000000000000
pname:hk_inst:0_ptype:pp_pstyle:m_x:408575.68_y:6425495.37_zone:1                      0.3902533415530051    1.000000000000000    0.000000000000000
pname:hk_inst:0_ptype:pp_pstyle:m_x:409075.68_y:6425495.37_zone:1                      0.3902533415530051    1.000000000000000    0.000000000000000
pname:hk_inst:0_ptype:pp_pstyle:m_x:409575.68_y:6425495.37_zone:1                      0.3902533415530051    1.000000000000000    0.000000000000000
pname:hk_inst:0_ptype:pp_pstyle:m_x:410075.68_y:6425495.37_zone:1                      0.3902533415530051    1.000000000000000    0.000000000000000
pname:hk_inst:0_ptype:pp_pstyle:m_x:410575.68_y:6425495.37_zone:1                      0.3902533415530051    1.000000000000000    0.000000000000000
pname:hk_inst:0_ptype:pp_pstyle:m_x:411075.68_y:6425495.37_zone:1                      0.3902533415530051    1.000000000000000    0.000000000000000
pname:hk_inst:0_ptype:pp_pstyle:m_x:411575.68_y:6425495.37_zone:1                      0.3902533415530051    1.000000000000000    0.000000000000000
pname:hk_inst:0_ptype:pp_pstyle:m_x:407575.68_y:6424995.37_zone:1                      0.3902533415530051    1.000000000000000    0.000000000000000
pname:hk_inst:0_ptype:pp_pstyle:m_x:408075.68_y:6424995.37_zone:1                      0.3902533415530051    1.000000000000000    0.000000000000000
pname:hk_inst:0_ptype:pp_pstyle:m_x:408575.68_y:6424995.37_zone:1                      0.3902533415530051    1.000000000000000    0.000000000000000
pname:hk_inst:0_ptype:pp_pstyle:m_x:409075.68_y:6424995.37_zone:1                      0.3902533415530051    1.000000000000000    0.000000000000000
pname:hk_inst:0_ptype:pp_pstyle:m_x:409575.68_y:6424995.37_zone:1                      0.3902533415530051    1.000000000000000    0.000000000000000
pname:hk_inst:0_ptype:pp_pstyle:m_x:410075.68_y:6424995.37_zone:1                      0.3902533415530051    1.000000000000000    0.000000000000000
pname:hk_inst:0_ptype:pp_pstyle:m_x:410575.68_y:6424995.37_zone:1                      0.3902533415530051    1.000000000000000    0.000000000000000
pname:hk_inst:0_ptype:pp_pstyle:m_x:408075.68_y:6424495.37_zone:1                      0.3902533415530051    1.000000000000000    0.000000000000000
pname:hk_inst:0_ptype:pp_pstyle:m_x:408575.68_y:6424495.37_zone:1                      0.3902533415530051    1.000000000000000    0.000000000000000
pname:hk_inst:0_ptype:pp_pstyle:m_x:409075.68_y:6424495.37_zone:1                      0.3902533415530051    1.000000000000000    0.000000000000000
pname:hk_inst:0_ptype:pp_pstyle:m_x:409575.68_y:6424495.37_zone:1                      0.3902533415530051    1.000000000000000    0.000000000000000
pname:hk_inst:0_ptype:pp_pstyle:m_x:410075.68_y:6424495.37_zone:1                      0.3902533415530051    1.000000000000000    0.000000000000000
pname:hk_inst:0_ptype:pp_pstyle:m_x:408575.68_y:6423995.37_zone:1                      0.3902533415530051    1.000000000000000    0.000000000000000
pname:hk_inst:0_ptype:pp_pstyle:m_x:409075.68_y:6423995.37_zone:1                      0.3902533415530051    1.000000000000000    0.000000000000000
pname:hk_inst:0_ptype:pp_pstyle:m_x:409575.68_y:6423995.37_zone:1                      0.3902533415530051    1.000000000000000    0.000000000000000
pname:hk_inst:0_ptype:pp_pstyle:m_x:408575.68_y:6423495.37_zone:1                      0.3902533415530051    1.000000000000000    0.000000000000000
pname:hk_inst:0_ptype:pp_pstyle:m_x:407836.72_y:6429301.04_zone:1                      0.1166990228185920    1.000000000000000    0.000000000000000
pname:hk_inst:0_ptype:pp_pstyle:m_x:407986.72_y:6429301.04_zone:1                      0.4184581613971527    1.000000000000000    0.000000000000000
pname:hk_inst:0_ptype:pp_pstyle:m_x:408136.72_y:6429301.04_zone:1                      0.5415189538082884    1.000000000000000    0.000000000000000
pname:hk_inst:0_ptype:pp_pstyle:m_x:408286.72_y:6429301.04_zone:1                      0.5667764496622564    1.000000000000000    0.000000000000000
pname:hk_inst:0_ptype:pp_pstyle:m_x:408436.72_y:6429301.04_zone:1                      1.137438120288733    1.000000000000000    0.000000000000000
pname:hk_inst:0_ptype:pp_pstyle:m_x:408586.72_y:6429301.04_zone:1                      2.447049836180862    1.000000000000000    0.000000000000000
pname:hk_inst:0_ptype:pp_pstyle:m_x:408736.72_y:6429301.04_zone:1                      2.801840337566619    1.000000000000000    0.000000000000000
pname:hk_inst:0_ptype:pp_pstyle:m_x:408886.72_y:6429301.04_zone:1                      6.393035017949352    1.000000000000000    0.000000000000000
pname:hk_inst:0_ptype:pp_pstyle:m_x:409036.72_y:6429301.04_zone:1                      3.348852975925408    1.000000000000000    0.000000000000000
pname:hk_inst:0_ptype:pp_pstyle:m_x:409186.72_y:6429301.04_zone:1                      2.880608834601505    1.000000000000000    0.000000000000000
pname:hk_inst:0_ptype:pp_pstyle:m_x:409336.72_y:6429301.04_zone:1                      3.577643186325527    1.000000000000000    0.000000000000000
pname:hk_inst:0_ptype:pp_pstyle:m_x:407836.72_y:6429151.04_zone:1                      0.1822945538022013    1.000000000000000    0.000000000000000
pname:hk_inst:0_ptype:pp_pstyle:m_x:407986.72_y:6429151.04_zone:1                      0.3547104719547395    1.000000000000000    0.000000000000000
pname:hk_inst:0_ptype:pp_pstyle:m_x:408136.72_y:6429151.04_zone:1                      0.2214843646479873    1.000000000000000    0.000000000000000
pname:hk_inst:0_ptype:pp_pstyle:m_x:408286.72_y:6429151.04_zone:1                      0.7587747789270783    1.000000000000000    0.000000000000000
pname:hk_inst:0_ptype:pp_pstyle:m_x:408436.72_y:6429151.04_zone:1                      1.930872582356169    1.000000000000000    0.000000000000000
pname:hk_inst:0_ptype:pp_pstyle:m_x:408586.72_y:6429151.04_zone:1                      3.666093290775494    1.000000000000000    0.000000000000000
pname:hk_inst:0_ptype:pp_pstyle:m_x:408736.72_y:6429151.04_zone:1                      5.246990549514913    1.000000000000000    0.000000000000000
pname:hk_inst:0_ptype:pp_pstyle:m_x:408886.72_y:6429151.04_zone:1                      8.066760363144182    1.000000000000000    0.000000000000000
pname:hk_inst:0_ptype:pp_pstyle:m_x:409036.72_y:6429151.04_zone:1                      6.475729565290727    1.000000000000000    0.000000000000000
pname:hk_inst:0_ptype:pp_pstyle:m_x:409186.72_y:6429151.04_zone:1                      3.058697916085892    1.000000000000000    0.000000000000000
pname:hk_inst:0_ptype:pp_pstyle:m_x:409336.72_y:6429151.04_zone:1                      2.451254544358879    1.000000000000000    0.000000000000000
pname:hk_inst:0_ptype:pp_pstyle:m_x:407836.72_y:6429001.04_zone:1                      0.1709146326483169    1.000000000000000    0.000000000000000
pname:hk_inst:0_ptype:pp_pstyle:m_x:407986.72_y:6429001.04_zone:1                      0.3700338362421883    1.000000000000000    0.000000000000000
pname:hk_inst:0_ptype:pp_pstyle:m_x:408136.72_y:6429001.04_zone:1                      1.177490324516679    1.000000000000000    0.000000000000000
pname:hk_inst:0_ptype:pp_pstyle:m_x:408286.72_y:6429001.04_zone:1                      22.02184032043959    1.000000000000000    0.000000000000000
pname:hk_inst:0_ptype:pp_pstyle:m_x:408436.72_y:6429001.04_zone:1                      8.612420704219030    1.000000000000000    0.000000000000000
pname:hk_inst:0_ptype:pp_pstyle:m_x:408586.72_y:6429001.04_zone:1                      8.505696221682227    1.000000000000000    0.000000000000000
pname:hk_inst:0_ptype:pp_pstyle:m_x:408736.72_y:6429001.04_zone:1                      15.75234218998376    1.000000000000000    0.000000000000000
pname:hk_inst:0_ptype:pp_pstyle:m_x:408886.72_y:6429001.04_zone:1                      11.16228100093652    1.000000000000000    0.000000000000000
pname:hk_inst:0_ptype:pp_pstyle:m_x:409036.72_y:6429001.04_zone:1                      26.60632960008453    1.000000000000000    0.000000000000000
pname:hk_inst:0_ptype:pp_pstyle:m_x:409186.72_y:6429001.04_zone:1                      5.774702324274777    1.000000000000000    0.000000000000000
pname:hk_inst:0_ptype:pp_pstyle:m_x:409336.72_y:6429001.04_zone:1                      1.566160059874982    1.000000000000000    0.000000000000000
pname:hk_inst:0_ptype:pp_pstyle:m_x:407836.72_y:6428851.04_zone:1                      0.02152181781658659    1.000000000000000    0.000000000000000
pname:hk_inst:0_ptype:pp_pstyle:m_x:407986.72_y:6428851.04_zone:1                      0.4941824349397891    1.000000000000000    0.000000000000000
pname:hk_inst:0_ptype:pp_pstyle:m_x:408136.72_y:6428851.04_zone:1                      9.813052646888030    1.000000000000000    0.000000000000000
pname:hk_inst:0_ptype:pp_pstyle:m_x:408286.72_y:6428851.04_zone:1                      30.98395319880288    1.000000000000000    0.000000000000000
pname:hk_inst:0_ptype:pp_pstyle:m_x:408436.72_y:6428851.04_zone:1                      8.057652910929370    1.000000000000000    0.000000000000000
pname:hk_inst:0_ptype:pp_pstyle:m_x:408586.72_y:6428851.04_zone:1                      52.63898029328279    1.000000000000000    0.000000000000000
pname:hk_inst:0_ptype:pp_pstyle:m_x:408736.72_y:6428851.04_zone:1                      29.14572159784904    1.000000000000000    0.000000000000000
pname:hk_inst:0_ptype:pp_pstyle:m_x:408886.72_y:6428851.04_zone:1                      101.9974323080570    1.000000000000000    0.000000000000000
pname:hk_inst:0_ptype:pp_pstyle:m_x:409036.72_y:6428851.04_zone:1                      435.3678688415638    1.000000000000000    0.000000000000000
pname:hk_inst:0_ptype:pp_pstyle:m_x:409186.72_y:6428851.04_zone:1                      2.400999628271979    1.000000000000000    0.000000000000000
pname:hk_inst:0_ptype:pp_pstyle:m_x:409336.72_y:6428851.04_zone:1                      0.3963841904895875    1.000000000000000    0.000000000000000
pname:hk_inst:0_ptype:pp_pstyle:m_x:407836.72_y:6428701.04_zone:1                      0.03129994733356351    1.000000000000000    0.000000000000000
pname:hk_inst:0_ptype:pp_pstyle:m_x:407986.72_y:6428701.04_zone:1                      7.395698010856397    1.000000000000000    0.000000000000000
pname:hk_inst:0_ptype:pp_pstyle:m_x:408136.72_y:6428701.04_zone:1                      11.75436546855525    1.000000000000000    0.000000000000000
pname:hk_inst:0_ptype:pp_pstyle:m_x:408286.72_y:6428701.04_zone:1                      71.34802422313606    1.000000000000000    0.000000000000000
pname:hk_inst:0_ptype:pp_pstyle:m_x:408436.72_y:6428701.04_zone:1                      212.9802558801614    1.000000000000000    0.000000000000000
pname:hk_inst:0_ptype:pp_pstyle:m_x:408586.72_y:6428701.04_zone:1                      33.63826487861358    1.000000000000000    0.000000000000000
pname:hk_inst:0_ptype:pp_pstyle:m_x:408736.72_y:6428701.04_zone:1                      22.79378245476139    1.000000000000000    0.000000000000000
pname:hk_inst:0_ptype:pp_pstyle:m_x:408886.72_y:6428701.04_zone:1                      38.87763751937061    1.000000000000000    0.000000000000000
pname:hk_inst:0_ptype:pp_pstyle:m_x:409036.72_y:6428701.04_zone:1                      1.629930154716574    1.000000000000000    0.000000000000000
pname:hk_inst:0_ptype:pp_pstyle:m_x:409186.72_y:6428701.04_zone:1                      0.08396884465243888    1.000000000000000    0.000000000000000
pname:hk_inst:0_ptype:pp_pstyle:m_x:409336.72_y:6428701.04_zone:1                      0.2379471209367915    1.000000000000000    0.000000000000000
pname:hk_inst:0_ptype:pp_pstyle:m_x:407836.72_y:6428551.04_zone:1                      0.8316122123493823    1.000000000000000    0.000000000000000
pname:hk_inst:0_ptype:pp_pstyle:m_x:407986.72_y:6428551.04_zone:1                      22.69705114397314    1.000000000000000    0.000000000000000
pname:hk_inst:0_ptype:pp_pstyle:m_x:408136.72_y:6428551.04_zone:1                      1.290359097805232    1.000000000000000    0.000000000000000
pname:hk_inst:0_ptype:pp_pstyle:m_x:408286.72_y:6428551.04_zone:1                      2.233060667768480    1.000000000000000    0.000000000000000
pname:hk_inst:0_ptype:pp_pstyle:m_x:408436.72_y:6428551.04_zone:1                      0.09436159801822161    1.000000000000000    0.000000000000000
pname:hk_inst:0_ptype:pp_pstyle:m_x:408586.72_y:6428551.04_zone:1                      3.101529026291069    1.000000000000000    0.000000000000000
pname:hk_inst:0_ptype:pp_pstyle:m_x:408736.72_y:6428551.04_zone:1                      0.4798414370081132    1.000000000000000    0.000000000000000
pname:hk_inst:0_ptype:pp_pstyle:m_x:408886.72_y:6428551.04_zone:1                      0.01738992978747567    1.000000000000000    0.000000000000000
pname:hk_inst:0_ptype:pp_pstyle:m_x:409036.72_y:6428551.04_zone:1                      0.1886049191596713    1.000000000000000    0.000000000000000
pname:hk_inst:0_ptype:pp_pstyle:m_x:409186.72_y:6428551.04_zone:1                      1.250672439390468    1.000000000000000    0.000000000000000
pname:hk_inst:0_ptype:pp_pstyle:m_x:409336.72_y:6428551.04_zone:1                      5.274326847475055    1.000000000000000    0.000000000000000
pname:hk_inst:0_ptype:pp_pstyle:m_x:407836.72_y:6428401.04_zone:1                      0.3282942099832165    1.000000000000000    0.000000000000000
pname:hk_inst:0_ptype:pp_pstyle:m_x:407986.72_y:6428401.04_zone:1                      10.12146316792436    1.000000000000000    0.000000000000000
pname:hk_inst:0_ptype:pp_pstyle:m_x:408136.72_y:6428401.04_zone:1                      3.287998625407094    1.000000000000000    0.000000000000000
pname:hk_inst:0_ptype:pp_pstyle:m_x:408286.72_y:6428401.04_zone:1                      2.389410525446497    1.000000000000000    0.000000000000000
pname:hk_inst:0_ptype:pp_pstyle:m_x:408436.72_y:6428401.04_zone:1                      316.7771185298390    1.000000000000000    0.000000000000000
pname:hk_inst:0_ptype:pp_pstyle:m_x:408586.72_y:6428401.04_zone:1                      7.682265220988139    1.000000000000000    0.000000000000000
pname:hk_inst:0_ptype:pp_pstyle:m_x:408736.72_y:6428401.04_zone:1                      0.2735140546174848    1.000000000000000    0.000000000000000
pname:hk_inst:0_ptype:pp_pstyle:m_x:408886.72_y:6428401.04_zone:1                      3.253585134487758    1.000000000000000    0.000000000000000
pname:hk_inst:0_ptype:pp_pstyle:m_x:409036.72_y:6428401.04_zone:1                      0.5702661236180430    1.000000000000000    0.000000000000000
pname:hk_inst:0_ptype:pp_pstyle:m_x:409186.72_y:6428401.04_zone:1                      0.1947007902505353    1.000000000000000    0.000000000000000
pname:hk_inst:0_ptype:pp_pstyle:m_x:409336.72_y:6428401.04_zone:1                      4.976919353054635    1.000000000000000    0.000000000000000
pname:hk_inst:0_ptype:pp_pstyle:m_x:407836.72_y:6428251.04_zone:1                      0.3299492666433679    1.000000000000000    0.000000000000000
pname:hk_inst:0_ptype:pp_pstyle:m_x:407986.72_y:6428251.04_zone:1                      0.2235971190078825    1.000000000000000    0.000000000000000
pname:hk_inst:0_ptype:pp_pstyle:m_x:408136.72_y:6428251.04_zone:1                      0.2042689618347881    1.000000000000000    0.000000000000000
pname:hk_inst:0_ptype:pp_pstyle:m_x:408286.72_y:6428251.04_zone:1                      12.27962593187545    1.000000000000000    0.000000000000000
pname:hk_inst:0_ptype:pp_pstyle:m_x:408436.72_y:6428251.04_zone:1                      54.68428731669741    1.000000000000000    0.000000000000000
pname:hk_inst:0_ptype:pp_pstyle:m_x:408586.72_y:6428251.04_zone:1                      0.1373792050089536    1.000000000000000    0.000000000000000
pname:hk_inst:0_ptype:pp_pstyle:m_x:408736.72_y:6428251.04_zone:1                      2.267261016637772    1.000000000000000    0.000000000000000
pname:hk_inst:0_ptype:pp_pstyle:m_x:408886.72_y:6428251.04_zone:1                      13.06001045948945    1.000000000000000    0.000000000000000
pname:hk_inst:0_ptype:pp_pstyle:m_x:409036.72_y:6428251.04_zone:1                      0.1505658142624542    1.000000000000000    0.000000000000000
pname:hk_inst:0_ptype:pp_pstyle:m_x:409186.72_y:6428251.04_zone:1                      0.4475140127330501    1.000000000000000    0.000000000000000
pname:hk_inst:0_ptype:pp_pstyle:m_x:409336.72_y:6428251.04_zone:1                      14.47662517698835    1.000000000000000    0.000000000000000
pname:hk_inst:0_ptype:pp_pstyle:m_x:407836.72_y:6428101.04_zone:1                      0.7466002831095672    1.000000000000000    0.000000000000000
pname:hk_inst:0_ptype:pp_pstyle:m_x:407986.72_y:6428101.04_zone:1                      0.7202364666470810    1.000000000000000    0.000000000000000
pname:hk_inst:0_ptype:pp_pstyle:m_x:408136.72_y:6428101.04_zone:1                      0.1375106040262061    1.000000000000000    0.000000000000000
pname:hk_inst:0_ptype:pp_pstyle:m_x:408286.72_y:6428101.04_zone:1                      0.1957067856575002    1.000000000000000    0.000000000000000
pname:hk_inst:0_ptype:pp_pstyle:m_x:408436.72_y:6428101.04_zone:1                      2.133422627830068    1.000000000000000    0.000000000000000
pname:hk_inst:0_ptype:pp_pstyle:m_x:408586.72_y:6428101.04_zone:1                      1.173228338996304    1.000000000000000    0.000000000000000
pname:hk_inst:0_ptype:pp_pstyle:m_x:408736.72_y:6428101.04_zone:1                      2.039203117148735    1.000000000000000    0.000000000000000
pname:hk_inst:0_ptype:pp_pstyle:m_x:408886.72_y:6428101.04_zone:1                      18.86006873668689    1.000000000000000    0.000000000000000
pname:hk_inst:0_ptype:pp_pstyle:m_x:409036.72_y:6428101.04_zone:1                      2.080954923189534    1.000000000000000    0.000000000000000
pname:hk_inst:0_ptype:pp_pstyle:m_x:409186.72_y:6428101.04_zone:1                      4.233928358126051    1.000000000000000    0.000000000000000
pname:hk_inst:0_ptype:pp_pstyle:m_x:409336.72_y:6428101.04_zone:1                      4.257263614394291    1.000000000000000    0.000000000000000
pname:hk_inst:0_ptype:pp_pstyle:m_x:407836.72_y:6427951.04_zone:1                      5.451225457579982    1.000000000000000    0.000000000000000
pname:hk_inst:0_ptype:pp_pstyle:m_x:407986.72_y:6427951.04_zone:1                      2.877610334211973    1.000000000000000    0.000000000000000
pname:hk_inst:0_ptype:pp_pstyle:m_x:408136.72_y:6427951.04_zone:1                      0.8835356581453822    1.000000000000000    0.000000000000000
pname:hk_inst:0_ptype:pp_pstyle:m_x:408286.72_y:6427951.04_zone:1                      0.2048777745218575    1.000000000000000    0.000000000000000
pname:hk_inst:0_ptype:pp_pstyle:m_x:408436.72_y:6427951.04_zone:1                      0.2637880201208554    1.000000000000000    0.000000000000000
pname:hk_inst:0_ptype:pp_pstyle:m_x:408586.72_y:6427951.04_zone:1                      0.2702429865287047    1.000000000000000    0.000000000000000
pname:hk_inst:0_ptype:pp_pstyle:m_x:408736.72_y:6427951.04_zone:1                      0.03170701974253069    1.000000000000000    0.000000000000000
pname:hk_inst:0_ptype:pp_pstyle:m_x:408886.72_y:6427951.04_zone:1                      0.4520086421145474    1.000000000000000    0.000000000000000
pname:hk_inst:0_ptype:pp_pstyle:m_x:409036.72_y:6427951.04_zone:1                      0.3736166351050223    1.000000000000000    0.000000000000000
pname:hk_inst:0_ptype:pp_pstyle:m_x:409186.72_y:6427951.04_zone:1                      1.311182844516849    1.000000000000000    0.000000000000000
pname:hk_inst:0_ptype:pp_pstyle:m_x:409336.72_y:6427951.04_zone:1                      1.167432476189772    1.000000000000000    0.000000000000000
pname:hk_inst:0_ptype:pp_pstyle:m_x:407836.72_y:6427801.04_zone:1                      4.317455454062873    1.000000000000000    0.000000000000000
pname:hk_inst:0_ptype:pp_pstyle:m_x:407986.72_y:6427801.04_zone:1                      1.838039583171067    1.000000000000000    0.000000000000000
pname:hk_inst:0_ptype:pp_pstyle:m_x:408136.72_y:6427801.04_zone:1                      1.230961541437739    1.000000000000000    0.000000000000000
pname:hk_inst:0_ptype:pp_pstyle:m_x:408286.72_y:6427801.04_zone:1                      0.5446486544107930    1.000000000000000    0.000000000000000
pname:hk_inst:0_ptype:pp_pstyle:m_x:408436.72_y:6427801.04_zone:1                      0.3379933571393270    1.000000000000000    0.000000000000000
pname:hk_inst:0_ptype:pp_pstyle:m_x:408586.72_y:6427801.04_zone:1                      0.3230297133775691    1.000000000000000    0.000000000000000
pname:hk_inst:0_ptype:pp_pstyle:m_x:408736.72_y:6427801.04_zone:1                      0.2599883118853958    1.000000000000000    0.000000000000000
pname:hk_inst:0_ptype:pp_pstyle:m_x:408886.72_y:6427801.04_zone:1                      0.1968355703112489    1.000000000000000    0.000000000000000
pname:hk_inst:0_ptype:pp_pstyle:m_x:409036.72_y:6427801.04_zone:1                      0.3886339856543209    1.000000000000000    0.000000000000000
pname:hk_inst:0_ptype:pp_pstyle:m_x:409186.72_y:6427801.04_zone:1                      0.5920206663898233    1.000000000000000    0.000000000000000
pname:hk_inst:0_ptype:pp_pstyle:m_x:409336.72_y:6427801.04_zone:1                      1.043128262234241    1.000000000000000    0.000000000000000
pname:hk_inst:0_ptype:pp_pstyle:m_x:407836.72_y:6427651.04_zone:1                      2.633083459914192    1.000000000000000    0.000000000000000
pname:hk_inst:0_ptype:pp_pstyle:m_x:407986.72_y:6427651.04_zone:1                      1.694953189445046    1.000000000000000    0.000000000000000
pname:hk_inst:0_ptype:pp_pstyle:m_x:408136.72_y:6427651.04_zone:1                      1.416532312798098    1.000000000000000    0.000000000000000
pname:hk_inst:0_ptype:pp_pstyle:m_x:408286.72_y:6427651.04_zone:1                      0.9495697986514690    1.000000000000000    0.000000000000000
pname:hk_inst:0_ptype:pp_pstyle:m_x:408436.72_y:6427651.04_zone:1                      0.4138339304294657    1.000000000000000    0.000000000000000
pname:hk_inst:0_ptype:pp_pstyle:m_x:408586.72_y:6427651.04_zone:1                      0.2650649595027414    1.000000000000000    0.000000000000000
pname:hk_inst:0_ptype:pp_pstyle:m_x:408736.72_y:6427651.04_zone:1                      0.3404340675784044    1.000000000000000    0.000000000000000
pname:hk_inst:0_ptype:pp_pstyle:m_x:408886.72_y:6427651.04_zone:1                      0.1668432467227436    1.000000000000000    0.000000000000000
pname:hk_inst:0_ptype:pp_pstyle:m_x:409036.72_y:6427651.04_zone:1                      0.2771968467515420    1.000000000000000    0.000000000000000
pname:hk_inst:0_ptype:pp_pstyle:m_x:409186.72_y:6427651.04_zone:1                      0.5302468506482025    1.000000000000000    0.000000000000000
pname:hk_inst:0_ptype:pp_pstyle:m_x:409336.72_y:6427651.04_zone:1                      0.4302527460813980    1.000000000000000    0.000000000000000
pname:rc_inst:0_ptype:cn_pstyle:m                      0.06980808918469425    1.000000000000000    0.000000000000000
pname:d_inst:0_ptype:gr_usecol:3_pstyle:m_idx0:ghb_s                      0.9999999999999960    1.000000000000000    0.000000000000000
pname:d_inst:0_ptype:gr_usecol:3_pstyle:m_idx0:ghb_n                      1.000000000000014    1.000000000000000    0.000000000000000
pname:d_inst:0_ptype:gr_usecol:3_pstyle:m_idx0:ghb_w                      1.000000000000014    1.000000000000000    0.000000000000000
pname:cond_inst:0_ptype:gr_usecol:3_pstyle:m_idx0:bar                      2.772608178820271    1.000000000000000    0.000000000000000
pname:cond_inst:0_ptype:gr_usecol:3_pstyle:m_idx0:gal                      2.714377906742174    1.000000000000000    0.000000000000000
pname:riv_inst:0_ptype:gr_usecol:3_pstyle:m_idx0:jpt_seuil_aval                      1.160222989694709    1.000000000000000    0.000000000000000
pname:riv_inst:0_ptype:gr_usecol:3_pstyle:m_idx0:noir_amont                      0.9869760530958092    1.000000000000000    0.000000000000000
pname:riv_inst:0_ptype:gr_usecol:3_pstyle:m_idx0:thil_amont                      0.1571910025499200    1.000000000000000    0.000000000000000
pname:riv_inst:0_ptype:gr_usecol:3_pstyle:m_idx0:haillan4                      0.8348044457315843    1.000000000000000    0.000000000000000
pname:riv_inst:0_ptype:gr_usecol:3_pstyle:m_idx0:noir_aval                      1.014283489838536    1.000000000000000    0.000000000000000
pname:riv_inst:0_ptype:gr_usecol:3_pstyle:m_idx0:majolan                      1.046162304311143    1.000000000000000    0.000000000000000
pname:riv_inst:0_ptype:gr_usecol:3_pstyle:m_idx0:gajac                      0.7121767666698392    1.000000000000000    0.000000000000000
pname:riv_inst:0_ptype:gr_usecol:3_pstyle:m_idx0:haillan2                      0.3917459565189157    1.000000000000000    0.000000000000000
pname:riv_inst:0_ptype:gr_usecol:3_pstyle:m_idx0:bussaguet_aval                      1.042218968383329    1.000000000000000    0.000000000000000
pname:riv_inst:0_ptype:gr_usecol:3_pstyle:m_idx0:jpt_ecl_amont                      0.9896334315133291    1.000000000000000    0.000000000000000
pname:riv_inst:0_ptype:gr_usecol:3_pstyle:m_idx0:moulinat_amont                      1.744336760223561    1.000000000000000    0.000000000000000
pname:riv_inst:0_ptype:gr_usecol:3_pstyle:m_idx0:haillan3                      0.1868636010338306    1.000000000000000    0.000000000000000
pname:riv_inst:0_ptype:gr_usecol:3_pstyle:m_idx0:blanc_amont                      0.9862076268069306    1.000000000000000    0.000000000000000
pname:riv_inst:0_ptype:gr_usecol:3_pstyle:m_idx0:bussaguet_amont                      0.8935654257042908    1.000000000000000    0.000000000000000
pname:riv_inst:0_ptype:gr_usecol:3_pstyle:m_idx0:haillan5                      0.7700418528923170    1.000000000000000    0.000000000000000
pname:riv_inst:0_ptype:gr_usecol:3_pstyle:m_idx0:jpt_ecl_aval                      0.9893724611056640    1.000000000000000    0.000000000000000
pname:riv_inst:0_ptype:gr_usecol:3_pstyle:m_idx0:thil_aval                      5.228113703714429    1.000000000000000    0.000000000000000
pname:riv_inst:0_ptype:gr_usecol:3_pstyle:m_idx0:haillan1                      0.03338492590210776    1.000000000000000    0.000000000000000
pname:riv_inst:0_ptype:gr_usecol:3_pstyle:m_idx0:moulinat_aval                      1.169772124225752    1.000000000000000    0.000000000000000
pname:cond_inst:1_ptype:gr_usecol:3_pstyle:m_idx0:bar                      16.64370576430246    1.000000000000000    0.000000000000000
pname:cond_inst:1_ptype:gr_usecol:3_pstyle:m_idx0:gal                      0.9409477963771342    1.000000000000000    0.000000000000000
pname:riv_inst:1_ptype:gr_usecol:3_pstyle:m_idx0:jpt_seuil_aval                      1.160222989694709    1.000000000000000    0.000000000000000
pname:riv_inst:1_ptype:gr_usecol:3_pstyle:m_idx0:noir_amont                      0.9869760530958092    1.000000000000000    0.000000000000000
pname:riv_inst:1_ptype:gr_usecol:3_pstyle:m_idx0:thil_amont                      0.1571910025499200    1.000000000000000    0.000000000000000
pname:riv_inst:1_ptype:gr_usecol:3_pstyle:m_idx0:haillan4                      0.8348044457315843    1.000000000000000    0.000000000000000
pname:riv_inst:1_ptype:gr_usecol:3_pstyle:m_idx0:noir_aval                      1.014283489838536    1.000000000000000    0.000000000000000
pname:riv_inst:1_ptype:gr_usecol:3_pstyle:m_idx0:majolan                      1.046162304311143    1.000000000000000    0.000000000000000
pname:riv_inst:1_ptype:gr_usecol:3_pstyle:m_idx0:gajac                      0.7121767666698392    1.000000000000000    0.000000000000000
pname:riv_inst:1_ptype:gr_usecol:3_pstyle:m_idx0:haillan2                      0.3917459565189157    1.000000000000000    0.000000000000000
pname:riv_inst:1_ptype:gr_usecol:3_pstyle:m_idx0:bussaguet_aval                      1.042218968383329    1.000000000000000    0.000000000000000
pname:riv_inst:1_ptype:gr_usecol:3_pstyle:m_idx0:jpt_ecl_amont                      0.9896334315133291    1.000000000000000    0.000000000000000
pname:riv_inst:1_ptype:gr_usecol:3_pstyle:m_idx0:moulinat_amont                      1.744336760223561    1.000000000000000    0.000000000000000
pname:riv_inst:1_ptype:gr_usecol:3_pstyle:m_idx0:haillan3                      0.1868636010338306    1.000000000000000    0.000000000000000
pname:riv_inst:1_ptype:gr_usecol:3_pstyle:m_idx0:blanc_amont                      0.9862076268069306    1.000000000000000    0.000000000000000
pname:riv_inst:1_ptype:gr_usecol:3_pstyle:m_idx0:bussaguet_amont                      0.8935654257042908    1.000000000000000    0.000000000000000
pname:riv_inst:1_ptype:gr_usecol:3_pstyle:m_idx0:haillan5                      0.7700418528923170    1.000000000000000    0.000000000000000
pname:riv_inst:1_ptype:gr_usecol:3_pstyle:m_idx0:jpt_ecl_aval                      0.9893724611056640    1.000000000000000    0.000000000000000
pname:riv_inst:1_ptype:gr_usecol:3_pstyle:m_idx0:thil_aval                      5.228113703714429    1.000000000000000    0.000000000000000
pname:riv_inst:1_ptype:gr_usecol:3_pstyle:m_idx0:haillan1                      0.03338492590210776    1.000000000000000    0.000000000000000
pname:riv_inst:1_ptype:gr_usecol:3_pstyle:m_idx0:moulinat_aval                      1.169772124225752    1.000000000000000    0.000000000000000
pname:cond_inst:2_ptype:gr_usecol:3_pstyle:m_idx0:bar                      1.026487255237826    1.000000000000000    0.000000000000000
pname:cond_inst:2_ptype:gr_usecol:3_pstyle:m_idx0:gal                      9.117316035509266    1.000000000000000    0.000000000000000
pname:riv_inst:2_ptype:gr_usecol:3_pstyle:m_idx0:jpt_seuil_aval                      1.160222989694709    1.000000000000000    0.000000000000000
pname:riv_inst:2_ptype:gr_usecol:3_pstyle:m_idx0:noir_amont                      0.9869760530958092    1.000000000000000    0.000000000000000
pname:riv_inst:2_ptype:gr_usecol:3_pstyle:m_idx0:thil_amont                      0.1571910025499200    1.000000000000000    0.000000000000000
pname:riv_inst:2_ptype:gr_usecol:3_pstyle:m_idx0:haillan4                      0.8348044457315843    1.000000000000000    0.000000000000000
pname:riv_inst:2_ptype:gr_usecol:3_pstyle:m_idx0:noir_aval                      1.014283489838536    1.000000000000000    0.000000000000000
pname:riv_inst:2_ptype:gr_usecol:3_pstyle:m_idx0:majolan                      1.046162304311143    1.000000000000000    0.000000000000000
pname:riv_inst:2_ptype:gr_usecol:3_pstyle:m_idx0:gajac                      0.7121767666698392    1.000000000000000    0.000000000000000
pname:riv_inst:2_ptype:gr_usecol:3_pstyle:m_idx0:haillan2                      0.3917459565189157    1.000000000000000    0.000000000000000
pname:riv_inst:2_ptype:gr_usecol:3_pstyle:m_idx0:bussaguet_aval                      1.042218968383329    1.000000000000000    0.000000000000000
pname:riv_inst:2_ptype:gr_usecol:3_pstyle:m_idx0:jpt_ecl_amont                      0.9896334315133291    1.000000000000000    0.000000000000000
pname:riv_inst:2_ptype:gr_usecol:3_pstyle:m_idx0:moulinat_amont                      1.744336760223561    1.000000000000000    0.000000000000000
pname:riv_inst:2_ptype:gr_usecol:3_pstyle:m_idx0:haillan3                      0.1868636010338306    1.000000000000000    0.000000000000000
pname:riv_inst:2_ptype:gr_usecol:3_pstyle:m_idx0:blanc_amont                      0.9862076268069306    1.000000000000000    0.000000000000000
pname:riv_inst:2_ptype:gr_usecol:3_pstyle:m_idx0:bussaguet_amont                      0.8935654257042908    1.000000000000000    0.000000000000000
pname:riv_inst:2_ptype:gr_usecol:3_pstyle:m_idx0:haillan5                      0.7700418528923170    1.000000000000000    0.000000000000000
pname:riv_inst:2_ptype:gr_usecol:3_pstyle:m_idx0:jpt_ecl_aval                      0.9893724611056640    1.000000000000000    0.000000000000000
pname:riv_inst:2_ptype:gr_usecol:3_pstyle:m_idx0:thil_aval                      5.228113703714429    1.000000000000000    0.000000000000000
pname:riv_inst:2_ptype:gr_usecol:3_pstyle:m_idx0:haillan1                      0.03338492590210776    1.000000000000000    0.000000000000000
pname:riv_inst:2_ptype:gr_usecol:3_pstyle:m_idx0:moulinat_aval                      1.169772124225752    1.000000000000000    0.000000000000000
pname:cond_inst:3_ptype:gr_usecol:3_pstyle:m_idx0:bar                      0.5471583697883899    1.000000000000000    0.000000000000000
pname:cond_inst:3_ptype:gr_usecol:3_pstyle:m_idx0:gal                      0.8179445470047589    1.000000000000000    0.000000000000000
pname:riv_inst:3_ptype:gr_usecol:3_pstyle:m_idx0:jpt_seuil_aval                      1.160222989694709    1.000000000000000    0.000000000000000
pname:riv_inst:3_ptype:gr_usecol:3_pstyle:m_idx0:noir_amont                      0.9869760530958092    1.000000000000000    0.000000000000000
pname:riv_inst:3_ptype:gr_usecol:3_pstyle:m_idx0:thil_amont                      0.1571910025499200    1.000000000000000    0.000000000000000
pname:riv_inst:3_ptype:gr_usecol:3_pstyle:m_idx0:haillan4                      0.8348044457315843    1.000000000000000    0.000000000000000
pname:riv_inst:3_ptype:gr_usecol:3_pstyle:m_idx0:noir_aval                      1.014283489838536    1.000000000000000    0.000000000000000
pname:riv_inst:3_ptype:gr_usecol:3_pstyle:m_idx0:majolan                      1.046162304311143    1.000000000000000    0.000000000000000
pname:riv_inst:3_ptype:gr_usecol:3_pstyle:m_idx0:gajac                      0.7121767666698392    1.000000000000000    0.000000000000000
pname:riv_inst:3_ptype:gr_usecol:3_pstyle:m_idx0:haillan2                      0.3917459565189157    1.000000000000000    0.000000000000000
pname:riv_inst:3_ptype:gr_usecol:3_pstyle:m_idx0:bussaguet_aval                      1.042218968383329    1.000000000000000    0.000000000000000
pname:riv_inst:3_ptype:gr_usecol:3_pstyle:m_idx0:jpt_ecl_amont                      0.9896334315133291    1.000000000000000    0.000000000000000
pname:riv_inst:3_ptype:gr_usecol:3_pstyle:m_idx0:moulinat_amont                      1.744336760223561    1.000000000000000    0.000000000000000
pname:riv_inst:3_ptype:gr_usecol:3_pstyle:m_idx0:haillan3                      0.1868636010338306    1.000000000000000    0.000000000000000
pname:riv_inst:3_ptype:gr_usecol:3_pstyle:m_idx0:blanc_amont                      0.9862076268069306    1.000000000000000    0.000000000000000
pname:riv_inst:3_ptype:gr_usecol:3_pstyle:m_idx0:bussaguet_amont                      0.8935654257042908    1.000000000000000    0.000000000000000
pname:riv_inst:3_ptype:gr_usecol:3_pstyle:m_idx0:haillan5                      0.7700418528923170    1.000000000000000    0.000000000000000
pname:riv_inst:3_ptype:gr_usecol:3_pstyle:m_idx0:jpt_ecl_aval                      0.9893724611056640    1.000000000000000    0.000000000000000
pname:riv_inst:3_ptype:gr_usecol:3_pstyle:m_idx0:thil_aval                      5.228113703714429    1.000000000000000    0.000000000000000
pname:riv_inst:3_ptype:gr_usecol:3_pstyle:m_idx0:haillan1                      0.03338492590210776    1.000000000000000    0.000000000000000
pname:riv_inst:3_ptype:gr_usecol:3_pstyle:m_idx0:moulinat_aval                      1.169772124225752    1.000000000000000    0.000000000000000
pname:cond_inst:4_ptype:gr_usecol:3_pstyle:m_idx0:bar                      0.5406051088808207    1.000000000000000    0.000000000000000
pname:cond_inst:4_ptype:gr_usecol:3_pstyle:m_idx0:gal                      0.6753303285193337    1.000000000000000    0.000000000000000
pname:riv_inst:4_ptype:gr_usecol:3_pstyle:m_idx0:jpt_seuil_aval                      1.160222989694709    1.000000000000000    0.000000000000000
pname:riv_inst:4_ptype:gr_usecol:3_pstyle:m_idx0:noir_amont                      0.9869760530958092    1.000000000000000    0.000000000000000
pname:riv_inst:4_ptype:gr_usecol:3_pstyle:m_idx0:thil_amont                      0.1571910025499200    1.000000000000000    0.000000000000000
pname:riv_inst:4_ptype:gr_usecol:3_pstyle:m_idx0:haillan4                      0.8348044457315843    1.000000000000000    0.000000000000000
pname:riv_inst:4_ptype:gr_usecol:3_pstyle:m_idx0:noir_aval                      1.014283489838536    1.000000000000000    0.000000000000000
pname:riv_inst:4_ptype:gr_usecol:3_pstyle:m_idx0:majolan                      1.046162304311143    1.000000000000000    0.000000000000000
pname:riv_inst:4_ptype:gr_usecol:3_pstyle:m_idx0:gajac                      0.7121767666698392    1.000000000000000    0.000000000000000
pname:riv_inst:4_ptype:gr_usecol:3_pstyle:m_idx0:haillan2                      0.3917459565189157    1.000000000000000    0.000000000000000
pname:riv_inst:4_ptype:gr_usecol:3_pstyle:m_idx0:bussaguet_aval                      1.042218968383329    1.000000000000000    0.000000000000000
pname:riv_inst:4_ptype:gr_usecol:3_pstyle:m_idx0:jpt_ecl_amont                      0.9896334315133291    1.000000000000000    0.000000000000000
pname:riv_inst:4_ptype:gr_usecol:3_pstyle:m_idx0:moulinat_amont                      1.744336760223561    1.000000000000000    0.000000000000000
pname:riv_inst:4_ptype:gr_usecol:3_pstyle:m_idx0:haillan3                      0.1868636010338306    1.000000000000000    0.000000000000000
pname:riv_inst:4_ptype:gr_usecol:3_pstyle:m_idx0:blanc_amont                      0.9862076268069306    1.000000000000000    0.000000000000000
pname:riv_inst:4_ptype:gr_usecol:3_pstyle:m_idx0:bussaguet_amont                      0.8935654257042908    1.000000000000000    0.000000000000000
pname:riv_inst:4_ptype:gr_usecol:3_pstyle:m_idx0:haillan5                      0.7700418528923170    1.000000000000000    0.000000000000000
pname:riv_inst:4_ptype:gr_usecol:3_pstyle:m_idx0:jpt_ecl_aval                      0.9893724611056640    1.000000000000000    0.000000000000000
pname:riv_inst:4_ptype:gr_usecol:3_pstyle:m_idx0:thil_aval                      5.228113703714429    1.000000000000000    0.000000000000000
pname:riv_inst:4_ptype:gr_usecol:3_pstyle:m_idx0:haillan1                      0.03338492590210776    1.000000000000000    0.000000000000000
pname:riv_inst:4_ptype:gr_usecol:3_pstyle:m_idx0:moulinat_aval                      1.169772124225752    1.000000000000000    0.000000000000000
pname:cond_inst:5_ptype:gr_usecol:3_pstyle:m_idx0:bar                      0.4317961549011759    1.000000000000000    0.000000000000000
pname:cond_inst:5_ptype:gr_usecol:3_pstyle:m_idx0:gal                      0.7798397404480820    1.000000000000000    0.000000000000000
pname:riv_inst:5_ptype:gr_usecol:3_pstyle:m_idx0:jpt_seuil_aval                      1.160222989694709    1.000000000000000    0.000000000000000
pname:riv_inst:5_ptype:gr_usecol:3_pstyle:m_idx0:noir_amont                      0.9869760530958092    1.000000000000000    0.000000000000000
pname:riv_inst:5_ptype:gr_usecol:3_pstyle:m_idx0:thil_amont                      0.1571910025499200    1.000000000000000    0.000000000000000
pname:riv_inst:5_ptype:gr_usecol:3_pstyle:m_idx0:haillan4                      0.8348044457315843    1.000000000000000    0.000000000000000
pname:riv_inst:5_ptype:gr_usecol:3_pstyle:m_idx0:noir_aval                      1.014283489838536    1.000000000000000    0.000000000000000
pname:riv_inst:5_ptype:gr_usecol:3_pstyle:m_idx0:majolan                      1.046162304311143    1.000000000000000    0.000000000000000
pname:riv_inst:5_ptype:gr_usecol:3_pstyle:m_idx0:gajac                      0.7121767666698392    1.000000000000000    0.000000000000000
pname:riv_inst:5_ptype:gr_usecol:3_pstyle:m_idx0:haillan2                      0.3917459565189157    1.000000000000000    0.000000000000000
pname:riv_inst:5_ptype:gr_usecol:3_pstyle:m_idx0:bussaguet_aval                      1.042218968383329    1.000000000000000    0.000000000000000
pname:riv_inst:5_ptype:gr_usecol:3_pstyle:m_idx0:jpt_ecl_amont                      0.9896334315133291    1.000000000000000    0.000000000000000
pname:riv_inst:5_ptype:gr_usecol:3_pstyle:m_idx0:moulinat_amont                      1.744336760223561    1.000000000000000    0.000000000000000
pname:riv_inst:5_ptype:gr_usecol:3_pstyle:m_idx0:haillan3                      0.1868636010338306    1.000000000000000    0.000000000000000
pname:riv_inst:5_ptype:gr_usecol:3_pstyle:m_idx0:blanc_amont                      0.9862076268069306    1.000000000000000    0.000000000000000
pname:riv_inst:5_ptype:gr_usecol:3_pstyle:m_idx0:bussaguet_amont                      0.8935654257042908    1.000000000000000    0.000000000000000
pname:riv_inst:5_ptype:gr_usecol:3_pstyle:m_idx0:haillan5                      0.7700418528923170    1.000000000000000    0.000000000000000
pname:riv_inst:5_ptype:gr_usecol:3_pstyle:m_idx0:jpt_ecl_aval                      0.9893724611056640    1.000000000000000    0.000000000000000
pname:riv_inst:5_ptype:gr_usecol:3_pstyle:m_idx0:thil_aval                      5.228113703714429    1.000000000000000    0.000000000000000
pname:riv_inst:5_ptype:gr_usecol:3_pstyle:m_idx0:haillan1                      0.03338492590210776    1.000000000000000    0.000000000000000
pname:riv_inst:5_ptype:gr_usecol:3_pstyle:m_idx0:moulinat_aval                      1.169772124225752    1.000000000000000    0.000000000000000
pname:cond_inst:6_ptype:gr_usecol:3_pstyle:m_idx0:bar                      5.159843728470009    1.000000000000000    0.000000000000000
pname:cond_inst:6_ptype:gr_usecol:3_pstyle:m_idx0:gal                      0.7763690520375603    1.000000000000000    0.000000000000000
pname:riv_inst:6_ptype:gr_usecol:3_pstyle:m_idx0:jpt_seuil_aval                      1.160222989694709    1.000000000000000    0.000000000000000
pname:riv_inst:6_ptype:gr_usecol:3_pstyle:m_idx0:noir_amont                      0.9869760530958092    1.000000000000000    0.000000000000000
pname:riv_inst:6_ptype:gr_usecol:3_pstyle:m_idx0:thil_amont                      0.1571910025499200    1.000000000000000    0.000000000000000
pname:riv_inst:6_ptype:gr_usecol:3_pstyle:m_idx0:haillan4                      0.8348044457315843    1.000000000000000    0.000000000000000
pname:riv_inst:6_ptype:gr_usecol:3_pstyle:m_idx0:noir_aval                      1.014283489838536    1.000000000000000    0.000000000000000
pname:riv_inst:6_ptype:gr_usecol:3_pstyle:m_idx0:majolan                      1.046162304311143    1.000000000000000    0.000000000000000
pname:riv_inst:6_ptype:gr_usecol:3_pstyle:m_idx0:gajac                      0.7121767666698392    1.000000000000000    0.000000000000000
pname:riv_inst:6_ptype:gr_usecol:3_pstyle:m_idx0:haillan2                      0.3917459565189157    1.000000000000000    0.000000000000000
pname:riv_inst:6_ptype:gr_usecol:3_pstyle:m_idx0:bussaguet_aval                      1.042218968383329    1.000000000000000    0.000000000000000
pname:riv_inst:6_ptype:gr_usecol:3_pstyle:m_idx0:jpt_ecl_amont                      0.9896334315133291    1.000000000000000    0.000000000000000
pname:riv_inst:6_ptype:gr_usecol:3_pstyle:m_idx0:moulinat_amont                      1.744336760223561    1.000000000000000    0.000000000000000
pname:riv_inst:6_ptype:gr_usecol:3_pstyle:m_idx0:haillan3                      0.1868636010338306    1.000000000000000    0.000000000000000
pname:riv_inst:6_ptype:gr_usecol:3_pstyle:m_idx0:blanc_amont                      0.9862076268069306    1.000000000000000    0.000000000000000
pname:riv_inst:6_ptype:gr_usecol:3_pstyle:m_idx0:bussaguet_amont                      0.8935654257042908    1.000000000000000    0.000000000000000
pname:riv_inst:6_ptype:gr_usecol:3_pstyle:m_idx0:haillan5                      0.7700418528923170    1.000000000000000    0.000000000000000
pname:riv_inst:6_ptype:gr_usecol:3_pstyle:m_idx0:jpt_ecl_aval                      0.9893724611056640    1.000000000000000    0.000000000000000
pname:riv_inst:6_ptype:gr_usecol:3_pstyle:m_idx0:thil_aval                      5.228113703714429    1.000000000000000    0.000000000000000
pname:riv_inst:6_ptype:gr_usecol:3_pstyle:m_idx0:haillan1                      0.03338492590210776    1.000000000000000    0.000000000000000
pname:riv_inst:6_ptype:gr_usecol:3_pstyle:m_idx0:moulinat_aval                      1.169772124225752    1.000000000000000    0.000000000000000
pname:cond_inst:7_ptype:gr_usecol:3_pstyle:m_idx0:bar                      1.813541930521559    1.000000000000000    0.000000000000000
pname:cond_inst:7_ptype:gr_usecol:3_pstyle:m_idx0:gal                      0.09772392611067440    1.000000000000000    0.000000000000000
pname:riv_inst:7_ptype:gr_usecol:3_pstyle:m_idx0:jpt_seuil_aval                      1.160222989694709    1.000000000000000    0.000000000000000
pname:riv_inst:7_ptype:gr_usecol:3_pstyle:m_idx0:noir_amont                      0.9869760530958092    1.000000000000000    0.000000000000000
pname:riv_inst:7_ptype:gr_usecol:3_pstyle:m_idx0:thil_amont                      0.1571910025499200    1.000000000000000    0.000000000000000
pname:riv_inst:7_ptype:gr_usecol:3_pstyle:m_idx0:haillan4                      0.8348044457315843    1.000000000000000    0.000000000000000
pname:riv_inst:7_ptype:gr_usecol:3_pstyle:m_idx0:noir_aval                      1.014283489838536    1.000000000000000    0.000000000000000
pname:riv_inst:7_ptype:gr_usecol:3_pstyle:m_idx0:majolan                      1.046162304311143    1.000000000000000    0.000000000000000
pname:riv_inst:7_ptype:gr_usecol:3_pstyle:m_idx0:gajac                      0.7121767666698392    1.000000000000000    0.000000000000000
pname:riv_inst:7_ptype:gr_usecol:3_pstyle:m_idx0:haillan2                      0.3917459565189157    1.000000000000000    0.000000000000000
pname:riv_inst:7_ptype:gr_usecol:3_pstyle:m_idx0:bussaguet_aval                      1.042218968383329    1.000000000000000    0.000000000000000
pname:riv_inst:7_ptype:gr_usecol:3_pstyle:m_idx0:jpt_ecl_amont                      0.9896334315133291    1.000000000000000    0.000000000000000
pname:riv_inst:7_ptype:gr_usecol:3_pstyle:m_idx0:moulinat_amont                      1.744336760223561    1.000000000000000    0.000000000000000
pname:riv_inst:7_ptype:gr_usecol:3_pstyle:m_idx0:haillan3                      0.1868636010338306    1.000000000000000    0.000000000000000
pname:riv_inst:7_ptype:gr_usecol:3_pstyle:m_idx0:blanc_amont                      0.9862076268069306    1.000000000000000    0.000000000000000
pname:riv_inst:7_ptype:gr_usecol:3_pstyle:m_idx0:bussaguet_amont                      0.8935654257042908    1.000000000000000    0.000000000000000
pname:riv_inst:7_ptype:gr_usecol:3_pstyle:m_idx0:haillan5                      0.7700418528923170    1.000000000000000    0.000000000000000
pname:riv_inst:7_ptype:gr_usecol:3_pstyle:m_idx0:jpt_ecl_aval                      0.9893724611056640    1.000000000000000    0.000000000000000
pname:riv_inst:7_ptype:gr_usecol:3_pstyle:m_idx0:thil_aval                      5.228113703714429    1.000000000000000    0.000000000000000
pname:riv_inst:7_ptype:gr_usecol:3_pstyle:m_idx0:haillan1                      0.03338492590210776    1.000000000000000    0.000000000000000
pname:riv_inst:7_ptype:gr_usecol:3_pstyle:m_idx0:moulinat_aval                      1.169772124225752    1.000000000000000    0.000000000000000
pname:cond_inst:8_ptype:gr_usecol:3_pstyle:m_idx0:bar                      4.976526868737669    1.000000000000000    0.000000000000000
pname:cond_inst:8_ptype:gr_usecol:3_pstyle:m_idx0:gal                      0.2397169314703872    1.000000000000000    0.000000000000000
pname:riv_inst:8_ptype:gr_usecol:3_pstyle:m_idx0:jpt_seuil_aval                      1.160222989694709    1.000000000000000    0.000000000000000
pname:riv_inst:8_ptype:gr_usecol:3_pstyle:m_idx0:noir_amont                      0.9869760530958092    1.000000000000000    0.000000000000000
pname:riv_inst:8_ptype:gr_usecol:3_pstyle:m_idx0:thil_amont                      0.1571910025499200    1.000000000000000    0.000000000000000
pname:riv_inst:8_ptype:gr_usecol:3_pstyle:m_idx0:haillan4                      0.8348044457315843    1.000000000000000    0.000000000000000
pname:riv_inst:8_ptype:gr_usecol:3_pstyle:m_idx0:noir_aval                      1.014283489838536    1.000000000000000    0.000000000000000
pname:riv_inst:8_ptype:gr_usecol:3_pstyle:m_idx0:majolan                      1.046162304311143    1.000000000000000    0.000000000000000
pname:riv_inst:8_ptype:gr_usecol:3_pstyle:m_idx0:gajac                      0.7121767666698392    1.000000000000000    0.000000000000000
pname:riv_inst:8_ptype:gr_usecol:3_pstyle:m_idx0:haillan2                      0.3917459565189157    1.000000000000000    0.000000000000000
pname:riv_inst:8_ptype:gr_usecol:3_pstyle:m_idx0:bussaguet_aval                      1.042218968383329    1.000000000000000    0.000000000000000
pname:riv_inst:8_ptype:gr_usecol:3_pstyle:m_idx0:jpt_ecl_amont                      0.9896334315133291    1.000000000000000    0.000000000000000
pname:riv_inst:8_ptype:gr_usecol:3_pstyle:m_idx0:moulinat_amont                      1.744336760223561    1.000000000000000    0.000000000000000
pname:riv_inst:8_ptype:gr_usecol:3_pstyle:m_idx0:haillan3                      0.1868636010338306    1.000000000000000    0.000000000000000
pname:riv_inst:8_ptype:gr_usecol:3_pstyle:m_idx0:blanc_amont                      0.9862076268069306    1.000000000000000    0.000000000000000
pname:riv_inst:8_ptype:gr_usecol:3_pstyle:m_idx0:bussaguet_amont                      0.8935654257042908    1.000000000000000    0.000000000000000
pname:riv_inst:8_ptype:gr_usecol:3_pstyle:m_idx0:haillan5                      0.7700418528923170    1.000000000000000    0.000000000000000
pname:riv_inst:8_ptype:gr_usecol:3_pstyle:m_idx0:jpt_ecl_aval                      0.9893724611056640    1.000000000000000    0.000000000000000
pname:riv_inst:8_ptype:gr_usecol:3_pstyle:m_idx0:thil_aval                      5.228113703714429    1.000000000000000    0.000000000000000
pname:riv_inst:8_ptype:gr_usecol:3_pstyle:m_idx0:haillan1                      0.03338492590210776    1.000000000000000    0.000000000000000
pname:riv_inst:8_ptype:gr_usecol:3_pstyle:m_idx0:moulinat_aval                      1.169772124225752    1.000000000000000    0.000000000000000
pname:cond_inst:9_ptype:gr_usecol:3_pstyle:m_idx0:bar                      7.204021095425015    1.000000000000000    0.000000000000000
pname:cond_inst:9_ptype:gr_usecol:3_pstyle:m_idx0:gal                      0.5661692976850146    1.000000000000000    0.000000000000000
pname:riv_inst:9_ptype:gr_usecol:3_pstyle:m_idx0:jpt_seuil_aval                      1.160222989694709    1.000000000000000    0.000000000000000
pname:riv_inst:9_ptype:gr_usecol:3_pstyle:m_idx0:noir_amont                      0.9869760530958092    1.000000000000000    0.000000000000000
pname:riv_inst:9_ptype:gr_usecol:3_pstyle:m_idx0:thil_amont                      0.1571910025499200    1.000000000000000    0.000000000000000
pname:riv_inst:9_ptype:gr_usecol:3_pstyle:m_idx0:haillan4                      0.8348044457315843    1.000000000000000    0.000000000000000
pname:riv_inst:9_ptype:gr_usecol:3_pstyle:m_idx0:noir_aval                      1.014283489838536    1.000000000000000    0.000000000000000
pname:riv_inst:9_ptype:gr_usecol:3_pstyle:m_idx0:majolan                      1.046162304311143    1.000000000000000    0.000000000000000
pname:riv_inst:9_ptype:gr_usecol:3_pstyle:m_idx0:gajac                      0.7121767666698392    1.000000000000000    0.000000000000000
pname:riv_inst:9_ptype:gr_usecol:3_pstyle:m_idx0:haillan2                      0.3917459565189157    1.000000000000000    0.000000000000000
pname:riv_inst:9_ptype:gr_usecol:3_pstyle:m_idx0:bussaguet_aval                      1.042218968383329    1.000000000000000    0.000000000000000
pname:riv_inst:9_ptype:gr_usecol:3_pstyle:m_idx0:jpt_ecl_amont                      0.9896334315133291    1.000000000000000    0.000000000000000
pname:riv_inst:9_ptype:gr_usecol:3_pstyle:m_idx0:moulinat_amont                      1.744336760223561    1.000000000000000    0.000000000000000
pname:riv_inst:9_ptype:gr_usecol:3_pstyle:m_idx0:haillan3                      0.1868636010338306    1.000000000000000    0.000000000000000
pname:riv_inst:9_ptype:gr_usecol:3_pstyle:m_idx0:blanc_amont                      0.9862076268069306    1.000000000000000    0.000000000000000
pname:riv_inst:9_ptype:gr_usecol:3_pstyle:m_idx0:bussaguet_amont                      0.8935654257042908    1.000000000000000    0.000000000000000
pname:riv_inst:9_ptype:gr_usecol:3_pstyle:m_idx0:haillan5                      0.7700418528923170    1.000000000000000    0.000000000000000
pname:riv_inst:9_ptype:gr_usecol:3_pstyle:m_idx0:jpt_ecl_aval                      0.9893724611056640    1.000000000000000    0.000000000000000
pname:riv_inst:9_ptype:gr_usecol:3_pstyle:m_idx0:thil_aval                      5.228113703714429    1.000000000000000    0.000000000000000
pname:riv_inst:9_ptype:gr_usecol:3_pstyle:m_idx0:haillan1                      0.03338492590210776    1.000000000000000    0.000000000000000
pname:riv_inst:9_ptype:gr_usecol:3_pstyle:m_idx0:moulinat_aval                      1.169772124225752    1.000000000000000    0.000000000000000
